Child787443: 787 217 45 21 10 4 1 
Child606839: 606 125 46 21 10 4 1 
Child574223: 574 120 49 21 10 4 1 
Child365934: 365 97 45 21 10 4 1 
Child365223: 365 97 45 21 10 4 1 
Random47-70: 300 76 25 14 4 1 
Child436659: 436 119 58 23 13 4 1 
Child682626: 682 153 53 32 13 4 1 
Child993733: 993 394 120 59 17 10 4 1 
Child759319: 759 178 75 29 9 4 1 
Random102-89: 237 74 25 14 4 1 
Child720302: 720 145 55 23 10 4 1 
Child331414: 331 109 41 19 10 4 1 
Child746292: 746 184 52 29 9 4 1 
Child582786: 582 143 60 29 14 4 1 
Child331631: 331 109 41 19 10 4 1 
Child853278: 853 211 72 27 10 4 1 
Random185-88: 960 249 86 32 13 4 1 
Child666941: 666 171 49 21 10 4 1 
Child425292: 425 90 47 23 13 4 1 
Random220-82: 405 103 62 24 9 4 1 
Random224-80: 304 85 27 14 4 1 
Child371304: 371 84 25 14 4 1 
Child292797: 292 79 25 14 4 1 
