367|Child|1: 8029 1656 802 263 124 49 21 10 4 1 
2013|Child|1: 8703 1812 672 345 119 62 24 9 4 1 
2176|Child|1: 10254 2449 1190 523 208 109 55 24 9 4 1 
2192|Child|1: 10649 2709 989 523 189 92 32 13 4 1 
2326|Child|1: 8091 2190 614 324 129 77 29 9 4 1 
2361|Child|1: 8498 1809 798 263 126 57 26 8 3 1 
2616|Child|1: 10983 2423 792 336 119 61 23 10 4 1 
2969|Child|8: 5645 1457 612 241 136 57 27 14 4 1 
3133|Child|2: 3849 1688 640 239 109 57 23 10 4 1 
5115|Child|1: 4958 1549 728 259 113 61 23 10 3 1 
