22|Child_Avg|15: 2023 657 283 118 57 23 10 4 1 
132|Child_ABC2|53|Mutated: 2023 756 283 118 57 23 10 4 1 
183|Survivor|1|Mutated: 2023 642 283 118 57 23 10 4 1 
185|Child_ABC1|4: 2023 636 283 118 57 23 10 4 1 
189|Child_ABC2|53: 2023 638 283 118 57 23 10 4 1 
191|Child_Avg|51: 2023 640 283 118 57 23 10 4 1 
279|Child_Cross21|38|Mutated: 2022 640 283 118 57 23 10 4 1 
405|Child_Cross21|14|Mutated: 2070 640 283 118 57 23 10 4 1 
408|Child_Avg|51: 2046 640 283 118 57 23 10 4 1 
429|Child_Cross12|13|Mutated: 2023 640 272 118 57 23 10 4 1 
941|Child_ABC2|5|Mutated: 2023 758 283 118 57 23 10 4 1 
942|Child_Avg|51: 2023 699 283 118 57 23 10 4 1 
1102|Child_Cross21|26|Mutated: 2023 714 283 118 57 23 10 4 1 
1116|Child_Cross12|1|Mutated: 1928 715 283 118 57 23 10 4 1 
1290|Child_Avg|51|Mutated: 2023 628 283 118 57 23 10 4 1 
1293|Child_ABC1|28: 2023 649 283 118 57 23 10 4 1 
1436|Child_ABC1|52: 2053 640 283 118 57 23 10 4 1 
1460|Child_Cross12|1|Mutated: 2067 640 283 118 57 23 10 4 1 
1673|Child_Cross12|37|Mutated: 2023 675 283 118 57 23 10 4 1 
2069|Child_Cross12|13|Mutated: 2023 640 283 139 57 23 10 4 1 
2159|Child_ABC2|41|Mutated: 2043 640 283 118 57 23 10 4 1 
2163|Child_ABC2|5: 2057 640 283 118 57 23 10 4 1 
2164|Child_Avg|51: 2040 640 283 118 57 23 10 4 1 
2167|Child_Cross12|1: 2033 640 283 118 57 23 10 4 1 
2222|Child_Cross12|25|Mutated: 2033 659 283 118 57 23 10 4 1 
2232|Child_Cross21|38|Mutated: 1973 640 283 118 57 23 10 4 1 
2591|Child_ABC2|17|Mutated: 2074 640 283 118 57 23 10 4 1 
2791|Child_Cross12|37|Mutated: 2033 640 272 118 57 23 10 4 1 
2984|Child_ABC2|53|Mutated: 2003 640 283 118 57 23 10 4 1 
2988|Child_ABC2|17: 2013 640 283 118 57 23 10 4 1 
2990|Child_ABC1|52: 2006 640 283 118 57 23 10 4 1 
2992|Child_Cross12|13: 2050 640 283 118 57 23 10 4 1 
2994|Child_ABC2|29: 2016 640 283 118 57 23 10 4 1 
2995|Child_Cross12|49: 2036 640 283 118 57 23 10 4 1 
3280|Child_Avg|51: 2151 640 283 118 57 23 10 4 1 
3551|Child_ABC2|5|Mutated: 2033 716 283 118 57 23 10 4 1 
3673|Child_Cross12|1|Mutated: 2033 640 283 139 57 23 10 4 1 
4124|Survivor|1: 2033 742 283 118 57 23 10 4 1 
4259|Child_ABC2|41: 2090 640 283 118 57 23 10 4 1 
4446|Child_ABC1|16|Mutated: 2006 640 287 118 57 23 10 4 1 
4512|Child_Cross12|37|Mutated: 2033 664 264 118 57 23 10 4 1 
4691|Survivor|1: 1996 640 283 118 57 23 10 4 1 
4695|Child_ABC2|5: 2037 640 283 118 57 23 10 4 1 
4697|Child_ABC1|52: 2026 640 283 118 57 23 10 4 1 
5058|Child_Cross12|13|Mutated: 2026 687 283 118 57 23 10 4 1 
5174|Child_Cross12|37|Mutated: 2054 640 283 118 57 23 10 4 1 
5175|Child_ABC1|16: 2019 640 283 118 57 23 10 4 1 
5226|Child_ABC1|4|Mutated: 2026 640 272 118 57 23 10 4 1 
5411|Child_ABC1|40|Mutated: 2026 720 283 118 57 23 10 4 1 
5445|Child_ABC2|29|Mutated: 1784 640 283 118 57 23 10 4 1 
5521|Child_ABC1|28|Mutated: 1949 640 283 118 57 23 10 4 1 
5608|Child_Cross21|38|Mutated: 2026 750 283 118 57 23 10 4 1 
5702|Child_ABC2|17|Mutated: 2030 640 283 118 57 23 10 4 1 
6310|Child_Cross21|50|Mutated: 2026 602 283 118 57 23 10 4 1 
6411|Child_ABC1|52|Mutated: 2043 640 268 118 57 23 10 4 1 
6768|Child_ABC2|29|Mutated: 2045 640 283 118 57 23 10 4 1 
6865|Child_Cross12|1|Mutated: 2026 647 283 129 57 23 10 4 1 
7182|Child_Cross21|2|Mutated: 2026 685 283 118 57 23 10 4 1 
7413|Child_Avg|15: 2026 703 283 118 57 23 10 4 1 
7530|Child_ABC1|40|Mutated: 2026 744 283 118 57 23 10 4 1 
8285|Child_ABC2|41|Mutated: 2026 640 283 122 57 23 10 4 1 
8521|Child_Cross21|26|Mutated: 2026 700 283 118 57 23 10 4 1 
8522|Child_ABC1|28: 2026 626 283 118 57 23 10 4 1 
8565|Child_ABC2|41|Mutated: 2252 640 283 118 57 23 10 4 1 
8719|Child_ABC1|28|Mutated: 2249 640 283 118 57 23 10 4 1 
9136|Child_Cross21|26|Mutated: 2188 640 283 118 57 23 10 4 1 
9575|Child_Cross21|26|Mutated: 2026 646 283 118 57 23 10 4 1 
10426|Child_Avg|15|Mutated: 2026 767 283 118 57 23 10 4 1 
10751|Child_ABC2|53|Mutated: 1972 726 283 118 57 23 10 4 1 
10969|Child_ABC1|28: 2080 640 283 118 57 23 10 4 1 
11044|Child_ABC2|41|Mutated: 2181 640 283 118 57 23 10 4 1 
11230|Survivor|1: 2056 640 283 118 57 23 10 4 1 
11393|Child_Cross21|26|Mutated: 2137 640 283 118 57 23 10 4 1 
11394|Child_ABC1|4: 2130 640 283 118 57 23 10 4 1 
11472|Child_Cross12|37|Mutated: 2048 640 283 118 57 23 10 4 1 
11961|Child_ABC2|29: 2078 640 283 118 57 23 10 4 1 
11962|Child_ABC1|52: 2020 640 283 118 57 23 10 4 1 
11974|Child_Cross21|14|Mutated: 2083 640 283 118 57 23 10 4 1 
12323|Child_Cross12|25|Mutated: 2026 640 287 118 57 23 10 4 1 
12344|Child_ABC2|53|Mutated: 2026 653 283 118 57 23 10 4 1 
12345|Child_ABC2|5: 2026 650 283 118 57 23 10 4 1 
12675|Child_ABC2|5|Mutated: 2144 640 283 118 57 23 10 4 1 
13412|Survivor|1|Mutated: 2117 640 283 118 57 23 10 4 1 
13462|Child_Cross21|2|Mutated: 2046 640 302 118 57 23 10 4 1 
13663|Child_ABC2|29: 2046 642 283 118 57 23 10 4 1 
13788|Survivor|1: 2046 734 283 118 57 23 10 4 1 
13919|Child_ABC2|53|Mutated: 2046 709 283 118 57 23 10 4 1 
13972|Child_ABC2|17|Mutated: 2046 746 283 118 57 23 10 4 1 
14030|Child_Cross12|25|Mutated: 2161 640 283 118 57 23 10 4 1 
14255|Child_Avg|3|Mutated: 2221 640 283 118 57 23 10 4 1 
14256|Child_ABC1|52: 2094 640 283 118 57 23 10 4 1 
14381|Child_Cross21|2: 2002 640 283 118 57 23 10 4 1 
14866|Child_ABC2|53|Mutated: 1990 640 283 118 57 23 10 4 1 
14867|Child_ABC1|4: 1999 640 283 118 57 23 10 4 1 
14868|Child_ABC2|17: 2010 640 283 118 57 23 10 4 1 
14869|Child_ABC2|5: 2060 640 283 118 57 23 10 4 1 
14873|Child_Avg|39: 2039 640 283 118 57 23 10 4 1 
15416|Child_ABC2|17|Mutated: 2060 642 283 118 57 23 10 4 1 
15483|Child_ABC2|53|Mutated: 1945 640 283 118 57 23 10 4 1 
15630|Child_Cross21|50|Mutated: 2060 705 331 132 57 23 10 4 1 
16343|Child_ABC1|52|Mutated: 1948 640 283 118 57 23 10 4 1 
16345|Child_ABC1|28: 1983 640 283 118 57 23 10 4 1 
16865|Child_Cross12|49: 2073 640 283 118 57 23 10 4 1 
