2|Child_Cross|37: 867 197 66 27 10 4 1 
22|Child_Cross|37: 461 131 51 23 10 4 1 
23|Child_Cross|1: 399 113 47 23 10 4 1 
32|Survivor|1: 350 120 47 24 9 4 1 
52|Child_Cross|2: 220 71 28 11 4 1 
58|Survivor|1: 370 124 47 23 10 4 1 
65|Child_Cross|49: 184 61 24 9 4 1 
67|Child_Cross|6: 407 127 53 24 9 4 1 
74|Survivor|1: 475 153 55 23 10 4 1 
76|Child_Cross|37: 486 133 48 23 10 4 1 
82|Child_Avg|23: 390 114 55 24 9 4 1 
91|Survivor|1: 630 143 55 32 13 4 1 
95|Child_Cross|37: 393 130 48 25 10 4 1 
104|Survivor|1|Mutated: 386 108 49 21 10 4 1 
111|Child_Levy|8: 415 137 49 24 9 4 1 
147|Survivor|1: 413 124 53 28 11 4 1 
181|Survivor|1: 407 110 49 23 8 3 1 
193|Survivor|1|Mutated: 407 105 49 22 8 3 1 
204|Survivor|1: 229 64 29 9 4 1 
210|Child_Avg|35: 415 129 52 23 7 3 1 
211|Child_Cross|50: 415 129 52 24 9 4 1 
213|Survivor|1|Mutated: 356 129 58 25 9 4 1 
222|Random|28: 583 132 46 24 9 4 1 
225|Child_Cross|46: 732 155 42 19 10 4 1 
239|Survivor|1: 230 94 41 19 10 4 1 
244|Survivor|1: 232 75 35 11 5 1 
257|Survivor|1: 446 119 49 27 10 4 1 
261|Random|29: 856 244 77 24 9 4 1 
262|Child_Cross|2: 446 119 49 24 9 4 1 
266|Child_Avg|3|Mutated: 678 148 58 24 9 4 1 
274|Child_Avg|55|Mutated: 267 82 27 10 4 1 
284|Child_Cross|13: 570 150 55 27 10 4 1 
285|Child_Avg|11: 360 105 48 23 10 4 1 
303|Child_Cross|13: 853 194 53 24 9 4 1 
316|Child_Levy|16: 633 180 57 23 10 4 1 
364|Survivor|1|Mutated: 633 162 57 23 10 4 1 
372|Survivor|1|Mutated: 681 162 57 23 10 4 1 
389|Child_Cross|26: 219 77 23 10 4 1 
407|Child_Cross|18: 414 136 47 23 10 4 1 
414|Child_Cross|10: 675 137 54 23 10 4 1 
450|Survivor|1: 675 137 44 23 10 4 1 
457|Survivor|1: 933 191 78 23 13 4 1 
464|Child_Cross|58|Mutated: 848 172 55 29 10 4 1 
468|Child_Avg|31: 417 158 58 24 9 4 1 
479|Child_Avg|63: 328 131 48 29 9 4 1 
496|Child_Avg|27: 458 117 45 23 10 4 1 
499|Survivor|1: 194 77 23 10 4 1 
501|Child_Avg|23: 369 134 55 29 10 4 1 
507|Survivor|1: 359 149 55 23 10 4 1 
509|Survivor|1: 722 165 57 29 9 4 1 
527|Survivor|1: 347 127 54 23 10 4 1 
539|Child_Cross|5: 761 203 61 29 10 4 1 
545|Survivor|1: 203 77 24 11 5 1 
570|Survivor|1: 195 67 24 9 4 1 
575|Child_Cross|42: 410 113 45 19 10 4 1 
576|Child_Cross|34: 410 113 45 20 9 4 1 
591|Child_Cross|50: 403 123 43 24 9 4 1 
597|Child_Avg|31: 305 103 47 23 10 4 1 
598|Child_Cross|6: 289 99 45 21 10 4 1 
607|Survivor|1: 387 151 39 21 10 4 1 
633|Child_Avg|31: 439 119 51 23 10 4 1 
640|Child_Avg|55: 417 107 46 20 9 4 1 
657|Survivor|1: 447 140 49 24 11 4 1 
659|Survivor|1: 287 96 44 23 10 4 1 
670|Child_Avg|35: 595 149 71 25 10 4 1 
674|Child_Cross|5: 219 71 28 11 4 1 
676|Child_Cross|1: 784 188 58 23 10 4 1 
696|Child_Avg|3: 187 72 27 10 4 1 
706|Child_Cross|37: 774 165 53 24 9 4 1 
713|Child_Cross|34: 361 133 49 24 9 4 1 
714|Child_Avg|15: 317 114 53 24 9 4 1 
758|Child_Cross|38: 790 337 77 27 14 4 1 
768|Child_Cross|26: 767 189 62 27 10 4 1 
774|Child_Levy|20: 381 133 55 24 9 4 1 
793|Survivor|1: 377 130 46 20 9 4 1 
825|Survivor|1: 421 105 43 20 9 4 1 
828|Child_Cross|18: 313 115 44 19 10 4 1 
832|Child_Cross|10: 960 395 102 39 20 9 4 1 
834|Child_Levy|56: 437 170 49 21 10 4 1 
856|Survivor|1: 423 170 48 21 10 4 1 
864|Child_Cross|9: 291 109 38 21 10 4 1 
871|Survivor|1: 279 86 27 10 4 1 
895|Survivor|1: 954 649 134 69 35 11 4 1 
909|Child_Avg|55: 324 119 46 24 9 4 1 
923|Child_Cross|38|Mutated: 307 108 47 23 10 4 1 
926|Survivor|1|Mutated: 355 108 47 23 10 4 1 
942|Survivor|1|Mutated: 873 190 72 25 10 4 1 
949|Survivor|1: 190 71 28 11 4 1 
955|Child_Cross|37: 637 148 48 27 10 4 1 
967|Random|34: 780 171 79 28 13 4 1 
972|Survivor|1: 367 109 51 23 10 4 1 
985|Child_Avg|59: 382 114 44 23 10 4 1 
997|Survivor|1: 405 124 46 21 10 4 1 
1007|Child_Cross|38: 387 106 46 19 10 4 1 
1015|Survivor|1: 387 106 46 27 10 4 1 
1029|Random|35: 655 178 63 20 9 4 1 
1036|Child_Cross|14: 876 268 71 28 11 4 1 
1038|Survivor|1: 235 84 29 10 4 1 
1060|Child_Cross|34: 412 131 45 23 10 4 1 
1067|Child_Cross|49: 692 210 56 25 9 4 1 
1075|Child_Avg|43: 448 131 47 25 9 4 1 
1091|Random|7: 939 205 77 28 13 4 1 
1099|Survivor|1: 845 192 65 30 9 4 1 
1103|Child_Levy|44: 399 139 59 27 10 4 1 
1124|Child_Avg|55: 669 154 59 31 10 4 1 
1143|Survivor|1: 210 61 24 9 4 1 
1146|Child_Cross|17: 180 59 24 9 4 1 
1150|Survivor|1: 431 112 47 25 9 4 1 
1170|Survivor|1: 295 101 54 25 10 4 1 
1171|Child_Cross|61: 349 134 47 25 9 4 1 
1174|Child_Cross|33: 350 135 49 28 11 4 1 
1178|Child_Cross|18: 367 106 45 21 10 4 1 
1187|Child_Avg|63: 406 154 43 24 9 4 1 
1191|Child_Cross|37: 418 151 49 24 9 4 1 
1200|Child_Cross|25: 418 127 49 24 9 4 1 
1216|Child_Avg|47: 380 105 44 24 9 4 1 
1224|Child_Cross|25: 598 183 62 29 10 4 1 
1229|Survivor|1|Mutated: 598 146 62 29 10 4 1 
1254|Child_Cross|62: 179 66 21 10 4 1 
1256|Random|16: 930 579 168 50 24 9 4 1 
1263|Child_Cross|54: 426 96 49 21 10 4 1 
1279|Child_Avg|39: 219 82 32 13 4 1 
1281|Survivor|1|Mutated: 255 94 32 13 4 1 
1283|Child_Levy|52: 454 139 52 24 9 4 1 
1301|Survivor|1|Mutated: 348 114 49 24 9 4 1 
1305|Child_Avg|59: 207 65 28 11 4 1 
1345|Child_Avg|27: 298 92 32 13 4 1 
1351|Survivor|1: 266 92 32 13 4 1 
1369|Survivor|1: 388 146 60 21 10 4 1 
1398|Survivor|1: 389 122 45 21 10 4 1 
1402|Child_Cross|49: 823 245 105 46 20 9 4 1 
1431|Survivor|1: 296 119 46 24 9 4 1 
1437|Child_Cross|37: 609 175 51 28 13 4 1 
1440|Survivor|1: 596 186 57 20 9 4 1 
1461|Survivor|1: 370 121 46 19 7 3 1 
1465|Child_Levy|60: 358 138 54 19 10 4 1 
1490|Child_Cross|53: 771 161 44 23 10 4 1 
1501|Survivor|1: 729 161 44 23 10 4 1 
1505|Child_Cross|25: 184 71 24 11 4 1 
1510|Survivor|1: 172 61 23 10 4 1 
1511|Child_Cross|37: 184 71 24 9 4 1 
1516|Child_Cross|61|Mutated: 852 197 71 24 11 5 1 
1527|Survivor|1: 192 67 23 10 4 1 
1554|Child_Levy|24: 435 171 50 24 9 4 1 
1575|Child_Avg|55: 218 69 27 10 4 1 
1589|Child_Cross|14: 207 71 24 11 5 1 
1609|Survivor|1: 529 122 47 21 10 4 1 
1620|Survivor|1: 207 67 24 9 4 1 
1621|Child_Avg|15: 360 146 49 21 10 4 1 
1650|Survivor|1: 688 167 58 25 10 4 1 
1658|Survivor|1: 370 110 49 24 9 4 1 
1673|Child_Cross|46: 786 161 76 28 11 4 1 
1674|Child_Avg|3: 225 65 24 9 4 1 
1688|Survivor|1: 650 167 53 28 9 4 1 
1721|Child_Levy|20: 177 73 27 10 4 1 
1738|Child_Avg|19: 393 116 64 25 10 4 1 
1752|Survivor|1: 649 135 48 25 10 4 1 
1757|Child_Cross|2: 592 159 58 27 10 4 1 
1765|Child_Avg|59: 602 179 64 28 11 4 1 
1771|Child_Cross|61: 656 158 61 29 14 4 1 
1777|Survivor|1: 647 158 69 29 14 4 1 
1791|Child_Cross|29: 231 67 21 10 4 1 
1801|Child_Avg|11: 422 109 55 23 10 4 1 
1809|Child_Cross|62: 997 301 114 51 23 10 4 1 
1833|Survivor|1: 304 94 39 21 10 4 1 
1838|Child_Levy|28|Mutated: 715 172 52 33 9 4 1 
1845|Child_Avg|39: 275 111 49 24 9 4 1 
1857|Child_Avg|15: 722 165 93 27 10 4 1 
1887|Survivor|1: 759 312 97 52 20 9 4 1 
1902|Survivor|1: 398 99 43 20 9 4 1 
1909|Child_Cross|17: 805 175 82 29 14 4 1 
1910|Child_Cross|62: 609 159 56 25 9 4 1 
1911|Child_Avg|35: 619 131 53 24 11 4 1 
1943|Child_Cross|34: 796 205 84 29 10 4 1 
1960|Survivor|1: 227 66 21 10 4 1 
1963|Child_Avg|15: 226 67 24 9 4 1 
1970|Child_Levy|60: 413 155 49 21 10 4 1 
1971|Child_Cross|26: 226 67 24 11 4 1 
1982|Survivor|1: 371 149 47 24 9 4 1 
2000|Survivor|1: 290 119 41 20 9 4 1 
2020|Survivor|1: 232 69 31 10 4 1 
2053|Survivor|1: 220 74 29 10 4 1 
2081|Child_Cross|41: 173 67 23 10 4 1 
2089|Random|20: 904 188 60 27 10 4 1 
2092|Child_Levy|24: 667 161 88 24 11 5 1 
2100|Child_Levy|32: 844 156 56 27 10 4 1 
2106|Child_Cross|41: 844 156 56 21 10 4 1 
2143|Survivor|1: 318 113 58 23 10 4 1 
2153|Survivor|1: 465 109 59 27 10 4 1 
2175|Child_Avg|23: 384 117 47 25 9 4 1 
2190|Child_Cross|30: 689 175 58 24 9 4 1 
2197|Child_Cross|1: 286 107 41 20 9 4 1 
2204|Child_Avg|55: 725 160 53 22 8 3 1 
2210|Survivor|1: 207 64 29 9 4 1 
2213|Survivor|1: 746 172 55 25 8 3 1 
2217|Child_Cross|42: 278 81 32 13 4 1 
2255|Child_Cross|57: 218 60 28 11 4 1 
2269|Child_Levy|44: 751 162 56 24 9 4 1 
2307|Child_Cross|41|Mutated: 664 196 57 23 13 4 1 
2312|Child_Cross|6: 402 113 47 21 10 4 1 
2363|Survivor|1: 521 147 47 24 9 4 1 
2384|Child_Avg|31: 403 121 46 24 9 4 1 
2405|Child_Avg|19: 374 114 47 24 9 4 1 
2432|Survivor|1: 461 128 47 25 9 4 1 
2434|Child_Cross|13: 461 128 47 24 9 4 1 
2437|Child_Cross|26|Mutated: 397 124 47 23 10 4 1 
2446|Child_Cross|53: 436 131 56 21 10 4 1 
2448|Survivor|1|Mutated: 219 70 24 9 4 1 
2450|Child_Cross|61: 333 124 53 24 9 4 1 
2451|Child_Cross|18: 399 106 51 19 10 4 1 
2466|Child_Cross|26: 183 67 23 10 4 1 
2467|Child_Cross|17: 377 147 55 24 9 4 1 
2480|Child_Cross|57|Mutated: 630 142 58 23 10 4 1 
2487|Child_Cross|9|Mutated: 411 142 50 24 9 4 1 
2500|Child_Cross|13: 436 141 49 24 9 4 1 
2503|Child_Cross|46: 409 123 47 24 9 4 1 
2513|Child_Levy|36: 781 224 59 24 9 4 1 
2527|Child_Levy|36: 223 79 27 10 4 1 
2532|Child_Levy|60: 578 186 77 23 10 4 1 
2562|Child_Levy|20: 459 152 61 24 9 4 1 
2570|Child_Levy|64: 393 141 59 24 9 4 1 
2581|Survivor|1: 325 119 44 24 9 4 1 
2582|Child_Avg|23: 188 67 24 9 4 1 
2597|Survivor|1: 910 339 127 67 24 9 4 1 
2601|Child_Cross|50|Mutated: 914 499 141 58 24 9 4 1 
2607|Survivor|1: 674 157 50 29 9 4 1 
2621|Child_Cross|17: 654 133 47 23 10 4 1 
2649|Child_Cross|58: 229 69 24 11 5 1 
2685|Child_Cross|34: 600 151 48 21 10 4 1 
2697|Survivor|1: 942 584 147 46 20 9 4 1 
2706|Child_Cross|22: 396 108 49 21 9 4 1 
2722|Child_Cross|2: 388 102 43 24 9 4 1 
2727|Child_Cross|14: 434 149 55 20 9 4 1 
2733|Child_Levy|64: 305 105 43 20 9 4 1 
2753|Child_Cross|30: 365 111 43 20 9 4 1 
2754|Child_Levy|28: 613 155 49 17 10 4 1 
2774|Survivor|1: 393 134 49 23 14 4 1 
2782|Child_Cross|17: 409 113 46 26 9 4 1 
2787|Child_Avg|55: 237 113 46 24 9 4 1 
2811|Child_Avg|47: 400 127 49 24 9 4 1 
2812|Child_Avg|55|Mutated: 220 65 24 9 4 1 
2816|Child_Avg|23: 389 122 53 25 9 4 1 
2822|Child_Cross|13: 389 122 53 24 9 4 1 
2843|Child_Cross|45: 710 186 68 23 10 4 1 
2853|Survivor|1: 710 207 68 21 10 4 1 
2858|Child_Cross|57: 594 148 63 25 9 4 1 
2873|Survivor|1: 291 100 48 23 10 4 1 
2882|Child_Levy|28: 385 121 70 23 10 4 1 
2884|Child_Avg|19: 512 135 57 23 10 4 1 
2892|Child_Cross|14: 404 122 45 23 10 4 1 
2902|Child_Cross|53: 894 714 152 55 23 10 4 1 
2904|Child_Levy|44: 215 61 23 10 4 1 
2907|Survivor|1: 186 69 28 11 4 1 
2910|Random|9: 590 132 53 24 9 4 1 
2918|Survivor|1|Mutated: 610 132 53 24 9 4 1 
2924|Survivor|1: 610 132 47 24 9 4 1 
2925|Child_Avg|23: 631 204 63 27 10 4 1 
2937|Child_Cross|50: 409 117 47 25 9 4 1 
2938|Child_Avg|31: 310 122 39 20 9 4 1 
2943|Child_Avg|59: 298 111 51 23 10 4 1 
2947|Child_Cross|45: 699 189 60 28 11 4 1 
2996|Survivor|1: 720 189 60 28 11 3 1 
3003|Survivor|1: 727 216 49 24 9 4 1 
3007|Child_Avg|39: 419 116 50 24 7 3 1 
3035|Child_Cross|18: 899 237 62 24 9 4 1 
3042|Survivor|1: 227 68 24 9 4 1 
3050|Child_Cross|46: 561 168 60 23 10 4 1 
3072|Survivor|1: 258 85 32 13 4 1 
3075|Child_Cross|34: 706 154 55 29 10 4 1 
3100|Child_Cross|5: 706 154 55 24 9 4 1 
3115|Random|5: 696 224 82 27 10 4 1 
3120|Child_Cross|10: 309 107 46 25 9 4 1 
3127|Survivor|1: 391 114 44 19 10 4 1 
3135|Survivor|1: 960 276 62 29 10 4 1 
3137|Survivor|1: 607 175 55 24 9 4 1 
3141|Child_Avg|7|Mutated: 638 147 48 23 10 4 1 
3149|Child_Avg|31: 622 207 65 27 10 4 1 
3168|Survivor|1: 278 102 45 20 9 4 1 
3180|Survivor|1: 313 98 41 20 9 4 1 
3195|Survivor|1: 302 113 39 21 10 4 1 
3218|Child_Cross|37: 464 153 57 23 13 4 1 
3224|Child_Avg|27: 408 166 52 29 9 4 1 
3226|Child_Avg|55: 251 76 27 10 4 1 
3229|Child_Cross|10: 297 123 43 24 9 4 1 
3232|Child_Cross|33: 784 168 63 25 9 4 1 
3241|Child_Avg|7: 574 137 52 24 9 4 1 
3273|Survivor|1: 414 108 41 21 9 4 1 
3277|Survivor|1: 424 94 39 20 9 4 1 
3279|Child_Levy|32: 556 166 59 21 10 4 1 
3296|Child_Cross|21: 324 113 45 21 10 4 1 
3362|Child_Cross|5: 741 211 60 21 10 4 1 
3397|Survivor|1: 624 151 66 20 11 4 1 
3404|Child_Levy|40: 678 205 52 24 9 4 1 
3406|Child_Cross|41: 592 184 55 24 9 4 1 
3407|Survivor|1|Mutated: 592 169 55 24 9 4 1 
3409|Child_Cross|33: 598 136 51 19 10 4 1 
3418|Survivor|1|Mutated: 598 136 51 23 10 4 1 
3432|Child_Cross|5: 221 80 23 10 4 1 
3440|Child_Cross|61: 304 98 47 23 10 4 1 
3450|Survivor|1: 454 113 49 21 10 4 1 
3452|Survivor|1: 651 176 60 27 10 4 1 
3453|Child_Cross|62: 203 69 27 10 4 1 
3473|Survivor|1: 405 125 58 24 11 4 1 
3474|Child_Cross|57: 221 69 24 11 4 1 
3476|Survivor|1: 274 106 45 23 10 4 1 
3479|Survivor|1: 326 134 47 25 9 4 1 
3480|Child_Avg|31: 419 129 41 20 9 4 1 
3501|Child_Cross|21: 391 105 44 19 10 4 1 
3548|Survivor|1: 309 121 49 21 9 4 1 
3550|Child_Cross|37: 630 151 43 19 10 4 1 
3553|Child_Cross|53: 592 195 81 23 10 4 1 
3564|Survivor|1: 301 122 44 24 9 4 1 
3579|Survivor|1: 202 73 27 10 4 1 
3594|Child_Levy|40: 671 195 74 24 9 4 1 
3610|Child_Avg|43|Mutated: 430 154 53 25 9 4 1 
3629|Survivor|1: 474 154 55 21 10 4 1 
3670|Survivor|1|Mutated: 305 106 49 17 10 4 1 
3681|Child_Avg|55: 415 126 62 19 10 4 1 
3690|Child_Cross|57: 935 773 165 62 25 10 4 1 
3703|Child_Cross|53: 591 150 87 23 10 4 1 
3727|Survivor|1: 401 133 54 20 11 4 1 
3738|Survivor|1: 360 107 41 20 9 4 1 
3767|Child_Avg|43: 414 111 44 20 9 4 1 
3779|Survivor|1: 791 177 79 32 11 4 1 
3781|Child_Avg|27: 411 126 47 23 10 4 1 
3787|Child_Cross|62: 403 115 45 21 10 4 1 
3793|Survivor|1|Mutated: 427 115 45 21 10 4 1 
3813|Child_Cross|37: 576 155 55 29 9 4 1 
3817|Child_Levy|16: 359 123 56 25 9 4 1 
3820|Survivor|1|Mutated: 431 123 56 21 9 5 1 
3837|Child_Cross|58: 455 131 43 24 9 4 1 
3850|Survivor|1: 205 75 28 13 4 1 
3858|Child_Cross|25: 617 151 48 20 9 4 1 
3884|Child_Levy|20: 269 110 47 23 10 4 1 
3888|Child_Cross|18: 409 145 45 23 10 4 1 
3907|Child_Avg|43: 214 65 31 10 4 1 
3931|Child_Levy|28: 232 71 27 13 5 1 
3945|Survivor|1: 467 161 48 23 10 4 1 
3963|Survivor|1: 435 213 57 23 10 4 1 
3967|Child_Levy|52: 687 191 62 29 10 4 1 
3974|Child_Avg|63: 271 77 31 14 4 1 
4009|Survivor|1: 224 67 29 14 4 1 
4037|Child_Levy|28: 182 66 27 10 4 1 
4043|Child_Cross|46: 657 198 62 27 10 4 1 
4058|Child_Cross|58|Mutated: 681 175 51 23 10 4 1 
4079|Child_Levy|12: 199 57 23 10 4 1 
4091|Child_Levy|60: 684 174 64 28 11 4 1 
4141|Survivor|1: 376 112 65 23 10 4 1 
4162|Child_Levy|32|Mutated: 422 164 59 20 9 4 1 
4176|Child_Avg|11: 269 107 43 20 9 4 1 
4177|Child_Cross|42: 619 150 57 20 9 4 1 
4179|Child_Levy|36: 398 113 47 23 10 4 1 
4222|Child_Cross|49: 269 103 43 24 9 4 1 
4227|Survivor|1: 269 95 41 20 9 4 1 
4233|Child_Cross|37: 457 140 49 24 9 4 1 
4249|Survivor|1: 391 133 51 24 11 4 1 
4260|Survivor|1: 420 157 49 21 10 4 1 
4263|Child_Cross|25: 420 157 49 24 9 4 1 
4294|Survivor|1: 464 126 49 25 10 4 1 
4297|Child_Cross|58|Mutated: 279 85 27 14 4 1 
4304|Child_Avg|3: 439 136 50 24 9 4 1 
4327|Child_Avg|63: 400 121 47 22 7 3 1 
4372|Survivor|1: 425 109 55 24 9 4 1 
4373|Child_Cross|42: 214 67 23 10 4 1 
4375|Child_Cross|5: 393 99 47 23 10 4 1 
4379|Child_Avg|51: 621 221 70 24 9 4 1 
4383|Survivor|1|Mutated: 190 67 23 10 4 1 
4386|Child_Cross|61: 211 68 23 10 4 1 
4397|Survivor|1: 549 151 52 24 9 4 1 
4409|Survivor|1: 922 278 66 27 10 4 1 
4415|Child_Cross|30: 393 141 50 23 10 4 1 
4422|Survivor|1|Mutated: 393 141 60 23 10 4 1 
4426|Child_Cross|5: 406 138 55 23 10 4 1 
4449|Survivor|1: 295 90 29 10 4 1 
4459|Child_Cross|53: 412 126 49 25 10 4 1 
4481|Child_Cross|26: 655 170 74 28 13 4 1 
4486|Child_Avg|7: 397 134 52 24 9 4 1 
4501|Survivor|1: 403 112 41 24 9 4 1 
4532|Child_Cross|9: 403 112 41 23 8 3 1 
4543|Child_Cross|18: 391 125 48 23 10 4 1 
4562|Child_Cross|1: 391 125 48 21 10 4 1 
4568|Child_Cross|2: 653 159 47 23 10 4 1 
4569|Survivor|1|Mutated: 653 157 47 23 10 4 1 
4574|Child_Cross|26: 392 127 43 19 10 4 1 
4593|Survivor|1: 392 127 43 24 9 4 1 
4612|Child_Cross|9: 185 71 24 9 4 1 
4620|Child_Cross|33: 185 71 24 11 4 1 
4629|Child_Cross|42: 820 249 141 49 24 9 4 1 
4630|Child_Cross|33: 956 377 93 58 24 9 4 1 
4633|Child_Levy|28: 428 119 61 20 9 4 1 
4660|Survivor|1: 225 57 23 10 4 1 
4686|Child_Cross|62|Mutated: 217 67 23 10 4 1 
4700|Child_Avg|31: 393 137 43 24 9 4 1 
4701|Survivor|1|Mutated: 393 137 49 24 9 4 1 
4727|Survivor|1: 524 136 53 24 11 4 1 
4742|Survivor|1: 311 139 47 25 9 4 1 
4743|Random|12: 657 205 86 27 14 4 1 
4744|Child_Cross|34: 724 195 63 27 14 4 1 
4753|Survivor|1|Mutated: 816 195 63 27 14 4 1 
4759|Child_Avg|23: 562 134 59 21 10 4 1 
4765|Child_Levy|44: 505 160 49 21 10 4 1 
4790|Survivor|1|Mutated: 469 126 49 25 10 4 1 
4794|Child_Cross|58: 969 301 97 49 21 10 4 1 
4800|Child_Cross|38|Mutated: 969 260 97 49 21 10 4 1 
4802|Child_Cross|22: 969 280 97 49 21 10 4 1 
4808|Child_Cross|41: 922 287 95 49 21 10 4 1 
4817|Survivor|1: 421 119 45 23 7 3 1 
4820|Child_Levy|12: 640 147 43 24 9 4 1 
4828|Random|5: 737 168 55 20 9 4 1 
4863|Survivor|1: 285 110 48 29 9 4 1 
4873|Child_Cross|13: 370 113 43 19 10 4 1 
4880|Child_Avg|51: 425 155 57 23 10 4 1 
4898|Survivor|1: 235 72 27 10 4 1 
4899|Child_Levy|12: 915 253 93 44 19 10 4 1 
4900|Child_Levy|36: 441 146 58 23 10 4 1 
4902|Child_Levy|60: 276 107 57 21 10 4 1 
4906|Child_Cross|58: 935 233 61 29 9 4 1 
4924|Survivor|1: 282 103 47 21 10 4 1 
4944|Child_Levy|60: 438 113 47 24 11 4 1 
4948|Survivor|1: 365 106 45 23 10 4 1 
4958|Child_Levy|16: 687 152 48 27 10 4 1 
4971|Child_Avg|23: 836 232 69 31 10 4 1 
4982|Random|35: 841 172 54 24 11 4 1 
4987|Child_Levy|44: 578 139 56 21 10 4 1 
4989|Survivor|1: 796 494 129 56 21 10 4 1 
5005|Random|35: 863 173 74 23 10 4 1 
5013|Child_Avg|23: 671 146 61 23 10 4 1 
5024|Child_Levy|28: 413 122 39 20 9 4 1 
5043|Child_Cross|21: 745 212 63 27 10 4 1 
5051|Child_Cross|9: 373 122 52 20 9 4 1 
5052|Child_Cross|42: 745 212 63 25 9 4 1 
5058|Child_Levy|40: 598 168 68 23 10 4 1 
5066|Survivor|1: 677 225 65 25 14 4 1 
5070|Child_Avg|47: 305 137 46 24 9 4 1 
5086|Survivor|1: 307 116 45 21 10 3 1 
5092|Child_Cross|41: 220 76 25 14 4 1 
5102|Random|27: 682 148 50 21 10 4 1 
5106|Child_Avg|55: 221 62 24 9 4 1 
5108|Child_Avg|59|Mutated: 351 124 46 24 9 4 1 
5111|Survivor|1: 379 123 46 24 9 4 1 
5121|Child_Avg|7: 497 141 56 21 10 4 1 
5133|Child_Cross|42: 361 114 46 21 10 4 1 
5155|Child_Levy|64: 281 112 43 19 10 4 1 
5162|Survivor|1: 450 130 49 21 10 4 1 
5163|Child_Cross|22|Mutated: 527 139 57 21 10 4 1 
5237|Survivor|1: 459 127 51 29 10 4 1 
5275|Survivor|1: 707 189 57 23 8 3 1 
5285|Child_Cross|9: 369 178 57 23 10 4 1 
5302|Survivor|1: 932 200 55 23 10 4 1 
5305|Child_Cross|50: 932 200 55 24 9 4 1 
5307|Child_Cross|45: 729 179 58 23 10 3 1 
5308|Child_Cross|54: 573 128 48 23 10 4 1 
5322|Random|32: 847 224 70 24 9 4 1 
5341|Child_Levy|24: 626 184 59 24 9 4 1 
5351|Child_Cross|21: 224 92 29 14 4 1 
5360|Survivor|1: 300 103 39 20 9 4 1 
5384|Survivor|1: 355 103 39 20 9 4 1 
5394|Child_Cross|42: 605 166 61 20 9 4 1 
5412|Survivor|1: 245 69 27 10 4 1 
5428|Survivor|1: 191 59 24 9 4 1 
5445|Survivor|1: 355 162 51 19 10 4 1 
5460|Child_Avg|23: 324 106 41 20 9 4 1 
5487|Survivor|1|Mutated: 637 187 67 21 10 4 1 
5497|Child_Cross|25: 402 117 44 23 10 4 1 
5534|Child_Levy|64: 652 167 65 27 10 4 1 
5563|Child_Cross|53: 397 120 47 25 9 4 1 
5574|Survivor|1: 184 59 24 9 4 1 
5586|Child_Cross|29: 213 58 23 10 4 1 
5607|Child_Levy|36: 395 110 52 24 9 4 1 
5622|Child_Cross|58: 554 129 52 24 9 4 1 
5631|Child_Avg|27|Mutated: 420 128 43 20 9 4 1 
5647|Survivor|1: 862 193 55 25 8 3 1 
5661|Child_Avg|11|Mutated: 416 111 55 23 10 4 1 
5663|Child_Cross|13: 442 127 59 27 10 4 1 
5666|Survivor|1: 417 121 44 24 9 4 1 
5675|Survivor|1: 230 69 29 14 4 1 
5680|Survivor|1: 273 77 29 14 4 1 
5685|Child_Cross|13: 229 72 27 10 4 1 
5699|Survivor|1: 395 131 63 25 14 4 1 
5711|Survivor|1: 297 112 47 24 9 4 1 
5732|Survivor|1: 364 107 45 22 8 3 1 
5734|Random|1: 736 171 56 24 9 4 1 
5766|Survivor|1: 462 130 56 25 9 4 1 
5772|Child_Avg|55: 356 105 47 24 9 4 1 
5786|Survivor|1: 229 64 29 10 4 1 
5801|Random|21: 740 174 78 31 10 4 1 
5808|Survivor|1: 181 75 28 13 4 1 
5818|Survivor|1|Mutated: 359 157 50 24 9 4 1 
5820|Child_Avg|51: 668 149 49 21 10 4 1 
5825|Survivor|1|Mutated: 668 156 49 24 9 4 1 
5842|Child_Cross|26: 184 69 27 10 4 1 
5859|Child_Cross|49: 185 58 24 9 4 1 
5871|Child_Cross|21: 686 147 58 25 10 4 1 
5902|Child_Cross|45: 686 147 58 23 10 3 1 
5917|Child_Cross|10: 686 147 58 24 9 4 1 
5937|Child_Cross|26: 686 147 58 28 11 4 1 
5943|Survivor|1|Mutated: 686 149 58 24 11 4 1 
5949|Child_Avg|43: 218 79 27 10 4 1 
5990|Survivor|1: 602 214 72 27 10 4 1 
5996|Survivor|1: 180 65 24 9 4 1 
6011|Child_Levy|40: 446 180 62 27 10 4 1 
6026|Survivor|1: 259 73 25 14 4 1 
6039|Child_Cross|1: 187 59 24 9 4 1 
6052|Survivor|1: 327 141 49 24 9 4 1 
6064|Child_Levy|48: 406 125 49 21 10 4 1 
6092|Survivor|1: 785 190 63 29 9 4 1 
6116|Survivor|1: 189 73 27 10 4 1 
6121|Child_Levy|44: 625 181 72 29 10 3 1 
6123|Survivor|1: 697 176 59 28 9 4 1 
6130|Survivor|1|Mutated: 697 162 57 28 11 4 1 
6146|Child_Cross|9: 617 169 61 19 10 4 1 
6148|Survivor|1|Mutated: 604 144 61 19 10 4 1 
6207|Survivor|1: 215 59 24 9 4 1 
6219|Child_Cross|13: 377 102 56 24 9 4 1 
6227|Survivor|1: 320 146 53 24 9 4 1 
6250|Child_Avg|43: 323 138 54 19 10 4 1 
6251|Child_Cross|57: 607 141 53 19 10 4 1 
6262|Survivor|1: 369 117 44 25 9 4 1 
6272|Child_Cross|6: 369 117 44 24 9 4 1 
6275|Child_Cross|9: 398 117 44 24 9 4 1 
6292|Child_Avg|63|Mutated: 208 77 28 12 5 1 
6317|Survivor|1: 980 775 172 54 25 9 4 1 
6320|Child_Cross|37: 378 109 45 23 10 4 1 
6326|Child_Avg|59: 294 107 51 21 10 4 1 
6327|Child_Cross|5: 980 775 172 54 23 10 4 1 
6330|Child_Cross|49: 839 202 73 24 9 4 1 
6341|Child_Cross|54: 577 153 52 24 9 4 1 
6342|Survivor|1|Mutated: 577 153 56 24 9 4 1 
6343|Child_Cross|61: 408 117 45 23 10 4 1 
6349|Survivor|1: 234 86 29 9 4 1 
6353|Child_Cross|6: 675 136 61 29 9 4 1 
6358|Survivor|1: 354 139 64 24 9 4 1 
6363|Survivor|1: 269 106 46 24 9 4 1 
6377|Survivor|1: 225 67 23 10 4 1 
6381|Survivor|1: 314 96 57 23 10 4 1 
6383|Survivor|1: 396 103 58 23 10 4 1 
6395|Child_Levy|24|Mutated: 351 108 46 24 9 4 1 
6407|Survivor|1|Mutated: 351 100 46 24 9 4 1 
6411|Survivor|1: 429 137 66 29 9 4 1 
6413|Child_Avg|55|Mutated: 753 191 75 28 12 5 1 
6429|Survivor|1|Mutated: 753 191 75 28 11 4 1 
6434|Child_Cross|50: 376 113 44 24 9 4 1 
6519|Survivor|1: 178 69 27 10 4 1 
6523|Random|8: 727 181 75 24 13 4 1 
6527|Survivor|1: 910 259 81 29 9 4 1 
6534|Survivor|1: 426 97 51 19 10 4 1 
6556|Survivor|1: 399 121 41 24 9 4 1 
6561|Child_Avg|31: 459 134 49 24 9 4 1 
6566|Survivor|1: 467 136 49 24 9 4 1 
6569|Survivor|1|Mutated: 467 151 49 24 9 4 1 
6572|Child_Levy|8: 406 159 55 23 10 4 1 
6595|Survivor|1: 284 67 23 10 4 1 
6611|Child_Cross|25: 792 174 60 31 14 4 1 
6642|Survivor|1: 415 114 49 20 7 3 1 
6657|Child_Levy|64: 362 140 63 27 10 4 1 
6662|Survivor|1: 198 59 24 9 4 1 
6666|Survivor|1: 213 59 27 10 4 1 
6670|Random|22: 502 187 55 24 9 4 1 
6690|Child_Avg|39: 251 103 55 21 10 4 1 
6693|Child_Avg|63: 501 139 49 24 9 4 1 
6704|Survivor|1: 235 62 27 10 4 1 
6755|Child_Cross|2: 391 111 52 24 9 4 1 
6784|Child_Cross|26|Mutated: 218 86 28 11 4 1 
6786|Child_Cross|5: 193 67 23 10 4 1 
6804|Child_Cross|26|Mutated: 750 151 57 23 10 4 1 
6832|Survivor|1|Mutated: 750 157 57 23 10 4 1 
6847|Survivor|1: 450 117 56 24 9 4 1 
6856|Survivor|1: 295 86 32 13 4 1 
6867|Survivor|1: 227 70 30 11 5 1 
6874|Child_Cross|49: 669 167 59 24 9 4 1 
