8|Child|2: 556 196 67 23 10 4 1 
14|Child|2: 676 143 44 23 10 4 1 
47|Child|40: 646 144 55 32 13 4 1 
58|Child|1: 401 131 58 23 14 4 1 
77|Child|1: 773 217 74 25 14 4 1 
78|Child|10: 544 139 61 23 10 4 1 
91|Random|89: 964 619 172 66 24 11 4 1 
111|Child|28: 794 211 61 21 9 4 1 
120|Child|4: 719 153 77 28 11 4 1 
131|Child|9: 607 158 65 23 10 4 1 
138|Child|6: 749 201 74 25 14 4 1 
139|Child|2: 890 188 74 25 14 4 1 
176|Child|2: 620 177 61 19 10 4 1 
180|Child|44: 753 177 60 32 13 4 1 
195|Child|4: 976 311 117 43 25 10 4 1 
219|Child|4: 682 162 56 21 10 3 1 
255|Child|1: 781 164 55 25 14 4 1 
256|Child|2: 751 171 51 25 14 4 1 
259|Child|4: 762 159 55 35 9 4 1 
270|Random|76: 687 193 52 24 9 4 1 
271|Child|4: 472 132 55 29 9 4 1 
290|Child|6: 679 209 71 28 11 4 1 
305|Child|2: 802 177 68 23 13 4 1 
317|Child|13: 783 186 48 23 10 4 1 
323|Child|1: 624 154 58 23 13 4 1 
328|Child|2: 875 186 52 29 9 4 1 
335|Child|16: 747 158 96 25 14 4 1 
343|Child|1: 746 204 77 41 13 4 1 
361|Child|1: 817 238 64 24 9 4 1 
376|Child|16: 671 136 65 28 11 4 1 
390|Child|1: 641 161 57 27 14 4 1 
410|Child|1: 636 139 45 23 10 4 1 
444|Random|93: 297 69 29 14 4 1 
445|Child|6: 768 184 55 27 10 4 1 
489|Random|60: 724 214 56 25 9 4 1 
506|Child|16: 656 176 55 24 9 4 1 
510|Child|20: 656 209 65 28 11 4 1 
563|Random|81: 879 566 180 59 24 9 4 1 
583|Child|10: 819 167 54 28 11 4 1 
634|Child|2: 486 184 53 19 10 4 1 
652|Child|2: 779 210 66 31 14 4 1 
660|Child|4: 932 227 63 28 13 4 1 
677|Random|90: 736 185 77 25 14 4 1 
692|Child|34: 794 163 49 28 13 4 1 
700|Random|97: 918 272 73 27 14 4 1 
705|Child|8: 950 693 156 47 25 9 4 1 
755|Child|2: 617 206 79 25 14 4 1 
770|Child|5: 318 111 41 21 9 4 1 
773|Child|1: 598 166 43 24 9 4 1 
861|Child|13: 729 147 70 29 9 4 1 
888|Child|7: 862 512 109 59 21 10 4 1 
900|Child|5: 374 131 51 28 13 4 1 
921|Child|2: 966 634 150 55 21 10 4 1 
935|Child|2: 727 177 53 28 11 4 1 
944|Child|2: 757 168 73 23 10 4 1 
962|Child|3: 680 187 49 28 11 4 1 
982|Child|9: 659 214 62 27 10 4 1 
997|Child|2: 755 171 55 30 9 4 1 
1021|Random|75: 910 201 76 23 14 4 1 
1050|Random|58: 773 179 53 25 9 4 1 
1069|Child|1: 807 215 63 29 9 4 1 
1140|Child|2: 757 153 55 25 14 4 1 
1159|Child|14: 803 180 73 25 14 4 1 
1160|Child|3: 739 177 57 31 11 4 1 
1161|Child|11: 894 209 59 24 9 4 1 
1198|Child|26: 291 74 25 14 4 1 
1205|Child|1: 964 594 156 64 19 10 4 1 
1206|Child|1: 964 594 156 64 29 9 4 1 
1207|Child|2: 709 167 55 29 9 4 1 
1210|Child|2: 718 157 74 28 13 4 1 
1220|Child|2: 948 204 70 24 9 4 1 
1228|Random|88: 731 172 91 28 11 4 1 
1230|Child|29: 762 178 75 35 11 4 1 
1232|Child|2: 592 157 53 29 10 4 1 
1284|Random|85: 983 713 217 66 24 13 4 1 
1288|Child|3: 455 148 65 23 10 4 1 
1299|Child|2: 780 171 70 23 13 4 1 
1306|Child|11: 724 179 58 25 9 4 1 
1307|Child|1: 724 179 58 23 13 4 1 
1308|Child|10: 989 225 74 28 13 4 1 
1323|Child|36: 302 81 32 13 4 1 
1332|Child|3: 425 124 41 19 10 4 1 
1340|Random|75: 795 175 75 29 10 4 1 
1343|Child|2: 231 71 23 10 4 1 
1346|Child|10: 358 128 45 23 10 4 1 
1350|Child|2: 793 196 71 23 10 4 1 
1388|Child|32: 951 198 73 29 9 4 1 
1396|Child|1: 750 180 57 23 10 4 1 
1433|Child|4: 986 696 157 53 29 9 4 1 
1441|Child|4: 821 169 62 24 9 4 1 
1442|Child|9: 890 357 107 47 22 7 3 1 
1449|Random|90: 666 156 47 24 9 4 1 
1479|Child|10: 865 260 76 25 14 4 1 
1500|Child|16: 752 166 65 23 8 3 1 
1509|Random|80: 641 143 57 21 10 3 1 
1525|Child|2: 832 191 57 27 13 4 1 
1602|Random|65: 839 184 76 33 9 4 1 
1634|Child|2: 644 129 46 21 10 4 1 
1651|Child|43: 638 164 54 23 10 4 1 
1660|Child|20: 891 287 83 27 10 4 1 
1670|Child|1: 721 247 70 23 13 4 1 
1688|Child|1: 235 75 23 14 4 1 
1692|Child|26: 745 155 54 24 11 3 1 
1718|Child|1: 646 171 65 30 9 4 1 
1759|Child|2: 375 151 45 23 10 4 1 
1760|Random|61: 611 155 68 25 14 4 1 
1761|Child|1: 611 155 68 23 10 4 1 
1781|Random|99: 625 154 80 24 11 4 1 
1807|Child|1: 683 205 55 23 10 4 1 
1819|Child|7: 723 166 64 25 10 4 1 
1848|Child|1: 369 149 52 23 14 4 1 
1852|Random|88: 756 202 73 32 13 4 1 
1867|Child|2: 421 135 44 24 9 4 1 
1909|Child|8: 232 75 23 14 4 1 
1927|Child|1: 392 116 51 25 9 4 1 
1944|Child|3: 761 190 57 23 13 4 1 
1947|Child|1: 761 190 57 23 10 4 1 
1975|Child|43: 295 76 29 14 4 1 
2015|Child|9: 766 175 78 31 11 4 1 
2034|Child|8: 524 126 51 23 10 4 1 
2038|Child|2: 772 157 61 23 10 4 1 
2072|Child|1: 282 67 23 10 4 1 
2089|Child|1: 741 169 76 23 14 4 1 
2126|Child|2: 269 80 31 14 4 1 
2166|Random|77: 936 193 79 24 9 4 1 
2177|Child|7: 706 185 55 24 9 4 1 
2179|Random|56: 647 189 71 31 14 4 1 
2180|Child|1: 647 189 71 23 10 4 1 
2193|Child|1: 778 167 49 32 13 4 1 
2225|Child|7: 723 201 82 32 11 4 1 
2239|Child|20: 804 187 79 28 13 4 1 
2252|Child|14: 727 158 59 23 14 4 1 
2302|Child|2: 547 187 71 23 14 4 1 
2331|Child|22: 787 171 67 32 13 4 1 
2349|Child|2: 830 193 75 29 10 4 1 
2377|Child|2: 689 179 64 29 9 4 1 
2407|Child|17: 327 130 48 23 10 4 1 
2422|Child|31: 708 157 49 24 9 4 1 
2434|Child|1: 803 228 56 25 9 4 1 
2497|Child|5: 291 77 25 14 4 1 
2514|Random|85: 945 224 73 27 10 4 1 
2521|Random|98: 741 177 66 28 13 4 1 
2543|Child|33: 588 150 64 24 9 4 1 
2564|Child|4: 862 200 52 29 9 4 1 
2620|Child|2: 698 142 67 23 10 4 1 
2688|Child|4: 713 185 61 23 10 3 1 
2692|Child|1: 713 185 61 23 10 4 1 
2693|Child|1: 713 185 61 26 10 3 1 
2749|Child|1: 852 238 87 31 10 4 1 
2780|Child|4: 831 220 69 24 11 4 1 
2793|Random|76: 748 183 71 27 14 4 1 
2829|Child|8: 818 182 65 28 11 4 1 
2834|Child|46: 754 225 65 31 10 4 1 
2858|Child|13: 771 170 55 27 10 4 1 
2894|Child|10: 727 154 60 31 9 4 1 
2925|Child|1: 787 189 69 28 11 4 1 
2952|Child|3: 639 148 54 25 8 3 1 
2957|Child|17: 952 290 101 46 19 7 3 1 
3006|Child|13: 862 389 122 55 20 9 4 1 
3074|Random|75: 858 202 63 23 14 4 1 
3079|Child|22: 470 132 60 25 9 4 1 
3103|Child|1: 703 149 53 25 9 4 1 
3130|Child|47: 778 171 65 25 14 4 1 
3138|Random|94: 845 249 137 53 24 9 4 1 
3140|Child|2: 211 65 24 9 4 1 
3178|Child|6: 393 150 53 27 10 4 1 
3192|Child|3: 752 227 72 27 10 4 1 
3198|Random|65: 889 209 59 21 10 4 1 
3220|Random|79: 487 116 56 21 10 4 1 
3231|Child|6: 345 164 57 23 10 4 1 
3232|Child|2: 311 120 45 23 10 4 1 
3243|Child|4: 620 137 54 23 10 4 1 
3265|Child|36: 464 171 79 27 10 4 1 
3279|Child|2: 565 161 57 23 10 4 1 
3285|Child|14: 789 244 71 23 14 4 1 
3357|Random|89: 637 195 59 31 11 4 1 
3375|Child|2: 654 204 72 23 14 4 1 
3397|Child|2: 604 164 53 28 9 4 1 
3404|Child|3: 604 164 53 25 9 4 1 
3426|Child|18: 826 174 53 28 9 4 1 
3446|Child|3: 754 174 77 28 11 4 1 
3447|Child|2: 810 232 75 28 11 4 1 
3468|Child|1: 780 181 63 28 11 4 1 
3469|Child|1: 780 181 63 27 11 4 1 
3502|Child|2: 876 191 83 24 9 4 1 
3509|Child|1: 817 312 88 33 14 4 1 
3512|Random|79: 793 165 59 30 9 4 1 
3515|Random|57: 755 218 74 23 10 4 1 
3527|Child|42: 825 172 83 28 13 4 1 
3547|Child|40: 726 168 67 31 10 4 1 
3557|Child|5: 861 219 77 23 10 4 1 
3558|Child|2: 356 129 55 23 10 4 1 
3567|Child|1: 933 242 55 27 10 4 1 
3583|Child|1: 652 142 48 19 13 4 1 
3588|Child|4: 380 111 41 19 10 4 1 
3615|Child|3: 590 144 51 23 10 4 1 
3631|Random|64: 771 166 64 24 11 3 1 
3640|Child|1: 765 278 87 36 13 4 1 
3652|Child|4: 868 244 67 23 10 4 1 
3661|Child|15: 629 170 65 24 9 4 1 
3662|Child|6: 635 175 71 23 10 4 1 
3663|Child|2: 897 220 70 23 10 4 1 
3678|Child|38: 622 172 63 25 11 4 1 
3693|Child|20: 612 194 67 23 10 4 1 
3694|Child|2: 312 142 58 23 10 4 1 
3746|Child|1: 880 658 157 57 31 11 4 1 
3802|Child|35: 255 77 27 14 4 1 
3821|Child|18: 578 185 68 28 13 4 1 
3853|Child|2: 725 178 62 25 9 4 1 
3854|Child|2: 705 160 56 25 9 4 1 
3868|Random|99: 885 422 101 48 20 9 4 1 
3910|Child|4: 945 560 133 61 23 10 4 1 
3922|Child|15: 696 170 58 23 14 4 1 
3926|Child|37: 384 113 49 28 9 4 1 
3960|Random|85: 590 180 73 27 10 4 1 
3967|Child|12: 578 162 53 29 10 4 1 
3996|Random|98: 617 160 72 27 14 4 1 
4012|Random|53: 843 209 77 36 13 4 1 
4037|Child|14: 943 815 195 69 28 11 4 1 
4068|Child|23: 288 85 27 14 4 1 
4102|Child|21: 909 190 56 24 9 4 1 
4144|Child|2: 699 182 63 23 14 4 1 
4145|Child|2: 704 168 63 23 14 4 1 
4158|Child|1: 760 192 55 23 10 4 1 
4166|Child|3: 688 148 71 23 13 4 1 
4167|Child|4: 266 72 32 13 4 1 
4194|Child|2: 659 202 73 24 9 4 1 
4227|Child|1: 773 162 49 21 10 4 1 
4229|Child|23: 813 267 78 29 14 4 1 
4261|Child|2: 729 214 55 27 10 4 1 
4272|Child|5: 306 127 63 20 9 4 1 
4326|Random|83: 925 294 68 32 13 4 1 
4369|Child|1: 624 141 44 23 10 4 1 
4389|Child|48: 803 171 66 29 9 4 1 
4392|Child|2: 754 177 65 24 13 4 1 
4457|Child|10: 408 159 62 29 14 4 1 
4466|Child|6: 771 171 65 28 10 3 1 
4469|Child|2: 646 153 49 24 9 4 1 
4474|Child|28: 398 163 56 27 10 4 1 
4476|Random|97: 280 94 43 19 10 4 1 
4491|Child|7: 657 200 69 24 11 4 1 
4494|Child|2: 368 148 47 24 9 4 1 
4495|Child|15: 646 146 41 19 10 4 1 
4524|Child|2: 763 218 66 25 14 4 1 
4530|Child|19: 239 79 31 11 4 1 
4539|Child|19: 928 248 75 28 11 4 1 
4561|Random|78: 728 210 66 32 13 4 1 
4562|Child|7: 426 167 69 28 11 4 1 
4565|Child|2: 693 172 51 28 13 4 1 
4566|Child|17: 796 173 64 29 11 3 1 
4591|Random|54: 777 231 64 28 13 4 1 
4611|Child|26: 738 172 46 21 10 4 1 
4613|Random|90: 877 180 65 24 9 4 1 
4641|Random|88: 654 204 67 24 9 4 1 
4675|Child|46: 627 161 60 23 13 4 1 
4717|Child|3: 830 256 77 29 14 4 1 
4725|Child|20: 986 749 187 55 29 14 4 1 
4770|Child|2: 453 127 60 21 10 4 1 
4805|Child|22: 433 123 51 25 9 4 1 
4813|Child|1: 791 160 61 24 9 4 1 
4856|Child|23: 808 174 67 32 13 4 1 
4874|Child|2: 318 116 51 23 10 4 1 
4902|Child|2: 803 225 68 29 14 4 1 
4930|Child|32: 683 197 61 19 10 4 1 
4941|Child|1: 716 164 63 31 11 4 1 
4989|Child|2: 715 157 69 27 10 4 1 
4990|Child|1: 715 157 69 32 10 3 1 
4996|Random|82: 728 195 75 33 10 4 1 
5006|Child|10: 756 216 60 25 9 4 1 
5009|Child|29: 661 172 66 25 14 4 1 
5010|Child|2: 659 192 66 25 14 4 1 
5019|Child|2: 847 215 61 23 10 4 1 
5032|Child|6: 717 178 82 27 10 4 1 
5070|Child|2: 594 171 69 29 14 4 1 
5124|Child|34: 835 217 58 24 9 4 1 
5125|Child|2: 790 182 53 24 9 4 1 
5140|Child|1: 763 174 70 27 10 4 1 
5154|Child|9: 765 180 49 25 14 4 1 
5155|Child|1: 765 180 49 23 14 4 1 
5177|Child|13: 619 130 55 27 10 4 1 
5244|Random|58: 865 243 67 35 11 4 1 
5275|Random|88: 595 175 65 24 9 4 1 
5291|Random|65: 218 67 24 11 4 1 
5292|Child|6: 421 163 52 20 9 4 1 
5293|Child|4: 654 184 55 27 10 4 1 
5298|Child|2: 923 336 119 52 24 9 4 1 
5334|Child|1: 558 162 58 21 10 4 1 
5344|Child|4: 775 183 68 33 10 3 1 
5347|Child|4: 262 82 29 14 4 1 
5348|Child|8: 813 195 70 23 13 4 1 
5361|Child|2: 702 209 58 24 9 4 1 
5362|Child|39: 676 141 72 29 10 4 1 
5374|Child|1: 736 196 55 29 10 4 1 
5378|Child|36: 589 154 53 27 10 4 1 
5398|Child|15: 688 140 61 29 9 4 1 
5400|Child|2: 622 148 63 25 14 4 1 
5414|Child|18: 604 135 44 24 9 4 1 
5419|Child|1: 710 189 59 25 14 4 1 
5442|Child|5: 338 156 63 23 14 4 1 
5450|Child|1: 223 65 25 9 4 1 
5451|Child|33: 797 215 64 33 9 4 1 
5467|Child|4: 664 154 73 29 9 4 1 
5513|Child|6: 691 145 59 20 9 4 1 
5515|Child|2: 562 136 43 20 9 4 1 
5527|Child|12: 744 189 73 19 10 4 1 
5543|Child|2: 996 416 121 52 24 9 4 1 
5550|Child|2: 996 416 121 52 20 9 4 1 
5556|Child|1: 633 135 56 27 10 4 1 
5614|Random|89: 760 208 64 29 10 3 1 
5618|Child|39: 590 161 60 21 10 4 1 
5625|Child|27: 404 169 57 21 10 4 1 
5644|Child|2: 667 149 53 25 9 4 1 
5646|Child|5: 972 623 138 67 24 9 4 1 
5650|Child|4: 476 114 51 23 10 4 1 
5672|Child|30: 869 363 135 56 24 9 4 1 
5673|Child|3: 965 255 61 28 13 4 1 
5713|Random|73: 844 201 73 24 9 4 1 
5717|Child|7: 790 185 75 27 10 4 1 
5722|Child|1: 840 548 129 46 21 10 4 1 
5729|Child|2: 772 185 49 24 9 4 1 
5736|Child|1: 765 205 70 23 10 4 1 
5741|Random|87: 837 201 54 20 9 4 1 
5762|Child|1: 720 171 44 25 9 4 1 
5794|Child|17: 842 207 65 28 11 4 1 
5806|Child|7: 937 270 99 32 13 4 1 
5809|Child|3: 748 160 58 23 8 3 1 
5813|Child|2: 848 220 60 31 14 4 1 
5821|Child|3: 647 166 56 24 9 4 1 
5842|Child|15: 287 83 29 14 4 1 
5869|Child|20: 763 183 83 29 10 4 1 
5898|Child|5: 643 132 61 23 10 4 1 
5920|Child|21: 821 187 64 29 14 4 1 
5949|Child|2: 658 174 67 23 10 4 1 
5974|Random|99: 607 170 70 24 9 4 1 
6019|Child|2: 620 163 48 27 10 4 1 
6031|Child|31: 739 153 55 25 14 4 1 
6041|Child|2: 753 165 59 32 13 4 1 
6044|Child|2: 354 120 54 29 9 4 1 
6086|Child|3: 699 145 70 23 13 4 1 
6207|Child|17: 959 545 174 63 25 9 4 1 
6220|Child|2: 703 157 55 30 9 4 1 
6239|Child|4: 414 186 65 27 10 4 1 
6286|Child|1: 265 77 25 14 4 1 
6312|Child|2: 745 208 58 27 14 4 1 
6357|Child|2: 840 194 63 28 13 4 1 
6384|Child|4: 970 656 181 71 23 13 4 1 
6396|Child|6: 963 256 114 44 19 10 4 1 
6418|Child|4: 725 167 57 23 13 4 1 
6419|Child|2: 800 175 57 23 13 4 1 
6484|Child|6: 800 188 71 30 9 4 1 
6491|Child|3: 758 220 59 29 9 4 1 
6498|Child|1: 904 333 115 60 23 10 4 1 
6499|Child|2: 582 138 55 23 10 4 1 
6507|Child|2: 582 138 55 24 9 4 1 
6521|Child|1: 843 253 75 23 14 4 1 
6552|Random|78: 671 159 56 17 10 4 1 
6567|Child|2: 747 194 62 28 13 4 1 
6569|Random|81: 653 199 79 31 10 4 1 
6603|Child|2: 714 184 62 28 13 4 1 
6628|Child|1: 425 140 52 29 9 4 1 
6637|Child|2: 660 191 64 29 9 4 1 
6648|Child|6: 756 219 62 23 14 4 1 
6661|Child|16: 612 171 58 23 10 3 1 
6670|Child|25: 646 206 71 24 9 4 1 
6675|Child|4: 614 143 70 29 10 4 1 
6686|Child|1: 442 125 47 24 9 4 1 
6690|Random|73: 687 147 47 23 10 4 1 
6691|Child|1: 687 147 47 24 9 4 1 
6784|Child|2: 563 141 50 24 9 4 1 
6812|Child|2: 699 168 57 31 11 4 1 
6843|Child|11: 435 142 65 25 9 4 1 
6861|Child|4: 933 702 158 53 25 9 4 1 
6869|Child|1: 280 81 29 9 4 1 
6885|Child|1: 277 89 27 14 4 1 
