8|Child_Cross12|49: 8821 2772 939 425 156 72 27 10 4 1 
14|Child_Cross12|13: 7596 2489 858 394 137 72 27 10 4 1 
15|Child_Cross21|14: 5695 1954 779 328 131 72 27 10 4 1 
129|Child_Cross12|25|Mutated: 5695 1954 779 328 141 72 27 10 4 1 
135|Child_Cross21|2|Mutated: 5695 1711 762 328 131 72 27 10 4 1 
138|Child_ABC2|17: 5695 1940 771 328 131 72 27 10 4 1 
139|Child_ABC2|29: 5695 1959 776 328 131 72 27 10 4 1 
142|Child_ABC2|53: 5695 1949 772 328 131 72 27 10 4 1 
143|Child_Avg|27: 5695 1944 771 328 131 72 27 10 4 1 
144|Child_Cross12|1: 5695 1956 777 328 131 72 27 10 4 1 
147|Child_Cross12|25: 5695 1956 772 328 131 72 27 10 4 1 
380|Child_Avg|39|Mutated: 4874 1956 772 328 131 72 27 10 4 1 
385|Child_ABC2|5: 5614 1956 772 328 131 72 27 10 4 1 
386|Child_ABC1|16: 5622 1956 772 328 131 72 27 10 4 1 
387|Child_ABC2|17: 5166 1956 772 328 131 72 27 10 4 1 
388|Child_Cross21|38: 5072 1956 772 328 131 72 27 10 4 1 
390|Child_ABC2|41: 5216 1956 772 328 131 72 27 10 4 1 
392|Child_Avg|15: 5120 1956 772 328 131 72 27 10 4 1 
393|Child_Avg|3: 4939 1956 772 328 131 72 27 10 4 1 
394|Child_Cross21|26: 5135 1956 772 328 131 72 27 10 4 1 
395|Child_Cross21|2: 5204 1956 772 328 131 72 27 10 4 1 
396|Child_Cross12|49: 5105 1956 772 328 131 72 27 10 4 1 
397|Child_ABC2|5: 5134 1956 772 328 131 72 27 10 4 1 
398|Child_ABC1|16: 5169 1956 772 328 131 72 27 10 4 1 
399|Child_Cross12|13: 5185 1956 772 328 131 72 27 10 4 1 
400|Child_ABC1|40: 5136 1956 772 328 131 72 27 10 4 1 
401|Child_Cross12|13: 5153 1956 772 328 131 72 27 10 4 1 
402|Child_ABC1|52: 5151 1956 772 328 131 72 27 10 4 1 
403|Child_Cross21|26: 5164 1956 772 328 131 72 27 10 4 1 
404|Child_Avg|15: 5168 1956 772 328 131 72 27 10 4 1 
405|Child_Cross12|37: 5152 1956 772 328 131 72 27 10 4 1 
506|Child_Avg|3|Mutated: 5151 1928 772 328 131 72 27 10 4 1 
696|Child_Avg|51|Mutated: 5400 1956 772 328 131 72 27 10 4 1 
747|Child_Cross21|50|Mutated: 4936 1956 772 328 131 72 27 10 4 1 
807|Child_ABC2|17|Mutated: 5151 1790 772 328 131 72 27 10 4 1 
1123|Child_Cross12|13|Mutated: 5151 1642 772 328 131 72 27 10 4 1 
1228|Child_ABC1|40|Mutated: 5151 1634 772 328 131 72 27 10 4 1 
1375|Child_Cross21|26|Mutated: 5151 1955 772 328 131 72 27 10 4 1 
1411|Child_Avg|15|Mutated: 5151 1804 811 328 131 72 27 10 4 1 
1419|Child_ABC1|16|Mutated: 4973 1956 772 328 131 72 27 10 4 1 
1699|Child_ABC2|29|Mutated: 5151 1817 772 328 131 72 27 10 4 1 
1721|Child_ABC2|17|Mutated: 5040 1956 772 328 131 72 27 10 4 1 
1727|Child_Cross12|1|Mutated: 4995 1956 772 328 131 72 27 10 4 1 
1806|Child_Cross12|49|Mutated: 5151 1853 772 328 131 63 27 10 4 1 
1863|Child_ABC1|28|Mutated: 5151 1956 705 328 131 72 27 10 4 1 
1921|Child_Cross12|37|Mutated: 4856 1956 772 328 131 72 27 10 4 1 
1980|Child_ABC2|17|Mutated: 5151 1913 772 328 131 72 27 10 4 1 
2030|Child_ABC2|29|Mutated: 5151 1956 772 328 149 72 27 10 4 1 
2170|Child_Avg|51|Mutated: 5576 1956 772 328 131 72 27 10 4 1 
2171|Child_ABC1|28: 5098 1956 772 328 131 72 27 10 4 1 
2267|Child_Avg|39|Mutated: 5088 1956 772 328 131 72 27 10 4 1 
2317|Child_Cross21|14|Mutated: 5151 1849 772 328 131 72 27 10 4 1 
2392|Child_Cross12|49|Mutated: 5021 1956 772 328 131 72 27 10 4 1 
2519|Survivor|1|Mutated: 5151 1956 792 328 131 72 27 10 4 1 
2878|Child_Avg|3|Mutated: 4873 1956 772 328 131 72 27 10 4 1 
2880|Child_ABC1|28: 4952 1956 772 328 131 72 27 10 4 1 
3136|Child_Cross21|50|Mutated: 5448 1956 772 328 131 72 27 10 4 1 
3137|Child_ABC1|40: 5184 1956 772 328 131 72 27 10 4 1 
3139|Child_Avg|3: 5167 1956 772 328 131 72 27 10 4 1 
3141|Child_ABC1|4: 5155 1956 772 328 131 72 27 10 4 1 
3187|Child_ABC1|4|Mutated: 5151 1620 772 328 131 72 27 10 4 1 
3236|Child_ABC2|53|Mutated: 5086 1956 772 328 131 72 27 10 4 1 
3237|Child_ABC2|53: 5053 1956 772 328 131 72 27 10 4 1 
3238|Child_Avg|39: 5085 1956 772 328 131 72 27 10 4 1 
3240|Child_Cross12|49: 5170 1956 772 328 131 72 27 10 4 1 
3271|Child_ABC2|41|Mutated: 5151 1956 822 328 131 72 27 10 4 1 
3359|Child_Avg|27|Mutated: 5236 1956 772 328 131 72 27 10 4 1 
3361|Child_ABC2|41: 5302 1956 772 328 131 72 27 10 4 1 
3375|Child_Avg|3|Mutated: 5151 1951 772 328 131 72 27 10 4 1 
3603|Child_Cross12|13|Mutated: 5151 1956 772 328 141 72 27 10 4 1 
3678|Child_Avg|51|Mutated: 5119 1956 772 328 131 72 27 10 4 1 
3704|Child_ABC2|17|Mutated: 4820 1956 772 328 131 72 27 10 4 1 
3792|Child_Cross21|2|Mutated: 5151 1956 798 328 131 72 27 10 4 1 
3939|Child_Cross12|25|Mutated: 5151 1956 731 328 131 72 27 10 4 1 
3971|Child_Avg|51|Mutated: 5199 1956 772 328 131 72 27 10 4 1 
4046|Child_Cross12|37|Mutated: 5151 1633 772 328 131 72 27 10 4 1 
4048|Child_ABC2|41: 5151 1636 772 328 131 72 27 10 4 1 
4308|Child_Cross21|26|Mutated: 4770 1956 772 328 131 72 27 10 4 1 
4445|Child_Avg|51|Mutated: 4745 1956 772 328 131 72 27 10 4 1 
4493|Child_Cross12|25|Mutated: 5151 2044 772 328 131 72 27 10 4 1 
4651|Child_Cross12|37|Mutated: 5151 1898 772 328 131 72 27 10 4 1 
4741|Child_Cross21|26|Mutated: 5151 1956 772 328 131 60 23 10 4 1 
4981|Child_ABC2|17|Mutated: 5007 1956 772 328 131 72 27 10 4 1 
5008|Child_Avg|39|Mutated: 5151 1926 772 328 131 72 27 10 4 1 
5013|Child_ABC1|52: 5151 1948 772 328 131 72 27 10 4 1 
5153|Child_Cross21|2|Mutated: 5132 1926 772 328 131 72 27 10 4 1 
5213|Child_Cross21|50|Mutated: 4796 1926 772 328 131 72 27 10 4 1 
5230|Child_ABC1|40|Mutated: 5132 2037 772 328 131 72 27 10 4 1 
5267|Child_Cross12|25|Mutated: 5132 1926 772 328 149 72 27 10 4 1 
5430|Child_Avg|39|Mutated: 4869 1926 772 328 131 72 27 10 4 1 
5735|Child_Cross12|37|Mutated: 5132 1753 772 328 131 72 27 10 4 1 
5837|Child_ABC2|29|Mutated: 5132 1971 772 328 131 72 27 10 4 1 
