12|Child_ABC2|41|Mutated: 893 310 151 58 24 9 4 1 
14|Survivor|1|Mutated: 1008 310 139 58 24 9 4 1 
28|Survivor|1: 879 256 106 45 19 10 4 1 
45|Child_Cross12|25: 880 257 105 44 19 10 4 1 
49|Child_Cross12|37: 881 257 105 44 19 10 4 1 
140|Child_ABC1|28|Mutated: 711 257 105 44 19 10 4 1 
142|Child_ABC2|5: 924 257 105 44 19 10 4 1 
213|Child_Cross21|2: 919 257 105 44 19 10 4 1 
273|Child_Avg|15: 908 257 105 44 19 10 4 1 
359|Child_ABC2|29|Mutated: 797 257 105 44 19 10 4 1 
362|Survivor|1: 938 257 105 44 19 10 4 1 
379|Child_Cross12|1: 874 257 105 44 19 10 4 1 
397|Child_ABC1|28: 946 257 105 44 19 10 4 1 
401|Child_Cross21|38: 932 257 105 44 19 10 4 1 
406|Child_Avg|39: 935 257 105 44 19 10 4 1 
729|Child_ABC1|28: 915 257 105 44 19 10 4 1 
774|Child_Cross12|13|Mutated: 972 257 105 44 19 10 4 1 
775|Child_Avg|15: 955 257 105 44 19 10 4 1 
779|Child_Avg|27: 936 257 105 44 19 10 4 1 
865|Survivor|1|Mutated: 938 257 114 44 19 10 4 1 
867|Child_Avg|27: 938 257 109 44 19 10 4 1 
894|Child_Cross12|37|Mutated: 938 293 120 52 19 10 4 1 
903|Survivor|1: 938 253 105 44 19 10 4 1 
904|Child_ABC2|17: 938 255 105 44 19 10 4 1 
1106|Child_ABC2|29|Mutated: 1006 295 105 44 19 10 4 1 
1143|Child_Cross21|2: 938 270 105 44 19 10 4 1 
1366|Child_Avg|3|Mutated: 938 266 105 44 19 10 4 1 
1663|Child_ABC2|17|Mutated: 918 257 105 44 19 10 4 1 
1682|Child_Cross12|1|Mutated: 897 257 105 44 19 10 4 1 
1701|Child_ABC2|17|Mutated: 938 254 103 50 19 10 4 1 
2399|Child_LevyP1|42|Mutated: 1003 265 108 46 24 9 4 1 
2456|Child_Avg|3|Mutated: 773 257 105 44 19 10 4 1 
2457|Child_ABC1|40: 681 257 105 44 19 10 4 1 
2542|Child_Avg|27|Mutated: 786 257 105 44 19 10 4 1 
2544|Child_Cross21|26|Mutated: 938 282 105 44 19 10 4 1 
2564|Child_ABC2|5: 949 257 105 44 19 10 4 1 
2712|Child_ABC1|16|Mutated: 938 257 118 53 19 10 4 1 
2833|Child_ABC1|40|Mutated: 917 259 109 44 19 10 4 1 
2844|Survivor|1: 894 257 105 44 19 10 4 1 
2905|Child_ABC1|28|Mutated: 789 257 105 44 19 10 4 1 
3010|Child_Avg|15|Mutated: 963 257 105 44 19 10 4 1 
3128|Child_Cross12|1: 952 257 105 44 19 10 4 1 
3625|Child_Cross21|38|Mutated: 788 299 105 44 19 10 4 1 
3629|Child_Cross21|38: 719 259 105 44 19 10 4 1 
3632|Child_ABC2|29: 675 253 105 44 19 10 4 1 
3633|Child_ABC1|4: 719 257 105 44 19 10 4 1 
3688|Child_Avg|3: 739 257 105 44 19 10 4 1 
3689|Child_ABC2|17: 726 257 105 44 19 10 4 1 
3691|Child_Cross12|25: 722 257 105 44 19 10 4 1 
3697|Child_ABC1|16: 723 257 105 44 19 10 4 1 
3704|Child_Cross21|38: 725 257 105 44 19 10 4 1 
3706|Child_ABC2|29: 729 257 105 44 19 10 4 1 
3861|Child_ABC1|16|Mutated: 725 270 105 44 19 10 4 1 
3895|Survivor|1|Mutated: 725 257 114 44 19 10 4 1 
3992|Child_Cross21|2|Mutated: 725 255 105 44 19 10 4 1 
4042|Child_Cross12|37|Mutated: 720 291 105 44 19 10 4 1 
4302|Child_ABC1|40|Mutated: 725 230 105 44 19 10 4 1 
4443|Child_ABC1|40|Mutated: 725 274 105 44 19 10 4 1 
4449|Child_ABC2|17|Mutated: 709 257 105 44 19 10 4 1 
4559|Child_Cross12|1: 698 257 105 44 19 10 4 1 
4695|Child_ABC2|41: 715 257 105 44 19 10 4 1 
4854|Child_ABC2|17|Mutated: 722 274 105 44 19 10 4 1 
4975|Child_Cross21|2|Mutated: 722 257 108 44 19 10 4 1 
5336|Child_Cross12|13|Mutated: 722 289 105 44 19 10 4 1 
5482|Child_Avg|27|Mutated: 722 272 105 44 19 10 4 1 
5724|Survivor|1|Mutated: 671 257 105 44 19 10 4 1 
5851|Child_Cross12|25|Mutated: 759 228 105 44 19 10 4 1 
5907|Child_ABC2|41|Mutated: 712 257 105 44 19 10 4 1 
6134|Child_Avg|27: 701 257 105 44 19 10 4 1 
6137|Child_ABC1|16: 706 257 105 44 19 10 4 1 
6140|Child_ABC1|4: 689 257 105 44 19 10 4 1 
6142|Child_Cross12|37: 692 257 105 44 19 10 4 1 
6154|Child_ABC2|41: 714 257 105 44 19 10 4 1 
6156|Child_ABC1|28: 705 257 105 44 19 10 4 1 
6412|Child_Cross12|1|Mutated: 698 291 105 44 19 10 4 1 
6413|Child_Avg|39: 698 274 105 44 19 10 4 1 
6576|Random|39: 1853 479 146 66 29 9 4 1 
6578|Child_Cross21|38: 682 257 105 44 19 10 4 1 
6627|Child_Cross12|37|Mutated: 698 259 105 44 19 10 4 1 
6783|Child_Cross12|13|Mutated: 698 270 105 44 19 10 4 1 
6893|Child_Cross12|1|Mutated: 698 211 105 44 19 10 4 1 
6965|Child_LevyC1|8|Mutated: 696 266 101 43 20 9 4 1 
8001|Child_Cross21|2: 662 257 105 44 19 10 4 1 
8684|Survivor|1: 698 255 105 44 19 10 4 1 
9532|Child_Cross21|2|Mutated: 698 272 105 44 19 10 4 1 
9726|Child_Cross21|2|Mutated: 698 257 108 44 19 10 4 1 
10358|Child_ABC1|4|Mutated: 708 257 105 44 19 10 4 1 
10388|Child_ABC2|17|Mutated: 689 283 105 44 19 10 4 1 
10602|Survivor|1: 678 257 105 44 19 10 4 1 
11026|Child_ABC1|16|Mutated: 695 257 105 44 19 10 4 1 
11379|Child_ABC1|4|Mutated: 707 257 99 44 19 10 4 1 
11443|Child_ABC2|5|Mutated: 793 272 105 44 19 10 4 1 
12116|Child_ABC2|41|Mutated: 658 253 105 44 19 10 4 1 
12207|Random|31: 980 341 141 57 23 10 4 1 
12498|Child_ABC2|17|Mutated: 675 257 105 44 19 10 4 1 
12654|Survivor|1: 698 230 105 44 19 10 4 1 
13153|Child_Avg|39|Mutated: 698 263 105 44 19 10 4 1 
15129|Child_ABC1|16|Mutated: 800 257 105 44 19 10 4 1 
16195|Random|14: 2351 1463 307 145 57 23 10 4 1 
17202|Child_ABC1|4|Mutated: 698 247 105 44 19 10 4 1 
17360|Child_Cross12|25|Mutated: 698 242 105 44 19 10 4 1 
17416|Child_LevyC2|33|Mutated: 701 259 104 54 20 9 4 1 
17600|Child_ABC1|28: 702 257 105 44 19 10 4 1 
17610|Child_ABC1|16|Mutated: 698 257 108 53 19 10 4 1 
17785|Child_ABC1|4|Mutated: 736 257 105 44 19 10 4 1 
18579|Child_Avg|27|Mutated: 698 257 112 51 19 10 4 1 
18581|Child_Cross21|38|Mutated: 725 272 105 44 19 10 4 1 
18726|Child_Cross21|26|Mutated: 684 257 105 44 19 10 4 1 
19690|Child_Avg|15|Mutated: 770 257 105 44 19 10 4 1 
20127|Child_ABC1|16|Mutated: 743 255 105 44 19 10 4 1 
21264|Child_ABC1|16|Mutated: 752 234 105 44 19 10 4 1 
21876|Child_ABC2|17|Mutated: 664 257 105 44 19 10 4 1 
23064|Child_Cross12|37|Mutated: 732 257 105 44 19 10 4 1 
23408|Child_ABC2|17|Mutated: 709 257 105 48 23 10 4 1 
23686|Child_LevyABC1|47|Mutated: 724 244 105 43 20 9 4 1 
24222|Child_ABC2|17|Mutated: 720 257 105 44 19 10 4 1 
24329|Child_Avg|39|Mutated: 709 270 105 44 19 10 4 1 
24515|Child_ABC2|29|Mutated: 709 253 105 44 19 10 4 1 
24938|Child_Cross12|25|Mutated: 709 247 105 44 19 10 4 1 
24948|Child_Cross21|26|Mutated: 709 241 104 50 19 10 4 1 
25340|Child_Cross12|37|Mutated: 699 257 105 44 19 10 4 1 
25351|Child_LevyAVG|10|Mutated: 727 285 106 45 21 10 4 1 
