13|Child_Avg|43: 4708 1443 744 267 133 72 27 10 4 1 
17|Survivor|1: 5141 1614 804 289 132 73 27 10 4 1 
285|Child_Cross|1: 3793 1325 556 280 103 56 21 10 4 1 
294|Child_Cross|58: 3520 1271 516 245 96 56 21 10 4 1 
298|Child_Levy|64: 3503 1139 503 217 91 50 23 10 4 1 
339|Survivor|1: 5402 1439 584 229 102 58 21 10 4 1 
678|Survivor|1: 3506 1213 439 256 112 67 25 9 4 1 
992|Survivor|1|Mutated: 3442 1292 503 279 122 57 23 10 4 1 
1166|Survivor|1: 3359 1201 452 218 111 56 25 9 4 1 
1195|Survivor|1: 2408 760 339 141 68 24 9 4 1 
1434|Survivor|1: 2774 981 424 167 81 28 13 4 1 
1511|Child_Cross|58|Mutated: 3640 1575 649 284 136 63 27 11 4 1 
1749|Survivor|1: 4843 2089 833 299 117 68 25 10 4 1 
2041|Child_Avg|15: 7895 2790 1052 375 142 70 27 10 4 1 
2202|Child_Avg|19: 3756 1387 567 283 139 74 24 9 4 1 
2240|Survivor|1: 3586 1445 538 225 110 70 24 9 4 1 
2651|Survivor|1: 3390 1171 578 216 115 60 21 10 4 1 
2762|Survivor|1: 4499 1381 532 262 99 51 25 10 3 1 
2823|Survivor|1|Mutated: 2990 1174 522 246 115 56 21 10 4 1 
3631|Survivor|1: 2986 1075 491 181 109 45 20 9 4 1 
3883|Survivor|1: 4652 1311 558 255 129 61 28 13 4 1 
4033|Child_Cross|50|Mutated: 3586 1400 577 251 102 54 23 10 4 1 
4039|Child_Cross|9: 3354 1257 517 226 102 54 23 10 4 1 
4109|Child_Cross|42: 4649 1430 485 229 105 64 24 9 4 1 
4163|Child_Avg|3: 3521 1019 546 190 92 57 20 9 4 1 
4190|Survivor|1: 5719 1782 653 315 110 56 24 9 4 1 
4198|Child_Avg|47: 4327 1516 568 241 101 56 24 9 4 1 
4228|Child_Levy|40: 3519 1201 585 297 136 66 28 11 4 1 
4433|Child_Avg|59: 3897 1169 512 230 99 57 23 10 4 1 
4618|Child_Cross|34: 3161 1163 440 206 97 50 21 10 4 1 
4623|Survivor|1|Mutated: 3161 1163 440 206 115 50 21 10 4 1 
4636|Child_Cross|26: 3441 1169 530 197 107 50 21 10 4 1 
4651|Child_Cross|34: 3441 1169 563 218 107 50 21 10 4 1 
4659|Child_Cross|5: 3441 1169 563 218 107 54 23 10 4 1 
4768|Child_Cross|29: 3326 1060 507 175 104 55 21 10 4 1 
4908|Child_Avg|27: 2228 799 330 148 70 23 10 4 1 
4990|Child_Cross|14|Mutated: 3583 1126 515 200 92 61 24 9 4 1 
5089|Child_Levy|32: 3503 1053 489 209 89 56 21 10 4 1 
5144|Survivor|1: 3218 978 542 232 85 52 20 9 4 1 
