10|Child_Avg|3: 5102 1530 806 285 139 72 27 10 4 1 
24|Child_LevyP1|30: 4918 1639 551 241 136 71 24 11 4 1 
25|Child_Cross12|37: 4964 1760 674 256 123 72 27 10 4 1 
29|Child_Cross12|37: 5041 1801 666 246 127 65 28 12 5 1 
35|Child_ABC2|5: 5294 1511 666 290 127 65 28 12 5 1 
47|Child_ABC1|40: 4869 1495 690 266 117 62 27 10 4 1 
48|Child_ABC1|4: 4523 1438 684 263 125 62 27 10 4 1 
51|Child_ABC2|17: 4779 1447 718 284 121 62 27 10 4 1 
56|Child_ABC2|29: 4805 1449 645 284 120 62 27 10 4 1 
57|Child_Avg|39: 4654 1449 606 282 113 61 29 10 4 1 
79|Child_Avg|15: 4631 1458 604 282 114 61 29 10 4 1 
82|Child_ABC1|40: 4625 1460 604 282 114 61 29 10 4 1 
86|Child_Cross12|13|Mutated: 4622 1459 603 282 113 61 29 10 4 1 
90|Child_ABC1|40: 4625 1446 604 282 115 61 29 10 4 1 
92|Child_ABC2|17: 4625 1479 604 282 113 61 29 10 4 1 
94|Child_ABC1|16: 4633 1479 604 282 113 61 29 10 4 1 
96|Child_ABC1|28: 4631 1479 604 282 113 61 29 10 4 1 
98|Child_Avg|15: 4630 1475 604 282 113 61 29 10 4 1 
101|Child_ABC1|4: 4627 1479 604 282 113 61 29 10 4 1 
102|Child_Cross12|37: 4626 1479 604 282 113 61 29 10 4 1 
106|Child_Cross21|14|Mutated: 4626 1479 604 282 136 61 29 10 4 1 
115|Child_Cross12|1|Mutated: 4976 1479 604 282 113 61 29 10 4 1 
116|Child_Avg|15: 4801 1479 604 282 113 61 29 10 4 1 
118|Child_ABC2|29: 4873 1479 604 282 113 61 29 10 4 1 
120|Child_Avg|39: 4993 1479 604 282 113 61 29 10 4 1 
121|Child_Avg|3: 4925 1479 604 282 113 61 29 10 4 1 
122|Child_Avg|15: 4863 1479 604 282 113 61 29 10 4 1 
123|Child_Cross21|26: 4926 1479 604 282 113 61 29 10 4 1 
124|Child_Cross21|14: 4936 1479 604 282 113 61 29 10 4 1 
128|Child_ABC2|29: 4913 1479 604 282 113 61 29 10 4 1 
130|Child_ABC2|5: 4938 1479 604 282 113 61 29 10 4 1 
131|Child_ABC2|41: 4941 1479 604 282 113 61 29 10 4 1 
132|Child_Cross12|25: 4937 1479 604 282 113 61 29 10 4 1 
133|Child_Cross12|1: 4920 1479 604 282 113 61 29 10 4 1 
134|Child_Avg|27: 4930 1479 604 282 113 61 29 10 4 1 
135|Child_Cross21|26: 4947 1479 604 282 113 61 29 10 4 1 
137|Child_ABC1|28: 4931 1479 604 282 113 61 29 10 4 1 
196|Child_Cross12|13|Mutated: 4925 1479 652 282 136 61 29 10 4 1 
485|Child_ABC1|40|Mutated: 4925 1479 604 328 126 61 29 10 4 1 
503|Child_LevyP2|43|Mutated: 4894 1511 602 277 117 60 28 11 4 1 
563|Child_Avg|15|Mutated: 4925 1479 604 318 113 61 23 10 4 1 
564|Child_Cross12|25: 4925 1479 604 282 113 61 23 10 4 1 
779|Child_ABC1|16|Mutated: 4751 1479 604 282 113 61 23 10 4 1 
1380|Child_Cross21|26|Mutated: 5247 1479 604 282 113 61 23 10 4 1 
2190|Child_Cross12|1|Mutated: 4829 1479 604 282 113 61 23 10 4 1 
2373|Child_Cross12|13|Mutated: 4864 1479 604 282 113 61 23 10 4 1 
2374|Child_ABC2|5: 4897 1479 604 282 113 61 23 10 4 1 
2375|Child_ABC2|5: 4924 1479 604 282 113 61 23 10 4 1 
2376|Child_Avg|15: 4938 1479 604 282 113 61 23 10 4 1 
2377|Child_ABC2|29: 4926 1479 604 282 113 61 23 10 4 1 
2532|Survivor|1|Mutated: 5027 1479 604 282 113 61 23 10 4 1 
2551|Child_ABC2|29|Mutated: 4757 1479 604 282 113 61 23 10 4 1 
2773|Child_Cross21|26|Mutated: 4845 1479 604 282 113 61 23 10 4 1 
2912|Child_ABC1|28|Mutated: 4869 1479 604 282 113 61 23 10 4 1 
3011|Child_Avg|27|Mutated: 4925 1432 604 282 113 61 23 10 4 1 
3241|Child_LevyABC2|48|Mutated: 4843 1395 655 264 129 58 24 9 4 1 
3448|Child_Avg|15|Mutated: 5117 1479 604 282 113 61 23 10 4 1 
3459|Child_ABC2|29|Mutated: 4925 1592 604 282 113 61 23 10 4 1 
3650|Child_ABC2|41|Mutated: 4925 1348 604 282 113 61 23 10 4 1 
3678|Child_ABC2|41|Mutated: 4925 1496 604 282 113 61 23 10 4 1 
3926|Child_Cross12|13|Mutated: 5051 1479 604 282 113 61 23 10 4 1 
4012|Child_ABC1|16|Mutated: 5009 1479 604 282 113 61 23 10 4 1 
4407|Child_ABC1|28|Mutated: 5015 1479 604 282 113 61 23 10 4 1 
4408|Child_ABC2|17: 4875 1479 604 282 113 61 23 10 4 1 
4741|Child_Avg|27|Mutated: 5065 1479 604 282 113 61 23 10 4 1 
4742|Child_ABC1|4: 4947 1479 604 282 113 61 23 10 4 1 
4882|Child_Cross12|1|Mutated: 4925 1479 667 306 113 61 23 10 4 1 
5021|Survivor|1|Mutated: 4876 1479 604 282 113 61 23 10 4 1 
5025|Child_Cross21|38|Mutated: 4925 1557 604 282 113 61 23 10 4 1 
5063|Child_Avg|15|Mutated: 4925 1551 604 262 113 61 23 10 4 1 
5140|Child_ABC2|5|Mutated: 4812 1479 604 282 113 61 23 10 4 1 
