23|Survivor|1: 8627 2908 1272 407 222 132 57 23 10 4 1 
36|Child|33: 10021 2908 1272 407 222 132 57 23 10 4 1 
45|Child|38|Mutated: 10021 2442 1107 403 222 132 57 23 10 4 1 
46|Survivor|2: 10021 2908 1272 403 222 132 57 23 10 4 1 
47|Child|50|Mutated: 11141 2908 1272 407 222 132 57 23 10 4 1 
50|Child|32|Mutated: 10232 2908 1272 407 222 132 57 23 10 4 1 
58|Child|24|Mutated: 10157 2908 1272 458 222 132 57 23 10 4 1 
65|Child|22: 10961 2908 1272 458 222 132 57 23 10 4 1 
93|Child|11|Mutated: 10647 2908 1272 458 222 132 57 23 10 4 1 
97|Child|19: 10157 3215 1272 458 222 132 57 23 10 4 1 
104|Child|33|Mutated: 10647 2908 1233 458 222 132 57 23 10 4 1 
133|Child|18|Mutated: 10647 3380 1272 458 222 132 57 23 10 4 1 
153|Survivor|6|Mutated: 10647 2748 1083 505 222 132 57 23 10 4 1 
176|Child|24|Mutated: 10647 2899 1083 505 222 132 57 23 10 4 1 
183|Child|46|Mutated: 10647 3175 1191 505 222 132 57 23 10 4 1 
218|Child|31|Mutated: 10576 3175 1191 505 222 132 57 23 10 4 1 
222|Child|14: 10812 3175 1191 505 222 132 57 23 10 4 1 
252|Child|9|Mutated: 11012 3175 1191 505 222 132 57 23 10 4 1 
353|Child|13|Mutated: 10631 3175 1191 505 222 132 57 23 10 4 1 
404|Child|11|Mutated: 10852 3175 1191 505 222 132 57 23 10 4 1 
609|Child|41|Mutated: 11030 3175 1191 505 222 132 57 23 10 4 1 
643|Survivor|6|Mutated: 10927 3175 1191 505 222 132 57 23 10 4 1 
669|Child|16|Mutated: 11342 3175 1191 505 222 132 57 23 10 4 1 
794|Child|44|Mutated: 11552 3175 1191 505 222 132 57 23 10 4 1 
805|Child|46|Mutated: 11597 3175 1191 505 222 132 57 23 10 4 1 
861|Child|13|Mutated: 10930 3175 1191 505 222 132 57 23 10 4 1 
872|Child|18|Mutated: 10594 3175 1191 505 222 132 57 23 10 4 1 
950|Child|16|Mutated: 11149 3175 1191 505 222 132 57 23 10 4 1 
980|Child|24|Mutated: 10647 3175 1301 505 222 132 57 23 10 4 1 
1069|Child|32|Mutated: 11201 3175 1191 505 222 132 57 23 10 4 1 
1087|Child|36|Mutated: 11777 3175 1191 505 222 132 57 23 10 4 1 
1180|Child|21|Mutated: 10658 3175 1191 505 222 132 57 23 10 4 1 
1214|Child|13|Mutated: 11064 3175 1191 505 222 132 57 23 10 4 1 
1229|Survivor|5|Mutated: 11170 3175 1191 505 222 132 57 23 10 4 1 
1237|Survivor|6|Mutated: 10245 3175 1191 505 222 132 57 23 10 4 1 
1264|Child|12|Mutated: 10327 3175 1191 505 222 132 57 23 10 4 1 
1321|Child|38|Mutated: 10658 2818 1191 505 222 132 57 23 10 4 1 
1442|Survivor|2|Mutated: 10658 3146 1191 505 222 132 57 23 10 4 1 
1486|Child|24|Mutated: 11547 3175 1191 505 222 132 57 23 10 4 1 
1641|Child|42|Mutated: 11876 3175 1191 505 222 132 57 23 10 4 1 
1675|Child|21|Mutated: 10781 3175 1191 505 222 132 57 23 10 4 1 
1714|Child|46: 11731 3175 1191 505 222 132 57 23 10 4 1 
1728|Survivor|2|Mutated: 11448 3175 1191 505 222 132 57 23 10 4 1 
1743|Child|46|Mutated: 10658 3115 1191 505 222 132 57 23 10 4 1 
1745|Child|21|Mutated: 11081 3175 1191 505 222 132 57 23 10 4 1 
1828|Child|5|Mutated: 11633 3175 1191 505 222 132 57 23 10 4 1 
1834|Child|15|Mutated: 10658 3126 1191 505 222 132 57 23 10 4 1 
1838|Survivor|4|Mutated: 10658 3175 1191 534 256 132 57 23 10 4 1 
1946|Survivor|2|Mutated: 10998 3175 1191 505 222 132 57 23 10 4 1 
2002|Child|44|Mutated: 10658 3055 1191 505 222 132 57 23 10 4 1 
2012|Child|1|Mutated: 10851 3175 1191 505 222 132 57 23 10 4 1 
2084|Child|14|Mutated: 11244 3175 1191 505 222 132 57 23 10 4 1 
2098|Child|27|Mutated: 10401 3175 1191 505 222 132 57 23 10 4 1 
2139|Child|1|Mutated: 10977 3175 1191 505 222 132 57 23 10 4 1 
2205|Child|6|Mutated|Validated: 11052 3175 1191 505 222 132 57 23 10 4 1 
2206|Survivor|10|Mutated: 11388 3175 1191 505 222 132 57 23 10 4 1 
2218|Child|44|Mutated: 10569 3175 1191 505 222 132 57 23 10 4 1 
2297|Child|8|Mutated: 10427 3010 1258 505 222 132 57 23 10 4 1 
2319|Child|49|Mutated: 11436 3175 1191 505 222 132 57 23 10 4 1 
2331|Child|30|Mutated: 10658 3734 1310 505 222 132 57 23 10 4 1 
2385|Child|19|Mutated: 10978 3175 1191 505 222 132 57 23 10 4 1 
2415|Survivor|1|Mutated: 10658 3020 1130 505 222 132 57 23 10 4 1 
2495|Child|10|Mutated: 10526 3175 1191 505 222 132 57 23 10 4 1 
2588|Child|37|Mutated: 10900 3175 1191 505 222 132 57 23 10 4 1 
2608|Child|48: 10903 3175 1191 505 222 132 57 23 10 4 1 
2615|Child|3|Mutated: 10755 3175 1191 505 222 132 57 23 10 4 1 
2619|Survivor|4|Mutated: 10658 3074 1191 505 222 132 57 23 10 4 1 
2639|Child|10|Mutated: 10658 3273 1191 505 222 132 57 23 10 4 1 
2690|Child|25|Mutated: 10658 3225 1191 505 222 132 57 23 10 4 1 
2737|Child|39|Mutated: 10658 2882 1191 505 222 132 57 23 10 4 1 
2743|Child|48|Mutated|Validated: 10691 3184 1191 505 222 132 57 23 10 4 1 
2756|Child|34|Mutated: 10798 3175 1191 505 222 132 57 23 10 4 1 
2805|Child|27|Mutated: 10481 3175 1191 505 222 132 57 23 10 4 1 
2854|Child|32|Mutated: 10658 3175 1225 505 222 132 57 23 10 4 1 
2858|Survivor|10|Mutated: 11343 3175 1191 505 222 132 57 23 10 4 1 
2860|Child|1|Mutated: 11454 3175 1191 505 222 132 57 23 10 4 1 
2862|Child|12|Mutated: 10562 3175 1191 505 222 132 57 23 10 4 1 
2928|Child|37: 10722 3175 1191 505 222 132 57 23 10 4 1 
2945|Survivor|2|Mutated: 11262 3175 1191 505 222 132 57 23 10 4 1 
2958|Child|6|Mutated: 10658 3314 1191 505 222 132 57 23 10 4 1 
2986|Child|44|Mutated: 10658 3238 1191 505 222 132 57 23 10 4 1 
3076|Child|49|Mutated: 10658 3175 1206 505 222 132 57 23 10 4 1 
3115|Child|41|Mutated: 10658 3307 1191 505 222 132 57 23 10 4 1 
3129|Child|12: 10773 3175 1191 505 222 132 57 23 10 4 1 
3155|Child|10|Mutated: 10740 3175 1191 505 222 132 57 23 10 4 1 
3181|Child|1|Mutated: 11102 3175 1191 505 222 132 57 23 10 4 1 
3282|Child|29|Mutated: 11534 3175 1191 505 222 132 57 23 10 4 1 
3451|Child|12|Mutated: 11857 3175 1191 505 222 132 57 23 10 4 1 
3457|Child|44|Mutated: 10658 3014 1191 505 222 132 57 23 10 4 1 
3514|Survivor|5|Mutated: 10683 3175 1191 505 222 132 57 23 10 4 1 
3517|Child|16|Mutated: 10932 3175 1191 505 222 132 57 23 10 4 1 
3660|Child|9|Mutated: 10936 3175 1191 505 222 132 57 23 10 4 1 
3667|Child|45|Mutated: 10910 3175 1191 505 222 132 57 23 10 4 1 
3726|Child|6|Mutated: 11197 3175 1191 505 222 132 57 23 10 4 1 
3729|Child|14|Mutated: 10932 3175 1244 505 222 132 57 23 10 4 1 
3736|Child|47|Mutated: 10932 3232 1191 505 222 132 57 23 10 4 1 
3810|Child|42|Mutated: 10932 3175 1191 572 232 132 57 23 10 4 1 
3814|Child|30: 10676 3175 1191 505 222 132 57 23 10 4 1 
3829|Child|9|Mutated: 10801 3175 1274 577 222 132 57 23 10 4 1 
3830|Survivor|2: 10932 3167 1191 505 222 132 57 23 10 4 1 
3893|Child|33|Mutated: 10932 3010 1191 505 222 132 57 23 10 4 1 
3900|Child|4|Mutated: 10932 3175 1191 560 222 132 57 23 10 4 1 
3914|Child|47|Mutated: 10807 3175 1191 505 222 132 57 23 10 4 1 
3962|Child|44|Mutated: 10364 3175 1191 505 222 132 57 23 10 4 1 
3997|Survivor|2|Mutated: 10932 3264 1191 505 222 132 57 23 10 4 1 
3998|Survivor|2: 10822 3175 1191 505 222 132 57 23 10 4 1 
4017|Child|26|Mutated: 11483 3175 1191 505 222 132 57 23 10 4 1 
4140|Child|14|Mutated: 10932 3477 1191 505 222 132 57 23 10 4 1 
4155|Child|19|Mutated: 11015 3175 1191 505 222 132 57 23 10 4 1 
4159|Child|17|Mutated: 11271 3175 1191 505 222 132 57 23 10 4 1 
4248|Child|16|Mutated: 10937 3175 1191 505 222 132 57 23 10 4 1 
4262|Survivor|9|Mutated: 11129 3175 1191 505 222 132 57 23 10 4 1 
4282|Child|2|Mutated: 10974 3175 1191 505 222 132 57 23 10 4 1 
4332|Child|30|Mutated: 10932 3326 1191 505 222 132 57 23 10 4 1 
4333|Survivor|2: 10932 3323 1191 505 222 132 57 23 10 4 1 
4382|Child|16|Mutated: 11628 3175 1191 505 222 132 57 23 10 4 1 
4503|Child|10|Mutated: 10637 3175 1191 505 222 132 57 23 10 4 1 
4524|Child|8|Mutated: 11055 3175 1191 505 222 132 57 23 10 4 1 
4567|Child|39|Mutated: 11131 3175 1191 505 222 132 57 23 10 4 1 
4731|Child|26|Mutated: 10830 3175 1191 505 222 132 57 23 10 4 1 
4755|Child|13|Mutated: 11337 3175 1191 505 222 132 57 23 10 4 1 
4779|Child|6: 11205 3175 1191 505 222 132 57 23 10 4 1 
4853|Child|21|Mutated: 10757 3175 1191 505 222 132 57 23 10 4 1 
4860|Child|11|Mutated: 11451 3175 1191 505 222 132 57 23 10 4 1 
4898|Child|37|Mutated: 10141 3175 1191 505 222 132 57 23 10 4 1 
4972|Child|25|Mutated: 10940 3175 1191 563 222 132 57 23 10 4 1 
5012|Child|45: 11203 3175 1191 505 222 132 57 23 10 4 1 
5047|Child|37|Mutated: 11669 3175 1191 505 222 132 57 23 10 4 1 
5148|Child|15|Mutated: 11748 3175 1191 505 222 132 57 23 10 4 1 
5226|Child|42|Mutated: 11650 3175 1191 505 222 132 57 23 10 4 1 
5230|Child|50|Mutated: 10786 3175 1191 505 222 132 57 23 10 4 1 
5261|Child|47|Mutated: 10420 3175 1191 505 222 132 57 23 10 4 1 
5298|Child|30|Mutated: 11283 3175 1191 505 222 132 57 23 10 4 1 
5372|Survivor|7|Mutated: 10890 3175 1191 505 222 132 57 23 10 4 1 
5385|Child|32|Mutated: 11819 3175 1191 505 222 132 57 23 10 4 1 
5418|Child|34|Mutated: 10830 3175 1268 505 222 132 57 23 10 4 1 
5435|Child|34|Mutated: 11402 3174 1191 505 222 132 57 23 10 4 1 
5530|Child|1|Mutated: 10093 3175 1191 505 222 132 57 23 10 4 1 
5556|Survivor|2|Mutated: 11243 3175 1191 505 222 132 57 23 10 4 1 
5593|Child|1|Mutated: 10558 3175 1191 505 222 132 57 23 10 4 1 
5594|Survivor|2: 11309 3175 1191 505 222 132 57 23 10 4 1 
5599|Child|9|Mutated: 10268 3175 1191 505 222 132 57 23 10 4 1 
5710|Child|30|Mutated: 10830 3426 1191 505 222 132 57 23 10 4 1 
5717|Child|9|Mutated: 11885 3175 1191 505 222 132 57 23 10 4 1 
5762|Child|26|Mutated|Validated: 10818 3175 1191 505 222 132 57 23 10 4 1 
5763|Child|10|Mutated: 11019 3175 1191 505 222 132 57 23 10 4 1 
5788|Child|50|Mutated: 10825 3175 1191 505 222 132 57 23 10 4 1 
5840|Child|3|Mutated: 10830 3104 1191 505 222 132 57 23 10 4 1 
5881|Survivor|1|Mutated: 10830 3206 1191 505 222 132 57 23 10 4 1 
5882|Child|14|Mutated: 10610 3012 1191 505 222 132 57 23 10 4 1 
5895|Child|13|Mutated: 11174 3175 1191 505 222 132 57 23 10 4 1 
5896|Survivor|5|Mutated: 10733 3175 1191 505 222 132 57 23 10 4 1 
5949|Child|21|Mutated: 10830 2843 1191 505 222 132 57 23 10 4 1 
5956|Child|35|Mutated: 11508 3175 1191 505 222 132 57 23 10 4 1 
