1383|Survivor|1: 6708 1775 655 246 102 52 19 10 4 1 
1495|Survivor|1: 6398 1775 655 246 102 52 19 10 4 1 
1616|Child|31|Mutated: 6398 1581 655 246 102 52 19 10 4 1 
1789|Survivor|1: 6544 1581 622 246 98 52 19 10 4 1 
1798|Survivor|9|Mutated: 6544 1423 622 246 102 52 19 10 4 1 
2186|Survivor|1: 6544 1581 622 246 102 52 19 10 4 1 
2423|Survivor|1: 6544 1563 602 245 103 50 19 10 4 1 
2634|Child|35: 6629 1581 622 246 87 52 19 10 4 1 
2778|Child|36: 6606 1581 622 246 87 52 19 10 4 1 
2861|Survivor|1: 6606 1581 622 246 102 52 19 10 4 1 
3027|Survivor|9|Mutated: 7143 1581 622 246 98 52 19 10 4 1 
3275|Survivor|1: 6606 1581 622 246 98 52 19 10 4 1 
3434|Child|9|Mutated: 6606 1593 622 246 98 52 19 10 4 1 
4565|Survivor|2|Mutated: 6606 1701 622 272 101 52 19 10 4 1 
4868|Survivor|1: 6606 1581 622 251 96 52 19 10 4 1 
5014|Survivor|10|Mutated: 6606 1581 622 246 101 52 17 10 4 1 
5096|Survivor|1: 6606 1581 622 245 93 52 19 10 4 1 
