11|Child_Avg|39: 749 275 102 44 23 10 4 1 
158|Child_Cross12|37|Mutated: 749 275 119 44 23 10 4 1 
225|Child_ABC2|17|Mutated: 749 275 122 47 23 10 4 1 
246|Child_ABC2|17: 745 275 102 44 23 10 4 1 
248|Child_Avg|39: 721 275 102 44 23 10 4 1 
252|Child_Cross12|1: 715 275 102 44 23 10 4 1 
254|Child_Avg|3: 718 275 102 44 23 10 4 1 
265|Child_ABC2|17|Mutated: 715 275 117 44 23 10 4 1 
421|Child_ABC1|52|Mutated: 750 275 117 44 23 10 4 1 
422|Child_ABC1|28: 721 275 117 44 23 10 4 1 
423|Child_ABC1|52|Mutated: 727 275 117 44 23 10 4 1 
425|Child_ABC1|4: 748 275 117 44 23 10 4 1 
426|Child_Cross12|1: 745 275 117 44 23 10 4 1 
427|Child_Cross21|14: 736 275 117 44 23 10 4 1 
428|Child_ABC1|16: 701 275 117 44 23 10 4 1 
429|Child_Cross12|1: 730 275 117 44 23 10 4 1 
430|Child_Cross21|50: 724 275 117 44 23 10 4 1 
435|Child_ABC2|17: 733 275 117 44 23 10 4 1 
436|Child_Cross12|37: 756 275 117 44 23 10 4 1 
445|Child_ABC2|41: 716 275 117 44 23 10 4 1 
446|Child_Cross21|2: 718 275 117 44 23 10 4 1 
448|Child_ABC1|16: 719 275 117 44 23 10 4 1 
540|Child_ABC2|53|Mutated: 739 275 117 44 23 10 4 1 
594|Child_Avg|39|Mutated: 765 275 117 44 23 10 4 1 
701|Child_ABC2|41|Mutated: 742 275 117 44 23 10 4 1 
765|Survivor|1: 771 275 117 44 23 10 4 1 
833|Child_ABC2|29|Mutated: 721 252 117 44 23 10 4 1 
928|Child_ABC2|53|Mutated: 692 275 117 44 23 10 4 1 
1177|Child_Cross21|50|Mutated: 713 275 117 44 23 10 4 1 
1194|Child_Cross12|13|Mutated: 721 266 117 44 23 10 4 1 
1998|Child_ABC1|40|Mutated: 747 275 117 44 23 10 4 1 
2350|Child_Cross21|50|Mutated: 721 275 119 51 23 10 4 1 
2542|Child_Avg|27|Mutated: 721 275 117 47 21 10 4 1 
2569|Child_Cross12|13|Mutated: 721 298 117 44 23 10 4 1 
2921|Child_Cross12|37|Mutated: 721 275 129 51 23 10 4 1 
3444|Child_ABC1|28|Mutated: 721 275 117 49 21 10 4 1 
3445|Survivor|1|Mutated: 721 275 124 49 21 10 4 1 
3492|Child_ABC2|41: 735 275 117 44 23 10 4 1 
3581|Child_ABC1|28|Mutated: 738 275 117 44 23 10 4 1 
3595|Child_Avg|15: 712 275 117 44 23 10 4 1 
3806|Child_ABC1|52|Mutated: 709 275 117 44 23 10 4 1 
4067|Child_ABC2|29|Mutated: 718 302 117 44 23 10 4 1 
4168|Child_Cross21|14|Mutated: 718 277 117 44 23 10 4 1 
4203|Child_ABC2|53|Mutated: 718 275 123 44 23 10 4 1 
4244|Child_ABC1|28: 706 275 117 44 23 10 4 1 
4253|Child_Cross12|37: 704 275 117 44 23 10 4 1 
4309|Child_Avg|15: 717 275 117 44 23 10 4 1 
4405|Child_Cross12|25|Mutated: 718 252 117 44 23 10 4 1 
4436|Child_ABC2|5|Mutated: 718 266 117 44 23 10 4 1 
4731|Child_ABC1|28|Mutated: 718 273 117 44 23 10 4 1 
4813|Child_Avg|3|Mutated: 751 275 117 44 23 10 4 1 
4867|Child_Avg|15|Mutated: 718 275 119 51 23 10 4 1 
5012|Child_Cross21|38|Mutated: 712 275 123 44 23 10 4 1 
5096|Child_ABC2|53|Mutated: 764 275 117 44 23 10 4 1 
5135|Child_ABC2|29|Mutated: 712 294 117 44 23 10 4 1 
5140|Survivor|1|Mutated: 768 275 117 44 23 10 4 1 
5208|Child_ABC2|41|Mutated: 695 275 117 44 23 10 4 1 
5415|Child_ABC1|52: 703 275 117 44 23 10 4 1 
5416|Child_Cross12|1: 707 275 117 44 23 10 4 1 
5548|Child_Cross12|37|Mutated: 707 281 117 44 23 10 4 1 
5549|Child_ABC2|53: 707 287 117 44 23 10 4 1 
5649|Child_Avg|39|Mutated: 736 275 129 51 23 10 4 1 
6066|Child_Avg|15|Mutated: 736 275 123 44 23 10 4 1 
6319|Child_ABC2|17: 741 275 117 44 23 10 4 1 
6570|Child_ABC2|53|Mutated: 698 275 117 44 23 10 4 1 
6858|Child_Avg|27|Mutated: 779 275 117 44 23 10 4 1 
7180|Child_ABC1|28|Mutated: 730 279 117 44 23 10 4 1 
7565|Child_ABC2|17|Mutated: 730 281 117 44 23 10 4 1 
7579|Survivor|1: 762 275 117 44 23 10 4 1 
7580|Child_Cross21|38: 730 275 123 44 23 10 4 1 
7678|Child_ABC2|41|Mutated: 691 275 117 44 23 10 4 1 
7873|Child_Cross21|50|Mutated: 744 275 117 44 23 10 4 1 
8035|Child_ABC1|52|Mutated: 733 258 117 44 23 10 4 1 
8036|Child_ABC1|28: 733 283 117 44 23 10 4 1 
8415|Child_Cross21|26|Mutated: 733 275 123 44 23 10 4 1 
9070|Child_ABC2|17|Mutated: 789 275 117 44 23 10 4 1 
9572|Child_Cross21|2|Mutated: 710 275 117 44 23 10 4 1 
9623|Child_Cross12|1|Mutated: 674 275 117 44 23 10 4 1 
9748|Child_Avg|51|Mutated: 700 275 117 44 23 10 4 1 
9842|Child_Cross21|2|Mutated: 715 283 117 44 23 10 4 1 
9843|Child_Avg|27: 715 279 117 44 23 10 4 1 
9871|Survivor|1: 715 275 123 44 23 10 4 1 
9984|Child_Cross21|26|Mutated: 715 275 117 49 21 10 4 1 
10026|Child_Cross21|50|Mutated: 715 266 117 44 23 10 4 1 
10091|Child_ABC2|17: 723 279 117 44 23 10 4 1 
10092|Child_Avg|51: 722 279 117 44 23 10 4 1 
10095|Child_ABC2|5: 754 279 117 44 23 10 4 1 
10182|Child_Cross12|25|Mutated: 711 279 117 44 23 10 4 1 
10231|Child_ABC1|40|Mutated: 685 279 117 44 23 10 4 1 
10321|Child_Cross12|49|Mutated: 741 279 117 44 23 10 4 1 
10371|Child_Cross12|25|Mutated: 795 258 117 44 23 10 4 1 
10499|Child_ABC2|53|Mutated: 730 279 117 49 21 10 4 1 
10868|Child_Avg|51|Mutated: 730 260 117 44 23 10 4 1 
10945|Child_ABC1|16|Mutated: 752 279 117 44 23 10 4 1 
10946|Child_ABC2|5: 709 279 117 44 23 10 4 1 
10949|Child_Avg|51: 729 279 117 44 23 10 4 1 
10950|Child_Cross12|1: 759 279 117 44 23 10 4 1 
10951|Child_Cross21|14: 728 279 117 44 23 10 4 1 
10952|Child_ABC2|17: 713 279 117 44 23 10 4 1 
11018|Child_Cross12|1|Mutated: 743 279 117 44 23 10 4 1 
11019|Child_Avg|39: 726 279 117 44 23 10 4 1 
11084|Child_ABC2|5|Mutated: 701 279 117 44 23 10 4 1 
11085|Child_ABC1|52: 699 279 117 44 23 10 4 1 
11091|Child_ABC1|28|Mutated: 708 279 117 44 23 10 4 1 
11194|Child_ABC2|41: 684 279 117 44 23 10 4 1 
11200|Child_Cross12|25|Mutated: 751 279 117 44 23 10 4 1 
11205|Child_Cross21|2: 739 279 117 44 23 10 4 1 
11206|Child_ABC2|29: 700 279 117 44 23 10 4 1 
11374|Child_Avg|3|Mutated: 729 279 124 51 23 10 4 1 
11525|Child_Avg|51|Mutated: 725 279 117 44 23 10 4 1 
11970|Child_Cross12|37|Mutated: 714 279 117 44 23 10 4 1 
11974|Child_Cross21|50: 737 279 117 44 23 10 4 1 
12285|Child_Cross12|49|Mutated: 797 279 117 44 23 10 4 1 
12347|Child_Avg|27|Mutated: 730 279 118 44 23 10 4 1 
12441|Survivor|1|Mutated: 773 279 117 44 23 10 4 1 
12529|Child_Avg|3: 707 279 117 44 23 10 4 1 
12583|Child_ABC1|40|Mutated: 758 279 117 44 23 10 4 1 
12649|Child_Cross21|50: 716 279 117 44 23 10 4 1 
12654|Child_Cross12|49: 710 279 117 44 23 10 4 1 
13373|Child_ABC1|40|Mutated: 781 279 117 44 23 10 4 1 
13433|Child_Cross12|13|Mutated: 729 284 117 49 21 10 4 1 
13616|Child_Cross21|50|Mutated: 729 298 117 44 23 10 4 1 
13906|Child_Cross21|38|Mutated: 765 281 117 44 23 10 4 1 
14141|Child_ABC1|40|Mutated: 733 279 106 51 23 10 4 1 
14196|Child_LevyC2|9|Mutated: 716 285 130 46 24 9 4 1 
14255|Child_ABC1|40|Mutated: 686 279 117 44 23 10 4 1 
14256|Child_Avg|51|Mutated: 744 279 117 44 23 10 4 1 
14268|Child_Cross12|1|Mutated: 802 279 125 47 23 10 4 1 
14348|Child_Cross21|50|Mutated: 715 300 125 44 23 10 4 1 
14827|Child_Cross12|49|Mutated: 698 260 117 44 23 10 4 1 
14973|Child_ABC1|52|Mutated: 783 279 117 44 23 10 4 1 
15189|Child_Cross21|38|Mutated: 715 281 117 44 23 10 4 1 
15444|Child_ABC2|17|Mutated: 789 279 117 44 23 10 4 1 
15448|Child_ABC1|16: 740 279 117 44 23 10 4 1 
15467|Child_Avg|15|Mutated: 753 279 117 44 23 10 4 1 
15503|Child_ABC1|28|Mutated: 745 279 117 44 23 10 4 1 
15559|Child_Cross12|25|Mutated: 714 279 118 44 23 10 4 1 
15582|Child_ABC1|52|Mutated: 724 279 117 44 23 10 4 1 
15610|Child_ABC2|41|Mutated: 767 279 117 44 23 10 4 1 
16737|Child_Cross12|37|Mutated: 714 258 117 44 23 10 4 1 
17354|Child_ABC2|29: 731 279 117 44 23 10 4 1 
17462|Child_ABC2|17|Mutated: 757 279 117 44 23 10 4 1 
17604|Child_ABC2|53|Mutated: 760 279 117 44 23 10 4 1 
17643|Child_ABC1|52: 727 279 117 44 23 10 4 1 
18247|Child_Avg|51|Mutated: 787 279 117 44 23 10 4 1 
18276|Child_ABC2|41|Mutated: 729 258 117 44 23 10 4 1 
18615|Child_ABC2|17: 720 283 117 44 23 10 4 1 
18655|Child_Cross12|25|Mutated: 729 271 117 44 23 10 4 1 
18906|Child_ABC2|41: 670 279 117 44 23 10 4 1 
18942|Child_ABC2|5: 784 279 117 44 23 10 4 1 
18945|Child_ABC1|16|Mutated: 710 283 117 44 23 10 4 1 
19263|Child_Cross12|1: 681 279 117 44 23 10 4 1 
20440|Child_Avg|51|Mutated: 729 296 117 44 23 10 4 1 
20472|Child_Avg|15|Mutated: 738 279 117 44 23 10 4 1 
21659|Child_Cross21|2|Mutated: 728 279 124 51 23 10 4 1 
21770|Child_Avg|15|Mutated: 679 279 117 44 23 10 4 1 
21955|Child_Cross21|26|Mutated: 694 279 117 44 23 10 4 1 
22317|Child_ABC2|41|Mutated: 799 279 117 44 23 10 4 1 
22408|Child_Cross21|26|Mutated: 729 294 117 44 23 10 4 1 
22787|Child_Cross21|2|Mutated: 729 279 112 47 23 10 4 1 
23257|Child_Cross12|1|Mutated: 803 279 117 44 23 10 4 1 
23349|Child_LevyC1|56|Mutated: 732 283 118 43 24 9 4 1 
23491|Child_Avg|3|Mutated: 768 279 117 44 23 10 4 1 
24369|Child_Cross12|1|Mutated: 712 279 117 44 23 10 4 1 
24631|Child_ABC2|53|Mutated: 714 279 117 49 21 10 4 1 
25142|Child_Cross12|13|Mutated: 746 279 117 44 23 10 4 1 
