34|Survivor|1: 581 233 109 45 21 10 4 1 
43|Survivor|1|Mutated: 593 251 109 45 21 10 4 1 
96|Child_Cross|42: 987 304 137 56 21 10 4 1 
161|Survivor|1: 1054 318 120 45 23 10 4 1 
172|Survivor|1: 851 318 120 45 23 10 4 1 
249|Child_Cross|50: 1564 410 151 60 28 11 4 1 
288|Survivor|1: 1002 277 113 48 23 10 4 1 
289|Child_Cross|42: 717 245 109 47 23 10 4 1 
352|Survivor|1|Mutated: 688 243 103 43 24 9 4 1 
879|Child_Levy|8: 1046 302 114 56 25 9 4 1 
880|Survivor|1|Mutated: 1021 302 114 56 25 9 4 1 
972|Child_Avg|3: 723 216 125 46 24 9 4 1 
997|Survivor|1: 1819 546 165 64 29 10 4 1 
1389|Child_Cross|29: 678 243 106 46 24 9 4 1 
1454|Survivor|1: 896 272 110 43 20 9 4 1 
1515|Survivor|1: 978 288 111 49 28 10 3 1 
1533|Child_Cross|22: 978 288 111 49 24 9 4 1 
1548|Survivor|1: 978 288 111 50 24 9 4 1 
1871|Survivor|1: 750 257 108 49 24 9 4 1 
1997|Survivor|1: 939 309 135 59 24 9 4 1 
2065|Child_Cross|5: 914 277 148 47 23 10 4 1 
2124|Survivor|1: 1095 308 138 49 21 10 4 1 
2668|Child_Levy|64: 1057 312 155 54 24 11 4 1 
2909|Survivor|1: 897 283 106 46 24 9 4 1 
3043|Child_Cross|41: 974 297 118 47 21 10 4 1 
3279|Survivor|1: 1025 276 122 51 24 11 4 1 
3375|Survivor|1: 1958 437 155 74 24 9 4 1 
3499|Child_Avg|19: 1046 331 124 49 21 10 4 1 
3644|Survivor|1: 962 275 124 45 19 10 4 1 
3664|Survivor|1: 962 275 124 45 23 10 4 1 
3870|Survivor|1: 1715 498 167 67 23 10 4 1 
3882|Survivor|1: 958 296 115 52 24 9 4 1 
3951|Survivor|1: 1086 355 117 54 23 10 4 1 
3986|Child_Levy|28: 739 239 122 57 21 10 4 1 
4138|Survivor|1: 869 256 106 59 21 10 4 1 
4140|Child_Levy|40: 1072 317 133 59 24 9 4 1 
4149|Child_Avg|47: 888 265 115 55 24 9 4 1 
4681|Random|26: 1764 423 162 67 31 10 4 1 
4900|Survivor|1: 893 290 122 55 20 9 4 1 
5000|Child_Cross|58: 1034 377 129 53 24 9 4 1 
5076|Survivor|1: 682 260 99 46 21 10 4 1 
5086|Survivor|1: 2230 600 219 90 46 21 10 4 1 
5178|Survivor|1: 703 292 118 50 23 10 4 1 
5241|Survivor|1: 998 315 116 45 21 10 4 1 
5339|Survivor|1: 764 266 101 51 23 10 4 1 
5355|Child_Cross|21: 825 291 110 58 24 9 4 1 
5359|Survivor|1|Mutated: 765 291 110 58 24 9 4 1 
5509|Survivor|1: 1973 432 131 54 24 11 4 1 
5555|Child_Levy|20: 1588 443 178 69 27 10 4 1 
5580|Survivor|1: 733 229 108 43 24 9 4 1 
5882|Child_Avg|7: 1034 275 128 46 24 9 4 1 
5921|Survivor|1: 940 268 102 48 23 10 4 1 
5970|Survivor|1: 1040 266 117 50 21 10 4 1 
6025|Survivor|1|Mutated: 708 255 103 43 24 9 4 1 
6198|Child_Levy|36: 754 263 119 51 23 10 4 1 
6397|Survivor|1: 1435 353 142 52 27 10 4 1 
6527|Survivor|1: 759 224 93 43 20 9 4 1 
6653|Survivor|1: 695 269 111 57 21 10 4 1 
7014|Survivor|1: 1005 301 120 49 23 8 3 1 
7281|Survivor|1: 748 284 109 57 23 10 4 1 
7368|Survivor|1: 1107 309 124 58 24 9 4 1 
7376|Survivor|1|Mutated: 1062 309 129 58 24 9 4 1 
7391|Survivor|1|Mutated: 1062 309 142 58 24 9 4 1 
7403|Child_Cross|38|Mutated: 797 297 108 49 24 9 4 1 
7454|Survivor|1: 1690 378 179 61 23 10 4 1 
7587|Survivor|1: 851 257 120 51 19 10 4 1 
7729|Survivor|1: 1023 354 132 49 24 9 4 1 
7730|Child_Cross|57: 717 277 121 51 23 10 4 1 
7838|Survivor|1: 1825 532 161 62 27 14 4 1 
7875|Child_Cross|6: 959 399 147 61 29 9 4 1 
8194|Child_Avg|11: 947 279 119 57 29 9 4 1 
8238|Survivor|1|Mutated: 968 307 155 64 29 10 4 1 
8349|Survivor|1: 784 369 118 49 24 9 4 1 
8499|Survivor|1|Mutated: 747 286 112 47 23 10 4 1 
8725|Child_Avg|27: 940 282 131 51 23 8 3 1 
8823|Child_Cross|13: 989 300 126 47 25 9 4 1 
9041|Survivor|1: 1953 499 182 58 24 11 4 1 
9062|Survivor|1|Mutated: 1753 481 182 58 24 11 5 1 
9164|Child_Cross|21: 1673 409 165 60 23 10 4 1 
9167|Survivor|1|Mutated: 1673 409 151 60 23 10 4 1 
9263|Child_Avg|51: 979 295 121 48 27 10 4 1 
9376|Child_Cross|62: 1820 370 155 59 25 14 4 1 
9392|Survivor|1|Mutated: 918 315 122 52 24 9 4 1 
9521|Survivor|1: 973 360 133 62 25 14 4 1 
9795|Survivor|1: 964 268 128 45 23 10 4 1 
9824|Survivor|1: 715 227 110 46 20 9 4 1 
9883|Child_Avg|51: 886 302 105 50 24 9 4 1 
9887|Survivor|1: 1092 431 139 57 29 9 4 1 
10181|Survivor|1: 1115 323 149 56 21 10 4 1 
10215|Survivor|1: 715 297 113 57 20 9 4 1 
10322|Survivor|1: 1883 415 134 52 24 9 4 1 
10473|Child_Cross|22: 753 267 92 47 21 10 4 1 
10577|Child_Levy|56: 1558 414 137 54 23 10 4 1 
10788|Survivor|1: 720 245 106 46 24 9 4 1 
10965|Survivor|1: 785 245 99 43 24 9 4 1 
11167|Survivor|1: 794 283 109 53 24 9 4 1 
12010|Survivor|1: 669 229 100 46 24 9 4 1 
12216|Survivor|1: 1007 295 124 64 24 11 5 1 
12281|Survivor|1: 1443 369 162 61 23 12 5 1 
12284|Survivor|1|Mutated: 1443 411 162 61 23 12 5 1 
12291|Child_Cross|1: 1443 411 162 61 23 10 4 1 
12299|Survivor|1: 1036 317 131 47 24 9 4 1 
12394|Survivor|1: 791 287 98 48 21 10 4 1 
12417|Survivor|1: 970 371 153 56 21 10 4 1 
12437|Survivor|1: 764 298 120 46 21 10 4 1 
12564|Child_Levy|4: 992 304 113 47 23 10 4 1 
12899|Survivor|1: 767 234 100 41 19 10 4 1 
13005|Child_Cross|18: 759 312 122 53 24 9 4 1 
13105|Child_Cross|13: 889 284 132 49 24 9 4 1 
13306|Survivor|1: 973 335 137 53 24 9 4 1 
13328|Child_Avg|3: 953 331 130 46 24 9 4 1 
13347|Survivor|1|Mutated: 1075 331 130 46 24 9 4 1 
13418|Child_Cross|50: 1085 328 138 57 20 9 4 1 
13427|Survivor|1: 988 317 134 59 29 9 4 1 
13549|Child_Levy|36: 1505 344 127 50 24 9 4 1 
13557|Survivor|1: 674 259 115 49 24 9 4 1 
13704|Survivor|1: 725 273 109 45 21 10 4 1 
13756|Child_Avg|19: 633 267 108 46 24 9 4 1 
13798|Survivor|1|Mutated: 668 267 108 46 24 9 4 1 
13816|Survivor|1: 720 260 111 44 24 9 4 1 
13819|Survivor|1|Mutated: 720 260 107 44 24 9 4 1 
14204|Survivor|1: 813 251 98 48 21 10 4 1 
14328|Survivor|1: 761 266 106 51 23 10 4 1 
14345|Survivor|1: 771 244 96 42 19 10 4 1 
14429|Survivor|1: 2089 432 165 64 23 10 4 1 
14441|Survivor|1|Mutated: 2089 374 165 64 23 10 4 1 
14485|Child_Cross|10: 999 263 133 47 23 10 4 1 
14509|Survivor|1: 1018 263 133 47 23 10 4 1 
14565|Survivor|1: 874 274 97 50 21 10 4 1 
14675|Survivor|1: 715 296 125 54 24 11 4 1 
14869|Survivor|1: 964 273 108 43 24 9 4 1 
14996|Child_Cross|25: 1049 303 134 56 24 9 4 1 
15317|Survivor|1: 2325 1652 480 144 70 29 9 4 1 
15342|Survivor|1: 717 259 106 44 24 9 4 1 
15542|Child_Cross|25: 1711 369 170 63 25 14 4 1 
15809|Child_Cross|1: 1025 321 137 51 23 10 4 1 
15861|Survivor|1: 686 258 126 49 24 9 4 1 
15863|Child_Cross|22: 822 305 130 49 24 9 4 1 
16085|Survivor|1: 1063 324 111 52 24 9 4 1 
16097|Child_Cross|30: 1605 357 145 73 27 10 4 1 
16105|Child_Cross|62: 1114 319 136 56 27 10 4 1 
16149|Child_Cross|26: 1472 363 144 56 21 10 4 1 
16379|Survivor|1: 716 276 107 49 24 9 4 1 
16528|Survivor|1: 1165 385 138 56 25 9 4 1 
16633|Survivor|1: 753 300 118 45 23 10 4 1 
16710|Child_Cross|1: 1677 475 159 78 29 14 4 1 
16768|Child_Cross|9: 703 278 114 43 24 9 4 1 
16931|Child_Levy|64: 1595 365 133 47 23 10 4 1 
17450|Survivor|1|Mutated: 885 289 114 50 24 9 4 1 
17524|Survivor|1: 684 253 106 45 23 10 4 1 
17610|Child_Levy|28: 1017 332 151 55 29 10 4 1 
17623|Survivor|1: 1017 332 151 55 29 9 4 1 
17708|Survivor|1: 662 268 145 56 21 10 4 1 
17819|Child_Avg|51: 979 325 119 50 24 9 4 1 
18070|Child_Avg|19: 986 265 121 52 24 9 4 1 
18222|Survivor|1: 916 345 149 59 24 9 4 1 
18242|Survivor|1: 1896 411 133 59 24 9 4 1 
18244|Survivor|1: 1109 338 135 55 24 9 4 1 
18332|Survivor|1: 734 268 109 55 24 9 4 1 
18374|Survivor|1|Mutated: 1033 297 141 60 23 10 4 1 
18440|Survivor|1: 808 309 117 58 24 9 4 1 
18673|Survivor|1: 737 286 125 48 23 10 4 1 
18899|Survivor|1: 725 295 108 60 21 10 4 1 
18943|Child_Cross|58: 1803 421 166 59 27 10 4 1 
18948|Survivor|1|Mutated: 2003 421 166 59 27 10 4 1 
19065|Survivor|1: 975 278 115 50 21 10 4 1 
19389|Child_Cross|34: 931 245 129 50 24 9 4 1 
19482|Child_Cross|29: 721 262 102 47 24 9 4 1 
19485|Survivor|1|Mutated: 721 262 102 55 24 9 4 1 
19587|Survivor|1: 712 285 135 44 24 9 4 1 
19686|Survivor|1: 886 329 121 55 27 10 4 1 
19733|Survivor|1: 676 257 124 46 24 9 4 1 
19788|Survivor|1: 562 217 73 28 12 5 1 
20018|Survivor|1: 743 296 112 47 21 10 4 1 
20131|Survivor|1: 970 255 114 44 24 9 4 1 
20645|Survivor|1: 971 413 150 55 24 9 4 1 
20660|Survivor|1: 985 329 123 49 21 10 4 1 
20744|Survivor|1: 747 219 105 44 20 9 4 1 
20814|Survivor|1: 651 301 106 50 21 10 4 1 
20816|Child_Cross|18: 733 257 113 49 21 10 4 1 
20828|Survivor|1: 636 257 113 49 21 10 4 1 
20885|Child_Avg|31: 978 305 127 56 24 9 4 1 
20915|Survivor|1: 1015 305 127 56 29 10 4 1 
21302|Survivor|1|Mutated: 695 271 113 49 21 10 4 1 
21469|Survivor|1: 807 302 117 46 20 9 4 1 
21747|Child_Cross|25: 919 238 109 44 19 10 4 1 
22120|Survivor|1: 1141 407 146 61 29 9 4 1 
22495|Survivor|1: 1062 320 115 53 24 9 4 1 
22525|Survivor|1: 727 277 107 54 24 11 5 1 
22680|Child_Avg|47: 1042 288 109 53 24 9 4 1 
22770|Survivor|1: 783 296 112 54 21 10 4 1 
23136|Survivor|1: 781 288 115 55 24 9 4 1 
23222|Child_Avg|23: 718 290 123 56 25 9 4 1 
23258|Survivor|1: 881 272 111 52 20 9 4 1 
23432|Survivor|1|Mutated: 1832 485 146 61 29 10 4 1 
23659|Child_Cross|26|Mutated: 1083 337 132 49 21 10 4 1 
23703|Child_Avg|27|Mutated: 1620 478 162 59 24 9 4 1 
23710|Survivor|1: 1594 478 162 59 24 9 4 1 
23759|Child_Avg|55: 1422 433 137 55 24 9 4 1 
23968|Survivor|1: 894 266 110 41 24 9 4 1 
24198|Survivor|1: 883 287 112 43 24 9 4 1 
24258|Child_Avg|23: 954 291 135 50 24 9 4 1 
24259|Survivor|1|Mutated: 1019 291 135 50 24 9 4 1 
24552|Survivor|1: 700 252 99 61 24 9 4 1 
24879|Survivor|1: 732 217 94 44 20 9 4 1 
