8|Survivor|1: 13334 2765 967 283 168 72 27 10 4 1 
12|Child_ABC1|4: 10091 1989 1079 375 148 66 27 10 4 1 
20|Child_Cross12|49: 10266 2164 1021 321 149 64 28 11 4 1 
22|Child_Cross21|50: 10053 2122 1020 317 150 76 28 11 4 1 
27|Survivor|1|Mutated: 9809 2122 1020 317 150 76 28 11 4 1 
34|Child_ABC2|29: 11275 2159 875 323 151 66 27 10 4 1 
38|Child_Avg|3: 10149 2156 959 323 146 66 27 10 4 1 
44|Child_ABC2|17: 9539 2341 716 323 143 66 27 10 4 1 
49|Child_Avg|51: 9778 2320 869 359 131 66 27 10 4 1 
50|Child_ABC1|4: 9799 2358 765 377 131 66 27 10 4 1 
51|Child_Cross12|1: 9343 2284 785 388 116 66 27 10 4 1 
52|Child_Avg|3|Mutated: 9055 2309 861 390 124 66 27 10 4 1 
70|Child_ABC1|28: 9109 2312 844 390 133 66 27 10 4 1 
78|Child_ABC2|5: 9074 2245 868 394 133 66 27 10 4 1 
81|Child_Avg|39: 9168 2232 846 383 128 66 27 10 4 1 
90|Child_ABC1|4: 9747 2314 864 371 121 66 27 10 4 1 
95|Child_Cross21|2: 9285 2393 908 374 119 66 27 10 4 1 
99|Child_LevyABC2|48: 10241 2362 952 361 124 65 25 11 5 1 
100|Child_ABC2|41|Mutated: 9747 2314 864 367 121 66 27 10 4 1 
107|Child_Cross21|2|Mutated: 9365 2314 864 367 121 66 27 10 4 1 
109|Child_Avg|3: 9556 2314 864 367 121 66 27 10 4 1 
110|Child_Avg|39: 9651 2314 864 367 121 66 27 10 4 1 
111|Child_ABC1|4: 9798 2314 864 367 121 66 27 10 4 1 
112|Child_ABC1|28: 9711 2314 864 367 121 66 27 10 4 1 
113|Child_Cross12|49: 9684 2314 864 367 121 66 27 10 4 1 
114|Survivor|1|Mutated: 10260 2314 864 367 121 66 27 10 4 1 
115|Child_Cross12|1: 9818 2314 864 367 121 66 27 10 4 1 
116|Child_Avg|3: 9751 2314 864 367 121 66 27 10 4 1 
117|Child_ABC2|53: 10020 2314 864 367 121 66 27 10 4 1 
120|Child_Cross21|2: 10374 2314 864 367 121 66 27 10 4 1 
121|Child_Avg|39: 9979 2314 864 367 121 66 27 10 4 1 
122|Child_ABC2|41: 10002 2314 864 367 121 66 27 10 4 1 
123|Child_ABC2|17: 10131 2314 864 367 121 66 27 10 4 1 
124|Child_Avg|39: 10068 2314 864 367 121 66 27 10 4 1 
125|Child_Cross21|14: 10073 2314 864 367 121 66 27 10 4 1 
126|Child_Avg|39: 10144 2314 864 367 121 66 27 10 4 1 
127|Child_ABC1|4: 10126 2314 864 367 121 66 27 10 4 1 
128|Child_Avg|3: 10283 2314 864 367 121 66 27 10 4 1 
129|Child_ABC2|17: 10229 2314 864 367 121 66 27 10 4 1 
130|Child_Cross12|1: 10301 2314 864 367 121 66 27 10 4 1 
131|Child_Cross21|50: 10292 2314 864 367 121 66 27 10 4 1 
142|Child_Cross12|1|Mutated: 10301 2314 864 367 140 66 27 10 4 1 
145|Child_Cross21|2|Mutated: 10301 2314 954 367 141 66 27 10 4 1 
154|Survivor|1|Mutated: 10301 2314 871 367 136 66 27 10 4 1 
155|Child_ABC1|4: 10301 2314 878 367 150 66 27 10 4 1 
156|Child_ABC2|41: 10301 2314 865 367 136 66 27 10 4 1 
159|Child_ABC1|16: 10301 2314 865 367 124 66 27 10 4 1 
163|Child_Cross12|13: 10301 2314 864 357 121 66 27 10 4 1 
171|Child_Cross12|25|Mutated: 10301 2314 864 367 141 66 27 10 4 1 
190|Child_Avg|39|Mutated: 10301 2314 864 339 121 66 27 10 4 1 
204|Child_Avg|51|Mutated: 10828 2314 864 367 121 66 27 10 4 1 
263|Child_Cross12|1|Mutated: 10301 2058 861 367 128 66 27 10 4 1 
322|Child_Cross12|49|Mutated: 11805 2314 864 367 121 66 27 10 4 1 
353|Child_Avg|51|Mutated: 10301 2314 864 354 121 73 27 10 4 1 
367|Child_ABC1|40|Mutated: 10001 2314 864 367 121 66 27 10 4 1 
368|Child_ABC1|40: 10066 2314 864 367 121 66 27 10 4 1 
389|Child_ABC2|5|Mutated: 11031 2314 864 357 121 66 27 10 4 1 
390|Child_ABC1|4: 10758 2314 864 367 121 66 27 10 4 1 
528|Child_Avg|39: 10301 2314 864 367 124 66 27 10 4 1 
534|Child_ABC1|52|Mutated: 10301 2314 864 367 131 75 27 10 4 1 
546|Child_ABC2|41: 10301 2314 864 367 132 69 27 10 4 1 
578|Child_ABC2|41|Mutated: 10301 2180 864 367 121 66 27 10 4 1 
585|Child_Cross12|1|Mutated: 10301 2314 864 367 138 66 27 10 4 1 
586|Child_LevyABC2|24: 10470 2259 865 377 142 64 24 11 5 1 
624|Child_Cross21|50|Mutated: 11037 2314 864 367 124 66 27 10 4 1 
627|Child_ABC1|40: 11340 2314 864 367 121 66 27 10 4 1 
655|Child_ABC2|41|Mutated: 10301 2314 864 367 123 72 27 10 4 1 
707|Child_ABC2|5|Mutated: 10420 2314 864 367 121 66 27 10 4 1 
708|Child_ABC2|41: 10199 2314 864 367 121 66 27 10 4 1 
709|Child_Avg|51: 10369 2314 864 367 121 66 27 10 4 1 
710|Child_Avg|15|Mutated: 10335 2314 864 367 121 66 27 10 4 1 
711|Child_Avg|27: 10318 2314 864 367 121 66 27 10 4 1 
738|Child_LevyP2|55: 9784 2346 860 361 134 64 30 11 5 1 
746|Child_ABC1|40: 10301 2314 864 367 150 66 27 10 4 1 
852|Child_Avg|39|Mutated: 10301 2314 864 342 121 66 27 10 4 1 
856|Child_ABC1|28|Mutated: 12175 2314 864 367 140 66 27 10 4 1 
901|Child_Avg|27|Mutated: 10986 2314 864 367 121 66 27 10 4 1 
902|Child_Avg|51: 10643 2314 864 367 121 66 27 10 4 1 
903|Child_Avg|15: 10472 2314 864 367 121 66 27 10 4 1 
904|Child_ABC2|53: 10582 2314 864 367 121 66 27 10 4 1 
906|Child_Cross21|38: 10554 2314 864 367 121 66 27 10 4 1 
907|Child_ABC2|29: 10530 2314 864 367 121 66 27 10 4 1 
908|Child_ABC2|17: 10628 2314 864 367 121 66 27 10 4 1 
909|Child_ABC1|28: 10572 2314 864 367 121 66 27 10 4 1 
910|Child_Cross21|38: 10766 2314 864 367 121 66 27 10 4 1 
911|Child_ABC2|41: 10786 2314 864 367 121 66 27 10 4 1 
912|Child_Cross12|13: 10503 2314 864 367 121 66 27 10 4 1 
913|Child_Avg|15: 10596 2314 864 367 121 66 27 10 4 1 
914|Child_ABC2|17: 10574 2314 864 367 121 66 27 10 4 1 
915|Child_ABC1|52: 10552 2314 864 367 121 66 27 10 4 1 
916|Child_Avg|27: 10580 2314 864 367 121 66 27 10 4 1 
917|Child_Avg|3: 10565 2314 864 367 121 66 27 10 4 1 
918|Child_ABC1|16: 10561 2314 864 367 121 66 27 10 4 1 
919|Child_ABC2|29: 10588 2314 864 367 121 66 27 10 4 1 
920|Child_Cross12|49: 10570 2314 864 367 121 66 27 10 4 1 
923|Child_Cross12|13: 10575 2314 864 367 121 66 27 10 4 1 
927|Child_Cross21|50: 10609 2314 864 367 121 66 27 10 4 1 
928|Child_Avg|3: 10567 2314 864 367 121 66 27 10 4 1 
930|Child_ABC1|4: 10563 2314 864 367 121 66 27 10 4 1 
931|Child_Cross12|13: 10652 2314 864 367 121 66 27 10 4 1 
932|Child_Cross12|25: 10579 2314 864 367 121 66 27 10 4 1 
933|Child_Cross12|49: 10664 2314 864 367 121 66 27 10 4 1 
935|Child_Cross12|13|Mutated: 10570 2314 864 367 124 66 27 10 4 1 
940|Child_ABC2|17: 10566 2314 864 367 121 66 27 10 4 1 
945|Child_Cross12|1: 10571 2314 864 367 121 66 27 10 4 1 
947|Child_ABC1|4: 10569 2314 864 367 121 66 27 10 4 1 
949|Child_Cross21|14: 10564 2314 864 367 121 66 27 10 4 1 
950|Child_ABC1|52: 10560 2314 864 367 121 66 27 10 4 1 
964|Child_ABC1|52|Mutated: 10561 2314 864 367 140 66 27 10 4 1 
968|Child_ABC1|16: 10561 2314 864 367 124 66 27 10 4 1 
984|Child_Avg|3|Mutated: 10842 2314 864 367 124 69 27 10 4 1 
985|Child_Cross21|2: 10561 2314 864 367 124 69 27 10 4 1 
1095|Child_Cross12|37|Mutated: 10561 2386 864 367 124 69 27 10 4 1 
1166|Child_Cross12|13|Mutated: 10689 2314 864 367 124 69 27 10 4 1 
1176|Child_Cross12|37|Mutated: 10711 2314 864 367 124 69 27 10 4 1 
1204|Child_Avg|3|Mutated: 10561 2314 979 367 146 69 27 10 4 1 
1247|Child_ABC1|52|Mutated: 10811 2314 864 367 124 69 27 10 4 1 
1248|Child_Avg|3: 10686 2314 864 367 124 69 27 10 4 1 
1249|Child_Avg|3: 10621 2314 864 367 124 69 27 10 4 1 
1250|Child_ABC2|29: 10573 2314 864 367 124 69 27 10 4 1 
1251|Child_ABC1|28: 10828 2314 864 367 124 69 27 10 4 1 
1252|Child_Avg|51: 10570 2314 864 367 124 69 27 10 4 1 
1253|Child_Avg|15: 10574 2314 864 367 124 69 27 10 4 1 
1254|Child_Cross21|26: 10539 2314 864 367 124 69 27 10 4 1 
1255|Child_ABC1|4: 10589 2314 864 367 124 69 27 10 4 1 
1256|Child_Avg|3: 10581 2314 864 367 124 69 27 10 4 1 
1257|Child_ABC2|41: 10566 2314 864 367 124 69 27 10 4 1 
1258|Child_ABC1|40: 10560 2314 864 367 124 69 27 10 4 1 
1260|Child_ABC1|4: 10496 2314 864 367 124 69 27 10 4 1 
1261|Child_ABC2|41: 10530 2314 864 367 124 69 27 10 4 1 
1262|Child_Cross12|37: 10549 2314 864 367 124 69 27 10 4 1 
1263|Child_ABC1|40: 10525 2314 864 367 124 69 27 10 4 1 
1264|Child_Avg|27: 10554 2314 864 367 124 69 27 10 4 1 
1266|Child_ABC2|29: 10578 2314 864 367 124 69 27 10 4 1 
1269|Child_Avg|39: 10550 2314 864 367 124 69 27 10 4 1 
1272|Child_ABC2|29: 10544 2314 864 367 124 69 27 10 4 1 
1274|Child_Avg|15: 10551 2314 864 367 124 69 27 10 4 1 
1298|Child_ABC1|40|Mutated: 10550 2314 908 367 147 69 27 10 4 1 
1299|Child_ABC2|17: 10550 2314 930 367 152 69 27 10 4 1 
1333|Child_ABC1|40|Mutated: 10722 2314 864 367 124 69 27 10 4 1 
1334|Child_ABC1|28: 10661 2314 864 367 124 69 27 10 4 1 
1506|Child_Avg|27|Mutated: 10550 2314 864 367 132 69 27 10 4 1 
1539|Child_ABC1|4|Mutated: 9675 2314 864 367 124 69 27 10 4 1 
1540|Child_ABC2|53: 9467 2314 864 367 124 69 27 10 4 1 
1541|Child_Cross21|26: 10342 2314 864 367 124 69 27 10 4 1 
1579|Child_Cross21|2|Mutated: 10605 2314 864 367 124 69 27 10 4 1 
1581|Child_ABC1|52: 10550 2314 864 367 137 69 27 10 4 1 
1645|Child_Cross12|25|Mutated: 10548 2314 864 367 137 69 27 10 4 1 
1646|Child_ABC2|41: 10552 2314 864 367 137 69 27 10 4 1 
1648|Child_ABC2|17: 10549 2314 864 367 137 69 27 10 4 1 
1650|Child_ABC2|53: 10547 2314 864 367 137 69 27 10 4 1 
1664|Child_Cross21|14|Mutated: 11698 2314 864 367 137 69 27 10 4 1 
1665|Child_Avg|39: 11123 2314 864 367 137 69 27 10 4 1 
1666|Child_ABC2|5: 10000 2314 864 367 137 69 27 10 4 1 
1667|Child_ABC2|17: 10251 2314 864 367 137 69 27 10 4 1 
1668|Child_Cross12|13: 10800 2314 864 367 137 69 27 10 4 1 
1669|Child_Avg|15: 10652 2314 864 367 137 69 27 10 4 1 
1671|Child_ABC1|16: 10359 2314 864 367 137 69 27 10 4 1 
1672|Child_Avg|39: 10454 2314 864 367 137 69 27 10 4 1 
1673|Child_ABC1|16: 10545 2314 864 367 137 69 27 10 4 1 
1675|Child_ABC1|40: 10797 2314 864 367 137 69 27 10 4 1 
1676|Child_Avg|15: 10590 2314 864 367 137 69 27 10 4 1 
1677|Child_Avg|51: 10641 2314 864 367 137 69 27 10 4 1 
1678|Child_ABC2|5: 10659 2314 864 367 137 69 27 10 4 1 
1679|Child_ABC1|16: 10600 2314 864 367 137 69 27 10 4 1 
1680|Child_Cross12|25: 10633 2314 864 367 137 69 27 10 4 1 
1681|Child_Cross21|26: 10646 2314 864 367 137 69 27 10 4 1 
1682|Child_ABC1|40: 10581 2314 864 367 137 69 27 10 4 1 
1683|Child_Cross21|50: 10597 2314 864 367 137 69 27 10 4 1 
1684|Child_Cross12|13: 10637 2314 864 367 137 69 27 10 4 1 
1686|Child_ABC1|16: 10620 2314 864 367 137 69 27 10 4 1 
1687|Child_Cross21|26: 10589 2314 864 367 137 69 27 10 4 1 
1689|Child_ABC2|17: 10627 2314 864 367 137 69 27 10 4 1 
1691|Child_ABC1|16: 10559 2314 864 367 137 69 27 10 4 1 
1692|Child_Cross12|1: 10604 2314 864 367 137 69 27 10 4 1 
1693|Child_ABC2|29: 10618 2314 864 367 137 69 27 10 4 1 
1694|Child_ABC2|29: 10592 2314 864 367 137 69 27 10 4 1 
1695|Child_Cross21|2: 10578 2314 864 367 137 69 27 10 4 1 
1696|Child_Cross12|1: 10601 2314 864 367 137 69 27 10 4 1 
1698|Child_ABC2|29: 10582 2314 864 367 137 69 27 10 4 1 
1699|Child_ABC2|17: 10556 2314 864 367 137 69 27 10 4 1 
1700|Child_ABC1|16: 10566 2314 864 367 137 69 27 10 4 1 
1701|Child_Cross12|37: 10598 2314 864 367 137 69 27 10 4 1 
1702|Child_ABC2|5: 10603 2314 864 367 137 69 27 10 4 1 
1704|Child_Cross21|2: 10596 2314 864 367 137 69 27 10 4 1 
1830|Child_ABC2|17|Mutated: 10260 2314 864 367 137 69 27 10 4 1 
1831|Child_ABC1|4: 10626 2314 864 367 137 69 27 10 4 1 
1866|Child_Cross12|13|Mutated: 10589 2314 864 375 137 69 27 10 4 1 
1869|Child_ABC1|40: 10589 2314 864 366 137 69 27 10 4 1 
1899|Child_Cross12|49|Mutated: 10122 2314 864 375 137 69 27 10 4 1 
1935|Child_Cross21|2|Mutated: 10621 2314 864 375 137 69 27 10 4 1 
1936|Child_ABC1|16: 10620 2314 864 375 137 69 27 10 4 1 
1937|Child_ABC2|53: 10587 2314 864 375 137 69 27 10 4 1 
1938|Child_Avg|39: 10604 2314 864 375 137 69 27 10 4 1 
1970|Child_ABC2|17|Mutated: 10660 2314 864 375 137 69 27 10 4 1 
2158|Child_ABC2|41|Mutated: 10589 2314 864 389 137 69 27 10 4 1 
2296|Child_ABC1|28|Mutated: 11516 2314 864 375 137 69 27 10 4 1 
2297|Child_Avg|51: 11052 2314 864 375 137 69 27 10 4 1 
2370|Child_Cross21|50|Mutated: 10441 2314 864 375 137 69 27 10 4 1 
2371|Child_Avg|51: 10515 2314 864 375 137 69 27 10 4 1 
2373|Child_Avg|39: 10552 2314 864 375 137 69 27 10 4 1 
2374|Child_Cross21|26: 10537 2314 864 375 137 69 27 10 4 1 
2424|Child_ABC2|53|Mutated: 10701 2314 864 375 137 69 27 10 4 1 
2425|Child_Avg|27: 10608 2314 864 375 137 69 27 10 4 1 
2502|Child_ABC1|40|Mutated: 9942 2314 864 375 137 69 27 10 4 1 
2503|Child_Avg|51: 10228 2314 864 375 137 69 27 10 4 1 
2505|Child_ABC1|52: 10443 2314 864 375 137 69 27 10 4 1 
2506|Child_Avg|3: 10479 2314 864 375 137 69 27 10 4 1 
2694|Child_Cross12|13|Mutated: 9600 2314 864 375 137 69 27 10 4 1 
2696|Child_ABC2|41: 10822 2314 864 375 137 69 27 10 4 1 
2697|Child_Avg|39: 10286 2314 864 375 137 69 27 10 4 1 
2698|Child_ABC2|53: 9701 2314 864 375 137 69 27 10 4 1 
2699|Child_Cross21|14: 10439 2314 864 375 137 69 27 10 4 1 
2700|Child_Cross21|2: 10252 2314 864 375 137 69 27 10 4 1 
2702|Child_Avg|51: 10282 2314 864 375 137 69 27 10 4 1 
2703|Child_Cross21|14: 10108 2314 864 375 137 69 27 10 4 1 
2704|Child_Avg|3: 10298 2314 864 375 137 69 27 10 4 1 
2706|Child_Cross21|14: 10789 2314 864 375 137 69 27 10 4 1 
2707|Child_Avg|51: 10595 2314 864 375 137 69 27 10 4 1 
2708|Child_Avg|51: 10499 2314 864 375 137 69 27 10 4 1 
2709|Child_Cross21|2: 10543 2314 864 375 137 69 27 10 4 1 
2710|Child_ABC2|29: 10754 2314 864 375 137 69 27 10 4 1 
2711|Child_ABC2|53: 10749 2314 864 375 137 69 27 10 4 1 
2712|Child_Cross12|37: 10574 2314 864 375 137 69 27 10 4 1 
2713|Child_ABC1|16: 10524 2314 864 375 137 69 27 10 4 1 
2714|Child_ABC2|53: 10602 2314 864 375 137 69 27 10 4 1 
2715|Child_Cross12|1: 10744 2314 864 375 137 69 27 10 4 1 
2716|Child_Cross12|25: 10534 2314 864 375 137 69 27 10 4 1 
2717|Child_Avg|3: 10572 2314 864 375 137 69 27 10 4 1 
2718|Child_Avg|27: 10593 2314 864 375 137 69 27 10 4 1 
2719|Child_ABC2|17: 10578 2314 864 375 137 69 27 10 4 1 
2720|Child_ABC1|40: 10564 2314 864 375 137 69 27 10 4 1 
2721|Child_Cross21|50: 10566 2314 864 375 137 69 27 10 4 1 
2743|Child_Avg|15|Mutated: 10336 2314 864 375 137 69 27 10 4 1 
2837|Child_Cross12|13|Mutated: 10420 2314 864 375 137 69 27 10 4 1 
2989|Child_Avg|51|Mutated: 9968 2314 864 375 137 69 27 10 4 1 
3066|Child_ABC1|16|Mutated: 10566 2314 864 389 137 69 27 10 4 1 
3171|Child_Cross12|13|Mutated: 9852 2314 864 375 137 69 27 10 4 1 
3172|Child_ABC1|16: 10848 2314 864 375 137 69 27 10 4 1 
3229|Child_Cross12|13|Mutated: 10566 2019 864 375 137 69 27 10 4 1 
3238|Child_ABC2|29|Mutated: 10566 2394 864 375 137 69 27 10 4 1 
3300|Child_ABC2|41|Mutated: 11882 2314 864 375 137 69 27 10 4 1 
3405|Child_Avg|51|Mutated: 10566 2017 864 375 137 69 27 10 4 1 
3407|Child_ABC2|53|Mutated: 10440 2314 864 375 137 69 27 10 4 1 
3408|Child_ABC1|28: 10544 2314 864 375 137 69 27 10 4 1 
3426|Child_Cross21|26|Mutated: 9697 2314 864 375 137 69 27 10 4 1 
3427|Child_ABC2|17: 10235 2314 864 375 137 69 27 10 4 1 
3429|Child_Avg|3: 10300 2314 864 375 137 69 27 10 4 1 
3430|Child_ABC2|29: 10598 2314 864 375 137 69 27 10 4 1 
3431|Child_ABC1|16: 10232 2314 864 375 137 69 27 10 4 1 
3433|Child_ABC1|28: 10195 2314 864 375 137 69 27 10 4 1 
3435|Child_Cross21|38: 10475 2314 864 375 137 69 27 10 4 1 
3436|Child_ABC2|53: 10222 2314 864 375 137 69 27 10 4 1 
3440|Child_ABC1|52: 10283 2314 864 375 137 69 27 10 4 1 
3441|Child_Cross12|25: 10850 2314 864 375 137 69 27 10 4 1 
3442|Child_Cross21|2: 10054 2314 864 375 137 69 27 10 4 1 
3444|Child_Cross21|38: 10718 2314 864 375 137 69 27 10 4 1 
3445|Child_ABC1|40: 10144 2314 864 375 137 69 27 10 4 1 
3446|Child_ABC1|52: 10138 2314 864 375 137 69 27 10 4 1 
3447|Child_Cross12|25: 10127 2314 864 375 137 69 27 10 4 1 
3449|Child_Cross12|49: 10707 2314 864 375 137 69 27 10 4 1 
3450|Child_Cross12|37: 10601 2314 864 375 137 69 27 10 4 1 
3527|Child_Cross21|2|Mutated: 10127 2314 941 375 137 69 27 10 4 1 
3645|Child_Avg|51|Mutated: 10758 2314 864 375 137 69 27 10 4 1 
3712|Child_Cross12|49|Mutated: 10127 2281 864 375 137 69 27 10 4 1 
3870|Child_Cross21|2|Mutated: 10127 2156 864 375 137 69 27 10 4 1 
3972|Child_Avg|3|Mutated: 10241 2314 864 375 137 69 27 10 4 1 
3974|Child_Cross12|25: 10159 2314 864 375 137 69 27 10 4 1 
3976|Child_Cross21|50: 10165 2314 864 375 137 69 27 10 4 1 
3978|Child_ABC2|29: 10205 2314 864 375 137 69 27 10 4 1 
3979|Child_Avg|39: 10182 2314 864 375 137 69 27 10 4 1 
3984|Child_ABC1|16: 10168 2314 864 375 137 69 27 10 4 1 
3985|Child_ABC2|53: 10176 2314 864 375 137 69 27 10 4 1 
3988|Child_ABC1|52: 10191 2314 864 375 137 69 27 10 4 1 
3992|Child_Avg|3: 10162 2314 864 375 137 69 27 10 4 1 
3993|Child_ABC1|28: 10139 2314 864 375 137 69 27 10 4 1 
3995|Child_ABC2|29: 10224 2314 864 375 137 69 27 10 4 1 
3999|Child_ABC2|41: 10171 2314 864 375 137 69 27 10 4 1 
4002|Child_ABC1|28: 10113 2314 864 375 137 69 27 10 4 1 
4003|Child_ABC1|52: 10140 2314 864 375 137 69 27 10 4 1 
4006|Child_ABC2|53: 10177 2314 864 375 137 69 27 10 4 1 
4008|Child_ABC2|17: 10201 2314 864 375 137 69 27 10 4 1 
4009|Child_ABC2|53: 10178 2314 864 375 137 69 27 10 4 1 
4010|Child_Avg|39: 10161 2314 864 375 137 69 27 10 4 1 
4012|Child_ABC1|40: 10134 2314 864 375 137 69 27 10 4 1 
4014|Child_ABC2|53: 10169 2314 864 375 137 69 27 10 4 1 
4015|Child_Cross12|1: 10172 2314 864 375 137 69 27 10 4 1 
4048|Child_Cross21|14|Mutated: 10658 2314 864 375 137 69 27 10 4 1 
4050|Child_ABC2|41: 10541 2314 864 375 137 69 27 10 4 1 
4055|Child_ABC1|28: 10498 2314 864 375 137 69 27 10 4 1 
4061|Child_ABC1|28: 10553 2314 864 375 137 69 27 10 4 1 
4062|Child_Cross12|37: 10557 2314 864 375 137 69 27 10 4 1 
4063|Child_ABC2|29: 10510 2314 864 375 137 69 27 10 4 1 
4065|Child_ABC1|16: 10409 2314 864 375 137 69 27 10 4 1 
4066|Child_ABC2|29: 10548 2314 864 375 137 69 27 10 4 1 
