7|Child_Levy|12: 3786 1342 530 307 125 64 24 9 4 1 
362|Survivor|1: 3319 1009 455 199 86 31 10 4 1 
436|Survivor|1: 3008 1085 393 193 71 24 9 4 1 
625|Child_Cross|34: 2891 1123 482 225 92 49 24 9 4 1 
683|Survivor|1: 2766 950 389 177 76 24 9 4 1 
891|Child_Cross|46: 2738 825 366 155 81 29 10 4 1 
1527|Child_Cross|21: 3744 1238 598 265 119 59 24 9 4 1 
1777|Survivor|1: 3412 1515 633 254 117 62 24 9 4 1 
2461|Survivor|1|Mutated: 2774 1002 398 173 84 36 13 4 1 
2505|Survivor|1: 2730 801 417 160 76 27 10 4 1 
2901|Survivor|1: 4671 1384 485 231 111 50 24 9 4 1 
2957|Child_Avg|7: 3483 1388 521 270 115 63 28 10 3 1 
3128|Survivor|1: 2327 839 351 157 75 29 9 4 1 
3317|Child_Avg|39|Mutated: 3432 1264 456 217 93 58 24 9 4 1 
3394|Survivor|1|Mutated: 4931 1525 614 321 172 76 30 9 4 1 
3630|Child_Cross|1: 2769 1059 460 181 75 28 13 4 1 
3643|Child_Cross|54: 2795 1024 411 160 74 28 13 4 1 
3757|Child_Levy|32: 3238 1337 542 239 108 59 24 9 4 1 
4164|Survivor|1: 2633 988 407 168 93 32 13 4 1 
4233|Survivor|1: 2393 794 301 132 62 24 9 4 1 
4264|Survivor|1: 8015 1821 761 296 138 56 25 9 4 1 
4336|Survivor|1: 2922 913 425 164 74 28 13 4 1 
4434|Child_Cross|46: 3135 1380 529 240 117 65 27 10 4 1 
5030|Child_Cross|57: 2779 823 393 143 75 28 11 4 1 
5109|Child_Cross|25: 4347 1284 571 267 101 56 21 10 4 1 
