92|Child_Cross12|1: 1973 633 307 118 57 23 10 4 1 
280|Child_Cross12|49|Mutated: 1973 707 307 118 57 23 10 4 1 
320|Child_Cross21|26: 1973 748 307 118 57 23 10 4 1 
323|Child_Cross12|37: 1973 743 307 118 57 23 10 4 1 
506|Survivor|1: 1973 682 307 118 57 23 10 4 1 
526|Child_ABC1|52: 1973 808 307 118 57 23 10 4 1 
543|Child_Cross12|1: 1973 749 307 118 57 23 10 4 1 
550|Survivor|1: 1973 738 307 132 57 23 10 4 1 
556|Child_Avg|27|Mutated: 1973 732 318 118 57 23 10 4 1 
557|Child_ABC2|17: 1973 729 307 145 57 23 10 4 1 
1072|Child_Cross21|14|Mutated: 1955 732 318 118 57 23 10 4 1 
2271|Child_Cross12|37|Mutated: 1951 732 318 118 57 23 10 4 1 
2343|Child_Cross21|26|Mutated: 2127 732 318 118 57 23 10 4 1 
2427|Survivor|1: 1973 749 318 118 57 23 10 4 1 
2522|Child_Avg|15|Mutated: 2120 732 318 118 57 23 10 4 1 
2881|Survivor|1: 1977 732 318 118 57 23 10 4 1 
2883|Child_ABC2|41: 1970 732 318 118 57 23 10 4 1 
2884|Child_ABC2|53: 1969 732 318 118 57 23 10 4 1 
2888|Child_Cross12|1: 1976 732 318 118 57 23 10 4 1 
2973|Child_Cross21|2|Mutated: 1976 789 318 118 57 23 10 4 1 
3201|Child_Avg|39|Mutated: 1976 749 318 118 57 23 10 4 1 
3306|Child_Cross21|2|Mutated: 2077 732 318 118 57 23 10 4 1 
4651|Child_ABC2|53|Mutated: 1976 810 318 118 57 23 10 4 1 
