18|Child_Levy|36|Mutated: 3898 1213 586 231 115 46 20 9 4 1 
193|Survivor|1: 3153 1131 575 239 121 64 24 11 4 1 
250|Survivor|1: 3257 1175 526 245 105 73 24 11 5 1 
268|Child_Cross|25: 3582 1255 523 199 95 61 23 10 4 1 
301|Survivor|1: 2866 960 408 183 80 30 11 5 1 
306|Child_Cross|2: 4562 1882 666 312 109 63 25 9 4 1 
349|Survivor|1: 3118 949 439 193 81 29 10 4 1 
487|Survivor|1: 5600 1482 613 277 115 69 21 10 4 1 
509|Child_Levy|12: 3933 1445 565 256 142 68 29 9 4 1 
510|Child_Cross|49: 3784 1505 558 253 133 82 29 10 4 1 
520|Survivor|1|Mutated: 3784 1483 558 253 133 82 29 10 4 1 
521|Survivor|1|Mutated: 3431 1483 558 253 133 82 29 10 4 1 
560|Survivor|1: 3205 1186 466 213 90 61 23 10 4 1 
596|Child_Levy|36: 4432 1707 660 371 125 58 25 10 4 1 
598|Child_Levy|20: 3998 1563 620 296 118 63 27 10 4 1 
632|Child_Avg|3: 3426 1158 502 261 109 53 19 10 4 1 
668|Child_Cross|5: 12082 2897 1020 605 201 109 53 19 10 4 1 
672|Child_Cross|5: 3997 1324 588 255 130 67 23 10 4 1 
705|Survivor|1: 3997 1324 588 255 130 67 23 10 3 1 
753|Survivor|1: 4261 1681 625 319 122 63 24 10 3 1 
886|Child_Avg|35: 4248 1322 543 266 104 55 24 9 4 1 
989|Child_Levy|32: 3298 1197 460 205 108 46 20 9 4 1 
1022|Survivor|1: 3551 1253 475 183 90 46 20 9 4 1 
1076|Child_Avg|15: 4137 1968 618 281 107 60 21 10 4 1 
1129|Survivor|1: 4795 1413 713 243 121 63 28 11 4 1 
1132|Child_Cross|42: 3603 1411 592 226 116 63 28 11 4 1 
1235|Child_Cross|37: 4519 1282 482 211 101 54 25 10 4 1 
1309|Child_Cross|33: 4212 1454 573 270 134 64 24 9 4 1 
1319|Survivor|1: 3067 1311 573 320 99 59 24 9 4 1 
1323|Survivor|1: 2997 1109 446 253 99 61 24 9 4 1 
1557|Survivor|1|Mutated: 3979 1736 531 304 116 65 23 10 4 1 
1642|Survivor|1: 4262 1352 508 223 135 53 28 9 4 1 
1688|Survivor|1: 4367 1270 567 226 98 46 25 8 3 1 
1791|Child_Cross|17|Mutated: 4253 1440 530 223 98 60 23 10 4 1 
1792|Child_Cross|45: 4253 1440 530 223 98 61 23 10 4 1 
1802|Survivor|1|Mutated: 4140 1440 472 223 98 61 23 10 4 1 
1845|Child_Cross|45: 4440 1378 580 202 115 67 21 10 4 1 
2025|Child_Levy|32: 4798 1795 651 328 148 77 23 10 4 1 
2088|Child_Avg|55: 4277 1816 610 273 106 68 24 9 4 1 
2185|Child_Avg|35: 3694 1545 573 227 107 61 29 9 4 1 
2332|Survivor|1|Mutated: 3523 1461 552 240 100 65 24 9 4 1 
2356|Child_Cross|53: 3484 1325 520 229 93 61 22 8 3 1 
2497|Child_Levy|36: 3422 1100 533 213 113 59 21 10 4 1 
2784|Child_Cross|57: 5411 1516 683 302 131 53 24 7 3 1 
2931|Survivor|1: 4481 1204 735 311 126 62 27 10 4 1 
2943|Child_Cross|49: 3251 1012 545 232 110 62 27 10 4 1 
2947|Child_Cross|65: 3455 1108 616 238 105 50 24 9 4 1 
3037|Child_Avg|23: 4373 1295 572 215 106 51 19 7 3 1 
3270|Survivor|1: 3670 1293 581 227 107 56 25 9 4 1 
3282|Child_Avg|63: 3502 1350 499 269 116 67 23 10 4 1 
3302|Child_Cross|26: 3502 1350 499 269 116 61 23 10 4 1 
3313|Survivor|1: 3288 1350 499 269 116 61 23 10 4 1 
3333|Survivor|1: 3278 1421 498 220 97 70 21 10 4 1 
3415|Child_Avg|7|Mutated: 4149 1237 576 280 119 62 28 10 3 1 
3455|Child_Avg|19: 3675 1236 527 233 110 56 21 10 3 1 
3503|Child_Avg|47: 4178 1231 489 227 97 49 19 7 3 1 
3550|Child_Cross|57: 6684 1938 848 346 133 61 28 10 3 1 
3569|Survivor|1|Mutated: 6684 1938 801 346 133 61 28 10 3 1 
3584|Child_Cross|13: 3820 1155 480 229 99 56 24 9 4 1 
3589|Child_Cross|42: 3820 1155 480 229 99 67 24 9 4 1 
3657|Survivor|1: 2943 1081 495 212 97 54 20 9 4 1 
3696|Child_Levy|20: 5040 1441 571 222 101 64 24 9 4 1 
3834|Survivor|1: 4411 1714 796 291 134 63 25 11 4 1 
3906|Child_Cross|21: 3831 1491 600 223 107 46 20 9 4 1 
3968|Child_Levy|48|Mutated: 4984 1713 631 275 137 67 24 9 4 1 
3989|Child_Levy|24: 3358 1360 559 224 119 62 23 10 4 1 
4003|Survivor|1|Mutated: 3358 1416 559 224 119 62 23 10 4 1 
4065|Child_Avg|43: 5509 1422 620 329 148 56 25 9 4 1 
4072|Child_Cross|6: 5549 1471 646 337 145 56 25 9 4 1 
4133|Child_Cross|65: 3308 1201 471 229 101 51 20 8 3 1 
