11|Survivor|2: 10548 2974 1303 499 176 103 46 20 9 4 1 
17|Child|50: 10548 2974 1303 499 176 121 57 23 10 4 1 
18|Child|33|Mutated: 10548 2974 1356 499 176 103 46 20 9 4 1 
161|Child|33: 10548 2974 1264 491 176 103 46 20 9 4 1 
168|Child|27: 10548 2974 1210 499 176 103 46 20 9 4 1 
170|Child|14|Mutated: 10548 2974 1356 499 199 103 46 20 9 4 1 
178|Child|36|Mutated: 10548 2974 1222 499 176 103 46 20 9 4 1 
222|Survivor|10|Mutated: 11576 2974 1210 499 176 103 46 20 9 4 1 
254|Child|27: 10548 3105 1210 499 176 103 46 20 9 4 1 
301|Survivor|8: 10548 3193 1210 499 176 103 46 20 9 4 1 
328|Survivor|8|Mutated: 10548 2974 1210 499 188 103 46 20 9 4 1 
347|Child|20: 10548 2835 1210 499 176 103 46 20 9 4 1 
442|Child|48: 10548 2974 1178 499 176 103 46 20 9 4 1 
465|Survivor|10|Mutated: 10413 2974 1178 499 176 103 46 20 9 4 1 
467|Child|33: 10548 2447 1178 484 176 103 46 20 9 4 1 
541|Child|32|Mutated: 11130 2974 1178 499 176 103 46 20 9 4 1 
548|Child|29|Mutated: 11065 2974 1178 499 176 103 46 20 9 4 1 
590|Child|31|Mutated: 10548 2974 1178 540 208 103 46 20 9 4 1 
612|Child|41|Mutated: 10548 2974 1072 499 204 103 46 20 9 4 1 
624|Child|12|Mutated: 10974 2651 1178 499 176 103 46 20 9 4 1 
625|Survivor|3|Mutated: 10548 2974 1178 499 205 103 46 20 9 4 1 
653|Child|49|Mutated: 10548 2755 1178 499 176 103 46 20 9 4 1 
676|Survivor|6|Mutated: 11834 2839 1178 499 176 103 46 20 9 4 1 
682|Child|35|Mutated: 10829 2974 1178 499 176 103 46 20 9 4 1 
688|Child|34|Mutated: 10853 2974 1178 499 176 103 46 20 9 4 1 
701|Child|7|Mutated: 11153 2974 1178 499 176 103 46 20 9 4 1 
727|Survivor|4|Mutated: 11153 3015 1178 499 176 103 46 20 9 4 1 
774|Survivor|5|Mutated: 11075 3015 1178 499 176 103 46 20 9 4 1 
776|Child|28|Mutated: 11153 3015 1178 499 203 108 46 20 9 4 1 
798|Survivor|8|Mutated: 11153 3015 1178 499 203 103 51 19 10 4 1 
805|Survivor|1|Mutated: 11153 2775 1206 568 203 103 51 19 10 4 1 
809|Survivor|2|Mutated: 12537 3015 1178 499 176 103 46 20 9 4 1 
811|Survivor|5|Mutated: 11153 3269 1178 499 176 103 46 20 9 4 1 
855|Child|31|Mutated: 11153 3154 1178 499 176 103 46 20 9 4 1 
918|Child|36|Mutated: 11153 2901 1178 499 176 103 46 20 9 4 1 
972|Child|47|Mutated: 12072 3132 1178 499 205 103 46 20 9 4 1 
992|Child|13|Mutated: 11153 3015 1178 499 199 103 46 20 9 4 1 
996|Child|50|Mutated: 11153 3052 1178 499 176 103 46 20 9 4 1 
1005|Child|40|Mutated: 11153 3022 1178 499 176 103 46 20 9 4 1 
1072|Survivor|2|Mutated: 10948 3015 1178 499 176 103 46 20 9 4 1 
1148|Child|36|Mutated: 12865 3015 1178 499 176 103 46 20 9 4 1 
1215|Child|42|Mutated: 11153 2960 1178 499 176 103 46 20 9 4 1 
1223|Child|31|Mutated: 11153 3015 1164 499 176 103 46 20 9 4 1 
1226|Child|32|Mutated: 11153 2643 1178 499 207 103 46 20 9 4 1 
1254|Child|36|Mutated: 11325 2788 1178 499 176 103 46 20 9 4 1 
1256|Survivor|3: 11153 2963 1178 499 176 103 46 20 9 4 1 
1263|Child|49|Mutated: 10817 3015 1178 552 201 93 46 20 9 4 1 
1301|Child|5|Mutated: 11153 2964 1178 499 176 103 46 20 9 4 1 
1307|Child|45|Mutated: 11153 2982 1178 499 176 103 46 20 9 4 1 
1312|Child|34|Mutated: 11153 3272 1178 499 176 103 46 20 9 4 1 
1325|Child|26|Mutated: 11153 2956 1178 499 176 103 46 20 9 4 1 
1350|Child|6|Mutated: 11446 3015 1178 499 176 103 46 20 9 4 1 
1384|Child|29|Mutated: 11153 3121 1178 499 176 103 46 20 9 4 1 
1386|Child|20|Mutated: 11153 2669 1178 499 176 103 46 20 9 4 1 
1442|Child|34|Mutated: 11205 2714 1178 499 176 103 46 20 9 4 1 
1479|Child|39|Mutated: 10699 3015 1178 499 176 103 46 20 9 4 1 
1532|Survivor|1|Mutated: 11153 3022 1178 499 204 85 43 20 9 4 1 
1616|Survivor|10|Mutated: 11153 3155 1178 499 176 103 46 20 9 4 1 
1647|Child|36|Mutated: 10705 3155 1178 499 176 103 46 20 9 4 1 
1662|Child|30|Mutated: 11619 3155 1178 499 176 103 46 20 9 4 1 
1671|Child|13|Mutated: 12736 3015 1178 499 176 103 46 20 9 4 1 
1681|Child|36|Mutated: 11153 3155 1147 499 176 103 48 20 9 4 1 
1715|Child|50|Mutated: 11153 3155 1304 499 207 103 46 20 9 4 1 
1763|Child|19|Mutated: 11153 3155 1178 508 187 103 46 20 9 4 1 
1768|Child|12|Mutated: 11078 3155 1178 499 176 103 46 20 9 4 1 
1888|Child|22|Mutated: 11153 3131 1178 499 176 103 46 20 9 4 1 
1927|Child|25|Mutated: 11153 2526 1178 499 176 103 46 20 9 4 1 
1981|Child|8|Mutated: 11153 3155 1107 499 176 103 46 20 9 4 1 
1983|Child|7|Mutated: 11153 2972 1178 464 202 103 46 20 9 4 1 
2043|Child|49|Mutated: 11557 3155 1178 499 176 103 46 20 9 4 1 
2106|Child|48|Mutated: 11153 2935 1178 499 176 103 46 20 9 4 1 
2141|Child|39|Mutated: 11153 2641 1178 499 176 103 46 20 9 4 1 
2160|Child|23|Mutated: 11153 3026 1178 499 176 103 46 20 9 4 1 
2175|Child|20|Mutated: 11153 2695 1178 499 176 103 46 20 9 4 1 
2223|Child|28|Mutated: 11153 3065 1262 499 209 119 46 20 9 4 1 
2247|Survivor|3|Mutated: 11182 3155 1178 499 176 103 46 20 9 4 1 
2255|Child|45|Mutated: 11263 3155 1178 499 176 103 46 20 9 4 1 
2274|Child|37: 11153 2950 1178 499 176 103 46 20 9 4 1 
2277|Child|48|Mutated: 11153 2743 1178 499 176 103 46 20 9 4 1 
2308|Child|13|Mutated: 11153 3155 1178 436 202 103 46 20 9 4 1 
2355|Survivor|8|Mutated: 11070 3155 1178 499 176 103 46 20 9 4 1 
2356|Child|16|Mutated: 10828 3127 1178 499 176 103 46 20 9 4 1 
2445|Child|20|Mutated: 11153 2893 1178 499 176 103 46 20 9 4 1 
2453|Child|22|Mutated: 12071 2875 1178 499 176 103 46 20 9 4 1 
2462|Child|19|Mutated: 11153 2813 1178 499 176 103 46 20 9 4 1 
2473|Child|22|Mutated: 10836 3155 1178 499 176 103 46 20 9 4 1 
2604|Child|6|Mutated: 11153 2583 1178 499 176 103 46 20 9 4 1 
2615|Survivor|3|Mutated: 11153 3140 1178 499 176 103 46 20 9 4 1 
2673|Child|46|Mutated: 11153 3155 1224 499 176 103 46 20 9 4 1 
2738|Child|26|Mutated: 11153 3155 1178 499 187 114 46 20 9 4 1 
2750|Child|5|Mutated: 11153 2934 1178 499 203 103 39 20 9 4 1 
2764|Child|14|Mutated: 11153 3155 1178 499 205 103 46 20 9 4 1 
2859|Child|16|Mutated: 13267 3155 1178 499 176 103 46 20 9 4 1 
2864|Child|47|Mutated: 11153 3155 1310 578 193 103 46 20 9 4 1 
2878|Child|6|Mutated: 11153 3238 1178 499 199 103 46 20 9 4 1 
2942|Child|22|Mutated: 11153 3085 1030 499 207 103 46 20 9 4 1 
2945|Child|7: 11598 3155 1178 499 176 103 46 20 9 4 1 
2968|Child|5|Mutated: 11153 2923 1145 499 188 103 46 20 9 4 1 
3014|Child|2: 12045 3155 1178 499 176 103 46 20 9 4 1 
3028|Survivor|8|Mutated: 11424 3155 1178 499 176 103 46 20 9 4 1 
3088|Child|50|Mutated: 10482 3155 1178 499 205 103 46 20 9 4 1 
3098|Child|9|Mutated: 11153 2611 1178 499 176 103 46 20 9 4 1 
3105|Child|36|Mutated: 11455 3155 1178 499 176 103 46 20 9 4 1 
3106|Child|37|Mutated: 11153 2937 1178 499 176 103 46 20 9 4 1 
3156|Child|41|Mutated: 11918 3155 1178 499 176 103 46 20 9 4 1 
3188|Child|20|Mutated: 11153 3155 1178 453 176 103 46 20 9 4 1 
3215|Child|37|Mutated: 11153 3155 1139 499 176 103 46 20 9 4 1 
3246|Child|29|Mutated: 11153 2809 1178 499 176 103 46 20 9 4 1 
3271|Child|21|Mutated: 11153 2926 1178 499 176 103 46 20 9 4 1 
3313|Child|30|Mutated: 11153 2958 1179 499 176 103 46 20 9 4 1 
3357|Child|31|Mutated: 11153 2897 1178 499 176 103 46 20 9 4 1 
3382|Child|7|Mutated: 11153 2667 1178 499 176 103 46 20 9 4 1 
3423|Child|14|Mutated: 11153 3155 1178 551 208 103 46 20 9 4 1 
3438|Survivor|6|Mutated: 11153 2849 1178 499 176 103 46 20 9 4 1 
3450|Child|38|Mutated: 11153 3123 1104 499 176 103 46 20 9 4 1 
3479|Child|30|Mutated: 11153 3155 1195 499 176 103 46 20 9 4 1 
3531|Child|43|Mutated: 11104 3155 1178 499 176 103 46 20 9 4 1 
3604|Child|15|Mutated: 11153 2576 1121 499 176 103 46 20 9 4 1 
3650|Survivor|5|Mutated: 11454 2576 1121 499 176 103 46 20 9 4 1 
3748|Survivor|6|Mutated: 11153 2576 1121 499 176 103 48 20 9 4 1 
3792|Child|26|Mutated: 11153 2856 1121 499 176 103 46 20 9 4 1 
3800|Survivor|7|Mutated: 11153 2576 1121 499 205 103 46 20 9 4 1 
3905|Child|7|Mutated: 11153 2600 1121 499 205 103 46 20 9 4 1 
3966|Child|28|Mutated: 11153 2733 1121 499 176 103 46 20 9 4 1 
3975|Child|5|Mutated: 11797 2576 1121 499 176 103 46 20 9 4 1 
4017|Child|34|Mutated: 11153 2636 1121 499 176 103 46 20 9 4 1 
4028|Child|1: 11092 2636 1121 499 176 103 46 20 9 4 1 
4080|Child|3|Mutated: 11153 2636 1121 499 195 103 48 20 9 4 1 
4089|Child|18: 11153 2636 1121 499 176 103 48 20 9 4 1 
4132|Child|9: 11762 2636 1121 499 176 103 46 20 9 4 1 
