84|Child_Cross|33: 4005 1130 471 210 97 36 13 4 1 
164|Survivor|1: 2421 874 390 177 80 43 14 4 1 
222|Survivor|1: 3192 1257 367 184 97 40 13 5 1 
233|Child_Avg|3: 2311 682 292 141 75 29 11 5 1 
359|Survivor|1: 2349 700 305 149 79 28 13 4 1 
362|Child_Avg|39: 2783 793 325 158 77 28 11 4 1 
404|Survivor|1: 2575 1084 377 139 79 32 11 4 1 
621|Survivor|1: 2296 812 331 161 89 35 12 5 1 
685|Child_Cross|53: 2678 908 324 156 89 31 14 4 1 
735|Child_Cross|38: 3565 1364 562 263 129 61 35 12 5 1 
751|Child_Cross|21: 2116 815 375 146 67 31 11 4 1 
782|Survivor|1: 1951 800 293 179 73 30 12 5 1 
825|Child_Cross|42|Mutated: 3119 1104 396 169 88 41 13 4 1 
837|Survivor|1: 3119 1186 396 193 88 41 13 4 1 
847|Survivor|1: 2857 1201 398 229 107 36 13 4 1 
882|Child_Avg|19: 2941 1049 439 218 74 28 13 4 1 
883|Survivor|1|Mutated: 2692 1049 439 218 74 28 13 4 1 
993|Child_Levy|12: 2875 935 394 181 73 30 11 5 1 
1003|Survivor|1|Mutated: 2875 789 394 181 73 30 11 5 1 
1026|Survivor|1: 2425 832 334 131 65 28 12 5 1 
1032|Survivor|1: 3098 906 421 176 90 31 11 4 1 
1090|Survivor|1: 3704 961 379 169 74 36 11 4 1 
1097|Survivor|1|Mutated: 3704 961 379 192 74 29 11 5 1 
1102|Child_Avg|43: 3108 834 335 170 72 30 11 5 1 
1121|Child_Cross|1: 2909 923 302 133 69 30 11 4 1 
1123|Child_Cross|5: 3006 916 338 146 77 35 12 5 1 
1131|Survivor|1: 2646 916 338 146 77 35 12 5 1 
1137|Child_Levy|16: 3883 1013 542 214 90 35 13 5 1 
1292|Survivor|1|Mutated: 4316 1680 533 290 125 63 27 11 4 1 
1415|Survivor|1|Mutated: 3521 1037 451 173 82 33 12 5 1 
1476|Survivor|1: 3923 1189 391 176 74 36 11 5 1 
1536|Child_Cross|61: 3114 862 302 161 78 35 11 5 1 
1610|Survivor|1: 2904 1079 305 204 74 33 12 5 1 
1691|Child_Levy|16: 2725 1155 367 161 87 28 12 5 1 
1731|Survivor|1: 3511 1093 462 210 78 35 13 6 1 
1734|Child_Levy|24: 1838 714 308 155 75 32 13 4 1 
1779|Survivor|1|Mutated: 2643 1196 411 150 98 31 14 5 1 
1819|Child_Cross|45: 3667 993 437 195 81 29 11 5 1 
1833|Child_Levy|52: 2603 728 355 153 79 29 11 5 1 
1939|Child_Cross|9: 2385 918 335 139 84 35 12 5 1 
1999|Child_Cross|34: 7188 1911 726 289 132 76 30 11 5 1 
2175|Child_Avg|63: 2284 848 356 151 77 28 11 4 1 
2288|Child_Cross|14: 3642 1155 362 143 88 40 14 5 1 
2305|Child_Avg|11: 2045 751 316 138 76 35 12 5 1 
2317|Child_Cross|14: 1839 733 302 143 69 35 11 4 1 
2431|Child_Cross|29: 2187 827 361 159 76 28 13 4 1 
2476|Child_Cross|62: 2043 726 307 128 78 30 11 5 1 
2631|Survivor|1|Mutated: 2154 820 364 158 87 35 14 5 1 
2644|Survivor|1|Mutated: 2154 820 364 158 87 35 12 5 1 
2681|Child_Cross|29: 2219 683 304 131 87 35 12 5 1 
2777|Child_Levy|52: 2321 862 339 141 61 32 11 4 1 
2783|Survivor|1: 2393 927 339 141 61 32 11 4 1 
2857|Child_Cross|45: 2929 956 401 168 87 37 14 4 1 
2879|Survivor|1: 2461 848 334 151 80 36 13 4 1 
2928|Child_Levy|64: 2697 746 279 127 62 23 12 5 1 
2942|Child_Avg|43: 4282 1152 455 187 76 31 11 4 1 
3023|Child_Cross|13: 2181 820 351 137 75 40 14 5 1 
3092|Child_Cross|22: 9819 3897 1066 425 176 87 36 14 5 1 
3094|Child_Cross|26: 2834 938 398 165 87 36 14 5 1 
3119|Survivor|1|Mutated: 2773 1003 362 142 89 35 11 5 1 
3148|Child_Levy|4|Mutated: 7399 1723 715 276 110 63 29 10 4 1 
3174|Child_Cross|46: 5531 1405 569 225 92 31 14 5 1 
3187|Child_Avg|59: 3190 852 360 170 77 28 15 4 1 
3255|Child_Levy|52|Mutated: 2097 820 314 137 68 25 11 5 1 
3276|Child_Cross|17: 4153 1137 437 184 85 45 13 5 1 
3315|Child_Avg|31|Mutated: 2405 779 390 166 79 32 11 4 1 
3325|Survivor|1: 1931 779 390 166 79 32 11 4 1 
3391|Child_Avg|51: 2151 877 312 146 76 27 10 4 1 
3485|Child_Levy|32: 2267 704 290 127 73 25 11 5 1 
3610|Child_Levy|52: 2677 852 380 193 91 35 13 5 1 
3616|Child_Levy|36: 2031 826 332 153 74 28 12 5 1 
3699|Survivor|1|Mutated: 2612 1062 374 159 89 40 11 5 1 
3818|Survivor|1: 2438 846 351 139 81 32 13 5 1 
3939|Child_Avg|43: 2906 1054 390 185 72 35 14 6 1 
4020|Child_Levy|16: 2875 972 374 149 61 28 12 5 1 
4212|Child_Cross|10: 2121 822 335 143 73 36 11 5 1 
4322|Child_Levy|44: 2591 1003 442 166 89 36 13 4 1 
4326|Survivor|1|Mutated: 2936 1003 442 196 89 36 13 4 1 
4328|Child_Levy|40: 1967 733 326 173 87 32 13 5 1 
4332|Child_Cross|54: 1967 733 326 173 85 32 13 5 1 
4377|Child_Levy|8: 3735 1373 610 225 85 31 14 5 1 
4396|Child_Avg|35: 2423 934 406 169 83 30 12 5 1 
4422|Survivor|1: 7489 1956 861 363 118 66 24 11 4 1 
4518|Child_Avg|3: 2742 847 359 157 61 31 11 4 1 
4561|Child_Levy|20|Mutated: 7023 2379 704 373 167 75 27 13 5 1 
4674|Child_Levy|52: 3109 1057 385 185 81 30 11 5 1 
4682|Survivor|1|Mutated: 3515 1057 385 185 81 30 11 5 1 
4818|Child_Avg|47: 2603 794 385 156 65 27 10 4 1 
4877|Survivor|1: 2279 998 409 156 74 36 11 6 1 
4981|Survivor|1: 2165 687 311 132 64 29 9 4 1 
5026|Survivor|1|Mutated: 8786 2286 749 314 120 71 26 14 5 1 
5090|Child_Levy|8: 2453 793 350 176 71 25 11 5 1 
5092|Survivor|1|Mutated: 2453 852 350 176 71 25 11 5 1 
5103|Child_Levy|36|Mutated: 2692 768 365 155 71 23 14 4 1 
5120|Survivor|1: 3950 1166 424 172 81 39 11 4 1 
5123|Child_Levy|40: 2841 790 356 146 69 31 10 4 1 
5174|Child_Cross|37: 2379 922 435 166 74 32 13 4 1 
5179|Survivor|1: 2334 1009 364 152 73 32 11 4 1 
5302|Child_Levy|20: 2604 934 391 155 72 28 13 4 1 
5311|Child_Levy|16: 2355 731 374 158 61 31 14 5 1 
5345|Child_Cross|62: 6155 1464 541 202 99 31 16 6 1 
5358|Survivor|1: 4488 1067 404 143 82 30 14 5 1 
5373|Child_Levy|60: 2815 826 307 126 82 29 16 5 1 
5385|Child_Cross|41: 4199 1218 449 166 93 36 13 6 1 
5386|Child_Avg|31|Mutated: 2260 806 311 133 74 28 12 5 1 
5460|Child_Avg|47: 3825 1073 346 157 75 28 11 4 1 
5644|Child_Levy|4: 2475 768 428 143 62 28 12 5 1 
5649|Child_Cross|6: 2044 717 280 119 62 28 12 5 1 
5663|Child_Cross|10: 2821 983 356 177 80 35 11 5 1 
5698|Child_Levy|40: 1964 834 372 210 77 31 14 5 1 
5867|Survivor|1|Mutated: 2059 773 340 155 86 32 13 5 1 
5875|Child_Cross|53: 2059 773 340 155 67 32 13 4 1 
5886|Survivor|1: 2619 747 335 141 58 27 10 4 1 
5946|Survivor|1: 2353 927 335 142 79 31 11 5 1 
6060|Survivor|1: 1948 873 336 132 79 29 14 4 1 
6064|Survivor|1: 2253 759 324 132 74 25 11 5 1 
6109|Survivor|1: 2720 813 451 161 93 30 14 5 1 
6193|Child_Levy|36: 2229 891 374 155 74 33 12 5 1 
6306|Child_Avg|31|Mutated: 2556 772 330 149 83 36 13 4 1 
6340|Child_Avg|63: 2028 709 317 149 67 32 11 4 1 
6462|Child_Cross|61: 1707 767 311 149 84 35 12 5 1 
6535|Child_Cross|17: 6041 1996 856 334 137 65 31 11 4 1 
6541|Survivor|1|Mutated: 6041 1801 856 334 137 65 31 11 4 1 
6683|Survivor|1: 2481 1033 369 181 91 35 12 5 1 
6714|Child_Levy|44: 1884 752 308 142 87 33 14 6 1 
6803|Child_Levy|48: 2509 787 413 164 77 27 13 5 1 
6813|Survivor|1|Mutated: 1947 741 320 125 76 28 11 4 1 
6820|Child_Cross|49: 2938 807 318 127 69 27 10 4 1 
6983|Child_Avg|27: 2896 811 365 136 66 30 11 5 1 
7013|Child_Cross|21: 2896 709 365 136 80 30 11 5 1 
7038|Child_Levy|4: 2949 822 338 194 77 33 12 5 1 
7070|Child_Cross|26: 2305 743 316 141 75 29 11 5 1 
7110|Child_Avg|43: 2442 784 318 151 72 31 11 4 1 
7138|Survivor|1: 2843 832 320 147 81 31 13 4 1 
7264|Survivor|1|Mutated: 2383 743 371 158 77 35 13 5 1 
7301|Survivor|1: 2504 743 371 158 77 35 13 6 1 
7469|Survivor|1: 2303 912 320 127 69 28 11 4 1 
7533|Survivor|1: 5691 1524 676 309 118 65 27 10 4 1 
7599|Survivor|1: 2876 1146 399 190 82 39 11 4 1 
7645|Child_Cross|49: 2525 911 368 169 88 31 14 4 1 
7647|Survivor|1|Mutated: 2865 911 368 169 88 31 14 5 1 
7694|Child_Cross|38: 2595 846 389 199 96 34 16 5 1 
7708|Survivor|1: 7440 2036 878 339 132 74 35 14 4 1 
7745|Child_Levy|20: 2287 740 320 151 77 35 12 5 1 
7899|Child_Levy|40: 3741 972 340 151 80 31 14 5 1 
7922|Child_Cross|10|Mutated: 3776 1073 409 177 71 34 11 5 1 
7930|Survivor|1: 4114 1115 464 180 91 41 14 6 1 
7947|Child_Levy|24: 2844 890 375 154 83 39 14 6 1 
7949|Child_Avg|39: 2687 1103 421 172 70 30 11 5 1 
7954|Child_Avg|15: 2696 1022 387 156 73 30 11 5 1 
8102|Child_Levy|48: 2294 885 330 138 88 32 13 5 1 
8156|Child_Cross|18: 3102 894 347 177 90 35 12 5 1 
8166|Child_Cross|57: 2998 947 377 177 91 31 14 4 1 
8250|Child_Avg|55: 6378 1432 538 227 93 35 11 5 1 
8279|Child_Avg|43: 2982 991 458 191 79 32 13 4 1 
8369|Survivor|1: 3057 802 340 132 74 31 11 4 1 
8372|Survivor|1|Mutated: 2847 802 340 132 74 31 11 4 1 
8390|Survivor|1: 2113 694 304 115 64 30 12 5 1 
8517|Survivor|1|Mutated: 6957 2089 713 389 148 58 24 11 5 1 
8539|Survivor|1|Mutated: 7477 2089 601 314 148 58 24 11 5 1 
8540|Child_Levy|16: 2294 753 372 146 74 29 10 4 1 
8727|Child_Cross|41: 2442 1032 373 140 72 27 13 5 1 
8848|Survivor|1: 3491 1029 400 185 89 35 13 5 1 
8874|Child_Avg|31: 2760 842 358 169 89 35 11 5 1 
9122|Child_Cross|45: 3102 1334 391 182 73 35 11 5 1 
9132|Child_Cross|26: 2577 977 374 167 73 35 11 5 1 
9200|Child_Levy|52: 2533 996 361 177 81 36 13 4 1 
9320|Survivor|1|Mutated: 2107 662 327 125 71 28 12 5 1 
9325|Child_Cross|10: 2036 695 309 117 71 28 12 5 1 
9390|Survivor|1: 1986 744 304 120 75 27 13 5 1 
9640|Child_Avg|23: 2721 800 313 127 78 35 12 5 1 
9642|Survivor|1|Mutated: 2759 808 299 127 78 35 12 5 1 
9703|Child_Levy|12: 3078 1260 478 181 86 35 12 5 1 
9729|Child_Cross|53: 2121 906 316 143 86 35 12 5 1 
9767|Survivor|1: 3893 1337 421 177 82 35 14 5 1 
9775|Child_Avg|15: 2823 972 362 140 75 27 13 5 1 
9895|Survivor|1: 2473 891 317 153 76 28 13 4 1 
10171|Child_Avg|59: 2575 1038 413 165 70 31 11 4 1 
10227|Child_Cross|26: 3548 1090 461 171 86 40 14 5 1 
10289|Survivor|1: 2718 944 335 143 100 30 11 5 1 
10398|Child_Levy|36: 2614 797 343 163 79 29 11 5 1 
10471|Child_Cross|13: 3510 1059 452 162 97 30 11 5 1 
10577|Survivor|1: 3120 769 304 151 71 25 11 5 1 
10592|Child_Cross|33: 2428 1074 377 186 79 32 11 4 1 
10595|Child_Levy|28: 2897 892 373 138 79 37 13 5 1 
10678|Survivor|1: 2298 778 482 159 91 35 13 5 1 
10716|Survivor|1: 2759 908 377 158 75 33 13 5 1 
10717|Survivor|1|Mutated: 2759 812 377 158 75 33 13 5 1 
10854|Child_Avg|59: 1963 913 349 150 72 32 11 4 1 
10855|Child_Cross|30: 2202 749 338 131 72 32 11 4 1 
10902|Child_Levy|40|Mutated: 5858 1627 734 301 134 58 24 9 4 1 
10961|Child_Avg|63: 2304 834 321 142 67 31 11 4 1 
11020|Survivor|1|Mutated: 7245 2217 602 360 134 79 32 13 4 1 
11117|Child_Cross|30: 4137 1278 382 177 75 35 11 4 1 
11125|Survivor|1|Mutated: 4155 1278 382 177 75 35 11 5 1 
11172|Child_Cross|61: 2319 924 346 159 82 35 13 5 1 
11303|Child_Levy|40: 2781 1018 360 203 88 43 13 5 1 
11419|Child_Cross|25: 3679 1082 455 174 73 36 13 4 1 
11462|Child_Cross|42: 5761 2010 895 332 143 65 25 11 5 1 
11500|Survivor|1: 3833 1308 512 237 101 51 23 10 4 1 
11639|Child_Levy|36: 2215 756 264 137 69 28 11 4 1 
11670|Survivor|1: 3033 961 414 149 85 35 11 5 1 
11672|Child_Avg|27: 1767 676 354 163 81 35 13 5 1 
11742|Survivor|1: 2975 792 374 147 69 27 10 4 1 
11871|Child_Levy|32: 2718 794 410 139 70 27 10 4 1 
11897|Child_Avg|59: 2882 1071 396 152 83 27 11 4 1 
11934|Child_Avg|63: 2112 815 366 187 78 32 11 4 1 
11936|Child_Levy|56: 2123 879 307 153 75 29 11 5 1 
11970|Child_Cross|41: 2004 715 294 125 76 28 11 4 1 
12003|Child_Avg|31: 3217 1164 438 193 88 32 11 4 1 
12007|Survivor|1|Mutated: 3250 1164 438 173 88 32 13 4 1 
12020|Child_Levy|52: 2892 893 358 172 83 31 14 5 1 
12043|Survivor|1: 3716 975 366 180 73 27 11 4 1 
12092|Survivor|1: 1767 873 332 135 69 30 11 5 1 
12167|Survivor|1: 2893 941 350 157 90 32 11 4 1 
12180|Child_Levy|36|Mutated: 3969 1401 572 291 156 76 29 13 6 1 
12203|Survivor|1|Mutated: 2128 722 316 165 74 27 13 5 1 
12247|Survivor|1: 8723 2242 676 284 97 65 28 11 4 1 
12294|Survivor|1|Mutated: 2601 789 338 142 68 25 11 5 1 
12402|Child_Avg|59: 3447 1022 361 165 71 29 10 4 1 
12431|Child_Avg|27: 2342 715 315 147 71 28 11 4 1 
12454|Survivor|1: 2710 962 440 155 77 33 13 4 1 
12473|Survivor|1: 2772 1057 395 159 61 33 10 6 1 
12542|Child_Cross|38: 2624 876 356 149 79 31 11 4 1 
12677|Child_Levy|24: 2653 987 390 151 77 27 13 5 1 
12699|Survivor|1: 4455 1211 474 219 119 62 28 13 4 1 
12761|Child_Levy|64: 2781 1034 468 191 94 33 12 5 1 
12801|Child_Avg|3: 2037 827 335 140 74 32 13 4 1 
12810|Child_Levy|36: 2576 764 393 143 81 35 13 5 1 
12822|Survivor|1|Mutated: 2576 813 393 143 81 35 13 5 1 
12837|Survivor|1: 2675 829 420 202 100 31 14 5 1 
12843|Survivor|1: 2554 858 354 154 97 31 14 5 1 
12858|Survivor|1|Mutated: 2554 858 354 154 97 31 14 6 1 
12877|Survivor|1: 3151 1161 427 211 97 30 14 5 1 
13124|Child_Levy|36: 2629 864 351 172 85 32 13 5 1 
13256|Child_Cross|25: 2699 926 369 142 73 35 11 4 1 
13321|Child_Cross|58: 2729 1031 369 165 72 32 15 4 1 
13336|Child_Levy|64: 2535 941 361 158 78 30 13 5 1 
13364|Child_Cross|29: 8853 1853 865 322 145 73 30 11 5 1 
13393|Survivor|1: 2760 842 306 167 75 27 13 4 1 
13642|Survivor|1: 7245 1609 501 244 120 63 27 11 4 1 
13684|Child_Cross|61: 7555 1983 771 273 151 80 28 11 4 1 
13700|Child_Cross|54: 2649 877 373 124 70 30 11 5 1 
13796|Survivor|1: 2142 873 353 184 74 35 11 4 1 
13864|Child_Avg|19: 2168 729 296 122 65 28 11 4 1 
13955|Child_Cross|13: 2951 780 323 158 71 30 13 4 1 
14008|Child_Cross|1: 4104 1231 542 223 109 40 13 5 1 
14079|Survivor|1: 4127 1612 638 232 109 54 24 11 4 1 
14091|Survivor|1: 4149 1125 584 221 105 56 24 11 4 1 
14131|Child_Cross|6: 3561 1103 379 176 82 37 13 4 1 
14324|Survivor|1: 1885 779 301 130 69 32 13 4 1 
14335|Child_Cross|21: 8091 2036 740 288 133 68 35 13 5 1 
14377|Child_Cross|18: 9610 2127 805 320 192 77 31 14 4 1 
14429|Child_Avg|43: 3970 1336 522 219 79 32 13 4 1 
14430|Child_Levy|64: 2738 895 381 165 77 28 12 5 1 
14611|Survivor|1: 6367 1751 515 277 143 66 27 10 4 1 
14663|Child_Cross|17: 2366 805 350 152 83 25 12 5 1 
14705|Child_Cross|14: 3659 1107 540 218 100 58 23 10 4 1 
14767|Child_Levy|36: 1707 705 329 132 58 24 11 5 1 
14830|Child_Avg|63: 2671 1045 378 163 82 39 11 4 1 
14840|Child_Cross|14: 4175 1502 636 247 121 56 24 11 4 1 
14908|Child_Avg|31: 2403 770 320 127 74 30 12 5 1 
14991|Child_Cross|14: 2215 763 318 121 71 31 14 5 1 
15136|Survivor|1: 3625 1210 459 205 85 31 14 4 1 
15175|Survivor|1: 1690 726 341 130 74 32 13 5 1 
15205|Child_Cross|53: 2285 857 327 158 69 28 12 5 1 
15229|Survivor|1|Mutated: 2285 857 327 183 69 28 12 5 1 
15236|Child_Avg|23: 2125 697 296 137 65 28 11 4 1 
15318|Child_Levy|16|Mutated: 2924 878 323 146 71 33 10 4 1 
15579|Child_Cross|26: 2760 995 358 178 71 30 14 5 1 
15598|Survivor|1: 3004 771 310 143 73 28 12 5 1 
15625|Child_Cross|26: 2178 792 328 173 89 27 14 4 1 
15648|Child_Cross|18: 6852 1999 785 380 148 63 28 13 4 1 
15800|Survivor|1: 9127 2330 1231 416 162 93 32 11 4 1 
15920|Survivor|1: 4136 1145 556 293 123 66 31 14 5 1 
15925|Child_Cross|14: 2897 1056 334 173 82 32 11 4 1 
15936|Child_Cross|38: 3588 1057 415 200 78 32 11 4 1 
15955|Child_Levy|52: 2790 1048 335 162 86 40 13 5 1 
16081|Child_Cross|50: 2807 980 439 195 83 40 12 5 1 
16164|Child_Levy|48: 1927 636 301 138 75 32 13 5 1 
16173|Survivor|1: 2129 777 343 147 93 28 12 5 1 
16182|Child_Cross|50: 2129 777 351 144 77 28 12 5 1 
16184|Child_Cross|30: 2888 1087 319 147 85 28 12 5 1 
16185|Survivor|1|Mutated: 2353 1087 319 147 85 28 12 5 1 
16197|Survivor|1: 3427 1219 494 211 84 37 13 4 1 
16270|Survivor|1: 2316 954 358 161 88 27 11 4 1 
16305|Child_Levy|32: 2517 921 353 163 102 31 14 5 1 
16313|Survivor|1|Mutated: 2022 921 381 163 102 31 14 5 1 
16364|Survivor|1: 2529 764 332 157 62 30 12 5 1 
16365|Child_Levy|32: 3206 932 382 153 79 30 13 5 1 
16381|Survivor|1|Mutated: 2756 717 356 157 73 32 13 4 1 
16487|Child_Levy|24: 2311 1221 341 153 72 32 13 5 1 
16535|Child_Levy|48: 2743 751 315 133 74 29 11 5 1 
16584|Child_Avg|63: 2260 725 407 168 94 32 13 4 1 
16628|Child_Avg|15: 1966 774 343 154 81 32 11 4 1 
16704|Child_Levy|28: 5245 1471 684 363 170 78 30 11 5 1 
16711|Child_Levy|52: 2085 730 322 134 71 28 12 5 1 
16722|Child_Avg|51: 2176 879 342 169 88 32 13 4 1 
16724|Survivor|1|Mutated: 2083 879 342 169 88 32 13 4 1 
16725|Child_Avg|15: 3161 1109 464 155 88 32 13 4 1 
16732|Child_Avg|11: 2862 883 295 173 76 28 11 4 1 
16799|Survivor|1: 3228 1179 468 235 111 64 24 11 5 1 
16920|Child_Levy|64: 3969 1221 410 180 84 33 14 4 1 
17024|Child_Avg|15: 6477 1834 695 299 127 69 27 10 4 1 
17046|Survivor|1: 2676 732 333 166 81 31 14 4 1 
17108|Survivor|1: 4194 1180 463 181 89 41 14 4 1 
17194|Survivor|1: 3008 985 386 164 88 33 13 5 1 
17225|Child_Levy|64: 2213 971 333 180 94 32 13 5 1 
17228|Survivor|1|Mutated: 2213 879 333 180 94 32 13 5 1 
17245|Child_Levy|44: 2861 844 351 199 90 35 13 5 1 
17371|Survivor|1: 2137 781 400 212 81 32 13 4 1 
17391|Child_Cross|42: 4159 1286 577 242 119 61 24 9 4 1 
17494|Child_Cross|50: 3107 1091 404 154 89 35 11 4 1 
17592|Child_Levy|56: 2757 716 370 166 67 30 12 5 1 
17650|Child_Cross|62: 3531 1356 479 208 86 35 11 5 1 
17654|Child_Levy|16: 2781 984 381 179 80 30 11 5 1 
17664|Child_Cross|57: 2781 984 381 179 98 35 11 5 1 
17673|Survivor|1|Mutated: 2435 1052 381 179 98 35 13 5 1 
17676|Child_Avg|59: 2099 925 341 163 94 35 13 5 1 
17681|Child_Cross|9: 3127 886 358 165 74 35 12 5 1 
17689|Survivor|1|Mutated: 3127 1014 358 165 74 35 12 5 1 
17714|Survivor|1|Mutated: 2855 1014 358 165 74 35 12 5 1 
17765|Child_Cross|33: 2748 872 471 175 91 43 17 5 1 
17774|Child_Levy|36: 2672 900 344 143 71 31 14 5 1 
17782|Child_Cross|21: 2672 900 344 143 93 28 12 5 1 
17783|Child_Cross|14: 2309 926 407 153 91 28 12 5 1 
17882|Survivor|1|Mutated: 6615 1661 619 358 136 77 40 14 5 1 
17909|Survivor|1|Mutated: 4186 1211 509 250 108 61 30 11 5 1 
17987|Survivor|1: 2130 678 296 127 65 25 9 4 1 
17997|Child_Levy|4: 2354 722 328 148 71 29 11 5 1 
18008|Survivor|1|Mutated: 2198 918 315 156 70 29 11 5 1 
18073|Survivor|1: 6760 1502 539 252 108 77 28 11 4 1 
18216|Survivor|1: 2030 841 377 162 57 28 11 4 1 
18264|Child_Levy|60: 4533 1241 524 212 99 35 12 5 1 
18303|Child_Levy|64: 2588 870 317 128 68 35 13 5 1 
18345|Survivor|1: 4111 1309 750 291 117 52 25 11 4 1 
18371|Child_Cross|9: 8135 2023 803 297 113 55 23 10 4 1 
18401|Survivor|1: 2368 834 365 174 92 31 14 4 1 
18410|Survivor|1: 7921 1666 749 313 121 89 31 11 4 1 
18461|Child_Avg|15: 2349 861 366 172 84 27 14 4 1 
18573|Child_Levy|24: 3200 1082 468 183 85 28 12 5 1 
18652|Child_Cross|50: 6202 1658 551 286 110 62 27 10 4 1 
18675|Child_Levy|16: 2173 792 308 164 73 28 12 5 1 
18747|Child_Avg|19: 2243 754 305 152 64 27 13 5 1 
18757|Child_Levy|48: 2115 723 280 132 72 27 13 5 1 
18920|Child_Levy|4: 4341 985 425 151 74 27 14 4 1 
19083|Child_Avg|31: 2181 753 294 144 68 28 13 4 1 
19129|Survivor|1: 3079 898 400 178 75 29 10 4 1 
19177|Survivor|1: 2451 922 422 144 90 37 13 4 1 
19181|Child_Levy|28: 2724 992 431 147 85 35 12 5 1 
19183|Child_Cross|58|Mutated: 2459 866 313 136 85 35 12 5 1 
19185|Survivor|1: 2591 929 372 141 85 35 12 5 1 
19211|Child_Cross|26: 5678 1504 571 271 125 61 23 12 5 1 
19220|Child_Avg|43: 3037 878 434 169 72 27 10 4 1 
19239|Survivor|1: 3037 897 434 169 72 27 10 4 1 
19285|Survivor|1: 7209 2594 785 317 113 64 28 11 4 1 
19733|Child_Levy|60: 2342 933 369 173 71 30 13 5 1 
19778|Child_Cross|54: 6728 1560 765 333 136 58 28 11 4 1 
19804|Survivor|1: 2607 832 301 136 56 25 9 5 1 
19895|Child_Cross|37: 2312 748 331 137 71 29 11 5 1 
19930|Child_Cross|41: 6211 1637 684 289 107 62 24 11 5 1 
19943|Survivor|1: 6211 1637 768 289 107 71 28 11 4 1 
20008|Child_Levy|8: 2118 673 270 119 74 27 13 5 1 
20038|Survivor|1: 3943 1301 621 274 122 70 27 10 4 1 
20056|Survivor|1: 4321 1262 530 233 102 63 27 10 4 1 
20070|Child_Levy|56: 3987 1758 744 361 147 81 31 14 5 1 
20286|Survivor|1: 4545 1758 612 247 123 69 32 13 4 1 
20292|Child_Cross|22|Mutated: 8233 2316 868 311 180 88 27 13 5 1 
20331|Child_Cross|25: 2709 860 331 155 76 27 14 4 1 
20448|Child_Avg|19: 2097 665 353 154 71 32 11 4 1 
20487|Survivor|1: 2834 811 286 141 63 27 11 4 1 
20501|Survivor|1: 9481 1964 759 304 157 69 35 11 4 1 
20510|Survivor|1: 9374 2657 968 421 135 69 35 11 4 1 
20660|Child_Avg|11: 2262 798 319 147 72 32 13 4 1 
20662|Child_Cross|34: 2262 798 319 147 69 27 13 5 1 
20666|Child_Levy|32: 2957 810 305 130 71 28 11 4 1 
20671|Survivor|1: 2957 810 361 138 71 28 11 4 1 
20720|Survivor|1|Mutated: 2819 810 361 138 71 24 11 4 1 
20750|Survivor|1: 3738 1477 565 220 101 54 23 10 4 1 
20784|Child_Cross|46: 3170 983 432 191 93 35 13 5 1 
20848|Survivor|1: 2366 903 382 158 80 30 11 4 1 
20976|Child_Levy|36: 3992 1132 427 166 67 29 11 5 1 
21002|Child_Cross|18: 2621 785 299 139 67 29 11 5 1 
21038|Child_Cross|33: 2387 1053 412 172 85 27 13 5 1 
21060|Child_Levy|32: 2421 992 355 165 79 28 12 5 1 
21064|Child_Cross|34: 2905 891 355 160 75 29 11 5 1 
21122|Child_Avg|27|Mutated: 2186 728 337 154 85 35 12 5 1 
21222|Survivor|1: 5378 1481 549 309 116 65 24 11 4 1 
21229|Child_Levy|28: 2175 718 337 139 69 28 12 5 1 
21230|Child_Cross|25: 2231 704 342 135 65 28 11 4 1 
21277|Child_Cross|34: 3224 863 434 187 89 35 12 5 1 
21332|Child_Cross|41: 2684 839 357 204 76 29 14 4 1 
21525|Child_Avg|31: 4637 1311 549 223 101 58 24 11 4 1 
21597|Child_Levy|32: 2574 922 377 143 70 30 11 5 1 
21600|Survivor|1|Mutated: 2574 972 377 143 70 30 11 6 1 
21615|Survivor|1: 2209 813 372 133 86 35 11 5 1 
21626|Survivor|1: 2209 813 447 133 86 35 11 5 1 
21712|Child_Avg|23: 2813 1051 331 168 70 33 12 5 1 
21718|Child_Cross|49: 3027 972 418 150 70 33 12 5 1 
21770|Child_Cross|37: 4040 1249 555 242 109 69 28 11 4 1 
21867|Survivor|1: 2849 807 329 122 70 27 10 4 1 
21876|Child_Avg|47: 3904 1082 453 186 94 37 14 4 1 
21964|Child_Cross|10: 2923 1021 431 168 72 27 14 4 1 
21997|Survivor|1: 3086 1077 370 168 82 33 12 5 1 
22077|Child_Avg|11: 2745 816 431 145 72 27 10 4 1 
22212|Survivor|1: 6049 1751 641 352 132 79 28 13 4 1 
22290|Child_Cross|2|Mutated: 2885 1037 448 169 80 35 11 4 1 
22297|Survivor|1|Mutated: 2885 1037 448 169 80 28 11 4 1 
22361|Survivor|1: 2141 987 379 156 70 37 13 5 1 
22390|Child_Levy|52: 1890 685 299 147 75 32 13 5 1 
22421|Survivor|1: 6637 1487 528 196 87 36 13 4 1 
22482|Survivor|1: 2464 761 313 151 76 28 11 4 1 
22535|Survivor|1|Mutated: 2516 947 382 151 67 29 11 5 1 
22553|Survivor|1|Mutated: 2516 947 382 164 67 29 11 5 1 
22585|Child_Levy|12: 2840 880 303 148 86 35 13 6 1 
22684|Survivor|1: 2912 1059 407 151 72 27 11 4 1 
22769|Child_Levy|4: 5751 1332 516 218 90 35 12 5 1 
22833|Child_Cross|41: 2884 878 426 166 87 31 11 4 1 
22917|Child_Levy|36: 2243 893 402 163 66 27 10 4 1 
23025|Survivor|1: 2075 792 313 127 53 28 13 4 1 
23168|Child_Cross|42: 3036 944 419 177 95 37 14 4 1 
23272|Child_Levy|8: 2514 730 372 159 72 26 14 5 1 
23470|Child_Avg|11: 2615 1003 366 162 79 28 13 4 1 
23532|Child_Levy|56: 2159 732 345 141 74 33 12 5 1 
23551|Child_Avg|43: 2754 857 322 186 81 32 13 5 1 
23573|Child_Cross|18: 7293 2588 885 307 163 81 32 13 5 1 
23581|Child_Cross|42: 3163 1056 412 181 93 36 11 5 1 
23645|Child_Cross|13: 2114 860 353 165 81 30 11 5 1 
23675|Child_Avg|3: 3461 1051 379 173 88 32 13 4 1 
23688|Survivor|1|Mutated: 4146 1051 379 173 88 32 13 5 1 
23785|Child_Avg|55: 2654 981 347 148 76 28 11 4 1 
23901|Survivor|1: 2589 698 268 152 78 27 13 5 1 
23973|Child_Levy|8: 2416 772 312 155 88 35 12 5 1 
24067|Child_Cross|41: 8842 2637 768 279 131 65 27 10 6 1 
24098|Child_Avg|59: 3675 1150 386 167 80 30 12 5 1 
24132|Survivor|1|Mutated: 3369 978 493 202 77 40 13 5 1 
24167|Survivor|1|Mutated: 2574 826 379 167 74 36 13 4 1 
24205|Child_Avg|35|Mutated: 2222 915 323 156 77 29 14 4 1 
24213|Child_Cross|33: 3192 887 366 152 79 33 14 6 1 
24228|Child_Cross|33: 3080 928 331 143 80 24 11 5 1 
24303|Survivor|1|Mutated: 2165 762 315 155 68 35 13 5 1 
24328|Child_Avg|47: 2546 863 359 149 76 27 13 4 1 
24348|Survivor|1: 2997 915 367 152 75 31 14 5 1 
24455|Child_Cross|10: 4412 1709 690 311 153 58 30 12 5 1 
24506|Child_Avg|15|Mutated: 2624 994 352 149 93 32 13 4 1 
24675|Survivor|1: 2122 669 358 141 71 28 11 4 1 
24783|Child_Levy|64|Mutated: 2363 815 373 158 81 30 11 5 1 
24803|Survivor|1|Mutated: 2363 737 302 158 81 30 11 5 1 
24812|Child_Cross|45: 2421 878 395 154 113 39 14 6 1 
24852|Child_Avg|11: 2130 807 390 155 74 31 14 5 1 
24853|Child_Cross|1: 2109 778 368 154 74 31 14 5 1 
24877|Survivor|1: 3031 877 301 140 86 30 11 5 1 
24940|Child_Levy|36: 3940 1135 483 166 75 35 13 5 1 
24942|Child_Levy|52: 2597 819 337 151 67 30 11 5 1 
24968|Survivor|1: 1810 698 322 136 73 35 12 5 1 
24972|Survivor|1: 2402 742 334 179 82 35 13 5 1 
24980|Child_Cross|5: 2539 942 380 156 86 41 13 4 1 
24984|Child_Cross|54: 2906 1016 439 208 91 32 15 4 1 
25016|Child_Levy|48|Mutated: 2351 1306 424 198 80 37 13 4 1 
25045|Child_Levy|36: 2792 1053 378 175 82 32 13 5 1 
25055|Child_Levy|8: 2562 827 363 155 76 30 12 5 1 
25076|Child_Cross|50: 3470 898 466 209 94 31 14 6 1 
25194|Child_Levy|4: 3905 1024 378 156 69 35 11 5 1 
25254|Child_Cross|49: 2307 857 313 160 85 35 13 5 1 
25258|Survivor|1|Mutated: 2382 857 313 160 85 35 13 5 1 
25275|Survivor|1: 2111 856 381 172 81 28 11 4 1 
25306|Child_Cross|6: 2544 973 370 179 87 36 11 4 1 
25358|Survivor|1|Mutated: 2642 1082 451 145 91 30 11 5 1 
25440|Survivor|1: 3095 937 331 118 81 32 13 5 1 
25448|Child_Cross|17: 6496 1530 557 204 79 32 13 5 1 
25501|Survivor|1: 5785 1513 588 351 133 65 28 11 4 1 
25555|Survivor|1: 2100 729 344 147 72 32 13 4 1 
25574|Survivor|1: 6299 1781 784 276 143 71 28 12 5 1 
25584|Survivor|1: 1828 697 336 141 71 28 12 5 1 
25641|Child_Levy|4: 2170 822 353 155 61 29 10 4 1 
25667|Survivor|1: 3053 975 406 148 99 35 11 5 1 
25689|Survivor|1: 9926 6782 1602 903 385 148 99 35 11 5 1 
25790|Child_Cross|34: 6851 1802 703 329 123 79 32 11 4 1 
25899|Survivor|1: 2205 774 347 134 60 34 11 5 1 
25929|Survivor|1: 2191 701 270 131 74 31 11 4 1 
25983|Child_Levy|52: 2217 879 381 148 81 31 14 5 1 
26002|Survivor|1: 2250 820 391 152 74 32 13 4 1 
26023|Child_Cross|25: 2349 923 347 165 89 35 11 5 1 
26057|Survivor|1|Mutated: 3062 1045 374 172 84 35 11 4 1 
26067|Survivor|1|Mutated: 3062 1093 374 172 84 35 11 4 1 
26106|Survivor|1: 3677 1196 427 188 87 35 12 5 1 
26121|Survivor|1|Mutated: 3677 1409 427 188 87 35 12 5 1 
26162|Child_Cross|5: 2955 1100 406 178 90 29 11 5 1 
26172|Survivor|1|Mutated: 2955 1043 406 178 90 29 11 5 1 
26203|Child_Cross|14: 2592 863 361 155 86 32 13 5 1 
26261|Child_Levy|24|Mutated: 2470 1119 400 184 79 36 15 4 1 
26270|Child_Avg|11: 2287 937 340 157 81 32 13 4 1 
26294|Child_Levy|8: 2855 931 421 174 74 31 14 4 1 
26371|Survivor|1: 4183 1370 515 250 123 63 28 11 4 1 
26384|Child_Avg|63: 2698 876 308 151 79 28 13 4 1 
26409|Child_Levy|32: 3658 1078 445 169 84 35 13 5 1 
26548|Survivor|1: 2087 710 300 137 76 31 11 4 1 
26624|Child_Cross|26: 2828 1038 394 176 90 33 17 5 1 
26633|Child_Levy|32: 2410 851 365 131 62 28 12 5 1 
26789|Child_Cross|37: 8203 1828 801 351 108 61 23 12 5 1 
26814|Child_Avg|3: 6392 1789 617 243 102 61 23 12 5 1 
26825|Survivor|1: 2130 791 333 152 68 31 11 5 1 
26874|Survivor|1: 2942 862 391 137 66 32 11 4 1 
26880|Survivor|1: 2942 862 325 137 66 32 11 4 1 
26893|Survivor|1: 2942 862 325 137 66 29 9 4 1 
26957|Child_Cross|14: 2337 823 290 122 69 28 11 4 1 
27017|Child_Levy|28: 2380 723 383 169 76 27 13 5 1 
27021|Child_Cross|18: 2199 838 317 148 76 27 13 5 1 
27165|Survivor|1: 2754 796 324 147 79 25 12 5 1 
27248|Survivor|1: 2230 742 305 138 81 31 14 5 1 
27255|Survivor|1: 2188 1058 339 159 79 32 13 4 1 
27266|Survivor|1: 2175 1022 391 179 70 29 11 5 1 
27302|Child_Levy|12|Mutated: 7430 1710 622 243 124 66 27 10 4 1 
27330|Survivor|1|Mutated: 7430 2045 622 243 124 66 27 10 4 1 
27360|Child_Cross|10: 4058 1094 502 171 75 28 11 4 1 
27394|Survivor|1: 2550 905 353 177 65 25 9 4 1 
27429|Child_Cross|37: 4082 1247 514 208 97 40 13 5 1 
27619|Survivor|1: 2886 914 375 137 76 30 13 5 1 
27658|Child_Levy|48: 2209 705 345 155 58 26 14 5 1 
27713|Survivor|1: 1956 793 290 117 67 30 11 5 1 
27718|Child_Cross|17: 3116 938 463 186 88 32 13 4 1 
27793|Child_Cross|46: 3917 1313 549 258 104 39 16 5 1 
27802|Survivor|1|Mutated: 3359 1313 549 258 104 39 16 5 1 
27807|Survivor|1|Mutated: 3359 1313 549 258 104 39 16 6 1 
27849|Survivor|1: 2456 799 374 151 90 35 12 5 1 
27860|Child_Levy|40: 2395 1014 370 145 94 35 13 5 1 
27930|Survivor|1: 6322 1485 534 243 118 75 28 11 4 1 
27937|Child_Levy|60: 8313 3001 925 425 147 68 32 13 5 1 
28050|Survivor|1: 2101 807 291 148 78 31 11 4 1 
28092|Survivor|1: 2235 997 354 139 78 35 12 5 1 
28131|Survivor|1: 3095 963 375 160 84 35 11 5 1 
28135|Child_Avg|7: 2938 842 345 179 66 28 13 4 1 
28175|Survivor|1: 3151 1224 455 147 84 37 14 6 1 
28182|Child_Cross|38: 2719 1044 349 143 84 37 14 6 1 
28240|Survivor|1: 6878 2206 719 319 138 75 35 12 5 1 
28241|Child_Levy|56: 3035 959 394 192 90 35 12 5 1 
28247|Child_Cross|14|Mutated: 6298 1961 688 301 127 68 32 13 4 1 
28278|Survivor|1: 2660 861 449 198 86 36 13 4 1 
28320|Survivor|1: 2509 825 346 144 76 31 10 4 1 
28374|Survivor|1: 2116 649 343 134 72 27 13 5 1 
28417|Child_Avg|39: 3077 917 398 177 79 31 10 4 1 
28448|Child_Cross|10: 2926 866 338 165 77 27 13 4 1 
28493|Child_Cross|61: 2772 976 397 157 79 35 14 5 1 
28592|Child_Levy|16: 1889 738 300 153 73 25 11 5 1 
28599|Child_Cross|45: 3607 1460 512 227 104 43 16 6 1 
28741|Survivor|1: 2073 844 291 136 76 28 11 4 1 
28753|Child_Cross|53: 2946 1185 479 147 85 32 13 4 1 
28791|Survivor|1: 2924 849 338 154 83 33 14 4 1 
28809|Child_Cross|53: 2411 895 365 199 79 32 13 4 1 
28954|Child_Levy|60: 2980 882 411 165 74 29 10 4 1 
28994|Child_Cross|58: 2568 832 342 147 70 32 11 4 1 
29028|Child_Cross|30: 2189 795 340 193 87 36 14 5 1 
29302|Survivor|1: 2172 834 308 115 60 29 11 5 1 
29424|Child_Cross|61: 3119 1133 386 170 84 35 11 5 1 
29433|Child_Cross|37: 2122 797 299 136 79 32 13 5 1 
29469|Child_Avg|15: 2637 963 420 161 87 28 11 4 1 
29485|Survivor|1|Mutated: 3022 963 420 161 87 28 11 4 1 
29496|Child_Cross|1|Mutated: 2382 791 302 129 73 24 11 4 1 
29555|Survivor|1: 2151 628 327 133 66 27 10 4 1 
29574|Survivor|1: 3068 837 372 159 77 40 11 5 1 
29593|Survivor|1: 3491 1088 473 198 70 30 11 5 1 
29601|Survivor|1: 2541 821 351 168 70 30 11 5 1 
29629|Survivor|1: 2546 847 337 157 79 32 13 5 1 
29690|Survivor|1: 3398 1019 427 218 73 35 11 5 1 
29746|Child_Avg|19: 2619 903 430 197 76 35 11 4 1 
29767|Survivor|1|Mutated: 2619 903 430 197 76 35 11 5 1 
29795|Survivor|1: 2756 927 404 134 78 30 11 5 1 
29825|Child_Avg|7: 2206 788 308 139 80 28 11 4 1 
29903|Child_Cross|50|Mutated: 2796 1088 470 173 92 29 14 4 1 
29923|Survivor|1: 2277 915 394 169 92 29 14 4 1 
29925|Child_Cross|37: 2744 1018 454 197 98 32 13 4 1 
29930|Child_Avg|11|Mutated: 2247 1048 341 187 89 30 11 5 1 
29956|Child_Cross|29: 2653 1109 474 182 94 30 11 5 1 
30033|Child_Levy|4: 2659 808 306 170 75 32 13 4 1 
30087|Survivor|1: 2234 797 406 167 79 31 11 4 1 
30173|Survivor|1: 3663 1032 441 180 76 35 11 4 1 
30184|Survivor|1|Mutated: 3663 1032 399 180 76 35 11 4 1 
30455|Survivor|1: 2352 819 439 134 72 28 13 4 1 
30459|Survivor|1: 2312 753 364 133 72 28 13 4 1 
30498|Child_Cross|10: 2660 813 342 172 81 37 14 4 1 
30779|Survivor|1: 6622 1928 658 356 149 86 30 12 5 1 
30787|Survivor|1|Mutated: 7475 1928 701 356 149 86 30 12 5 1 
30840|Survivor|1: 2914 907 404 192 70 31 11 6 1 
30912|Survivor|1: 3181 1009 455 172 96 36 13 4 1 
30919|Child_Avg|39: 2871 917 418 148 75 27 10 4 1 
30945|Child_Cross|57: 9391 3199 893 385 189 86 35 11 5 1 
30948|Survivor|1: 4493 1433 492 205 87 40 13 5 1 
31039|Child_Levy|56: 4038 1421 579 233 89 35 13 5 1 
31101|Survivor|1: 2317 731 335 148 90 35 13 5 1 
31112|Survivor|1: 3151 1266 530 177 85 40 13 5 1 
31115|Child_Cross|30: 2383 976 383 177 85 40 13 5 1 
31166|Survivor|1: 4601 1565 634 263 111 63 31 11 4 1 
31247|Child_Cross|2: 3816 1551 547 186 88 32 13 5 1 
31248|Child_Levy|52: 2360 1005 360 149 86 28 12 5 1 
31286|Child_Levy|24: 2129 804 342 178 91 27 13 5 1 
31311|Survivor|1: 2900 804 421 172 79 32 11 4 1 
31316|Child_Cross|18: 2900 804 421 172 73 27 14 4 1 
31328|Child_Avg|63: 2172 698 373 154 74 25 14 4 1 
31421|Survivor|1: 3182 840 360 215 79 28 12 5 1 
31445|Child_Cross|45: 4495 1812 758 324 149 79 28 12 5 1 
31464|Survivor|1: 2710 808 310 159 89 32 12 5 1 
31476|Child_Cross|34: 3846 1631 709 239 121 74 28 12 5 1 
31487|Survivor|1: 3672 1135 426 149 71 34 16 5 1 
31491|Survivor|1: 2646 850 316 127 72 32 13 4 1 
31636|Child_Avg|39: 1804 669 259 133 66 28 12 5 1 
31677|Child_Cross|2: 2969 1165 476 197 84 36 13 4 1 
31687|Child_Levy|20: 2101 804 333 155 77 29 11 5 1 
31688|Survivor|1|Mutated: 2220 804 333 155 77 29 11 5 1 
31715|Child_Cross|61: 8884 1921 817 277 107 81 28 12 5 1 
31727|Child_Avg|35: 7227 1475 625 257 119 66 28 11 4 1 
31733|Survivor|1|Mutated: 7227 1331 625 257 119 66 28 11 4 1 
31841|Survivor|1|Mutated: 2824 990 431 186 82 29 14 4 1 
31873|Survivor|1: 2325 831 278 147 74 28 12 5 1 
31887|Survivor|1: 3949 1720 624 251 134 80 30 11 5 1 
31918|Survivor|1: 2909 917 389 121 74 31 11 4 1 
32031|Survivor|1: 3244 907 411 181 79 37 11 4 1 
32099|Child_Levy|36: 2498 882 349 159 69 28 11 4 1 
32259|Survivor|1: 2419 710 288 132 71 28 11 4 1 
32366|Child_Avg|35: 2338 782 344 143 78 28 12 5 1 
32441|Survivor|1: 2728 869 361 139 85 32 13 4 1 
32461|Survivor|1: 2105 664 301 116 63 28 13 4 1 
32520|Child_Avg|47: 3611 1076 478 266 113 64 28 11 4 1 
32551|Survivor|1: 2284 814 317 154 76 31 11 5 1 
32559|Survivor|1|Mutated: 2284 814 317 154 74 31 11 5 1 
32564|Survivor|1|Mutated: 2284 814 317 154 76 31 11 4 1 
32596|Child_Cross|57: 2830 820 343 165 69 35 11 4 1 
32687|Child_Levy|56|Mutated: 2398 889 299 136 67 35 13 5 1 
32693|Child_Levy|60: 2266 772 289 154 66 35 12 5 1 
32694|Child_Cross|13: 8048 1839 865 326 123 67 35 13 5 1 
32697|Survivor|1|Mutated: 8048 1839 865 381 123 67 35 13 5 1 
32747|Survivor|1: 2635 1030 384 165 87 31 11 4 1 
32748|Child_Cross|53: 2961 1109 409 163 94 31 11 4 1 
32756|Child_Cross|42: 2441 852 373 154 94 35 13 5 1 
32757|Survivor|1|Mutated: 2820 852 373 170 94 35 13 5 1 
32812|Child_Avg|3: 1967 730 304 145 71 28 11 4 1 
32847|Child_Avg|27: 2177 795 354 155 75 24 11 4 1 
32874|Child_Cross|13: 2929 902 535 165 78 35 11 5 1 
32877|Survivor|1|Mutated: 2603 902 535 165 78 35 11 5 1 
32962|Child_Avg|35: 6742 1900 816 262 133 78 29 11 5 1 
32967|Child_Cross|13: 2169 873 392 133 78 29 11 5 1 
33026|Survivor|1: 2741 1095 475 199 72 29 10 4 1 
33120|Child_Cross|10: 8244 3068 968 408 195 87 40 12 5 1 
33151|Child_Avg|47|Mutated: 2113 831 314 149 71 36 11 4 1 
33158|Survivor|1: 2474 831 314 149 71 36 11 5 1 
33163|Child_Levy|24: 2416 824 399 166 79 32 13 4 1 
33233|Child_Cross|33: 3307 929 350 155 83 30 13 5 1 
33251|Child_Cross|26: 2792 1013 424 185 72 30 13 5 1 
33320|Survivor|1: 1942 886 328 153 83 33 14 4 1 
33341|Child_Avg|27: 2234 664 279 134 71 28 11 4 1 
33342|Child_Avg|23: 2907 1190 399 136 75 32 13 4 1 
33414|Child_Avg|39: 2595 875 320 147 73 35 11 4 1 
33427|Survivor|1: 2595 875 320 143 61 30 11 5 1 
33565|Child_Levy|12: 3651 1112 524 266 88 33 17 5 1 
33568|Child_Cross|17: 4559 1259 466 207 88 33 17 5 1 
33616|Child_Avg|23: 3423 1044 463 171 77 28 13 4 1 
33680|Child_Cross|57: 2825 978 436 202 87 36 13 4 1 
33702|Child_Levy|16: 2293 1004 348 141 80 30 11 5 1 
33784|Child_Cross|13: 2798 1007 348 193 83 30 12 5 1 
33800|Child_Avg|47: 2627 774 334 147 89 35 11 4 1 
33805|Child_Cross|54: 3767 1426 433 187 67 29 13 6 1 
33809|Child_Avg|39: 2845 991 343 149 70 30 12 5 1 
33815|Child_Avg|63|Mutated: 2828 1132 434 193 83 34 16 5 1 
33835|Child_Avg|31|Mutated: 1980 933 313 147 74 26 14 5 1 
33907|Child_Cross|54: 3135 992 386 201 111 35 13 5 1 
33974|Child_Cross|29: 2539 876 370 179 73 37 13 5 1 
33982|Survivor|1|Mutated: 2321 876 370 179 73 37 13 5 1 
34160|Child_Cross|34: 2881 1176 415 193 101 35 12 5 1 
34179|Child_Levy|64: 3492 1136 345 156 71 35 13 5 1 
34190|Child_Avg|27: 2404 779 355 148 82 29 14 4 1 
34229|Child_Cross|58: 1805 690 279 127 63 28 11 4 1 
34230|Survivor|1|Mutated: 1887 690 279 127 63 28 11 4 1 
34260|Child_Cross|58: 2168 792 313 133 78 29 14 4 1 
34278|Survivor|1: 3314 1092 411 148 72 27 10 4 1 
34341|Child_Cross|18: 2907 1018 386 163 94 31 11 4 1 
34355|Survivor|1: 2216 769 325 153 77 35 11 5 1 
34441|Child_Levy|28: 3031 849 305 140 79 32 13 4 1 
34444|Child_Avg|27: 2445 737 361 150 69 28 11 4 1 
34539|Child_Levy|48: 1935 704 382 151 73 35 12 5 1 
34575|Survivor|1|Mutated: 2161 758 337 139 61 28 12 5 1 
34749|Child_Levy|8: 2236 718 336 149 69 28 11 4 1 
34784|Child_Levy|48: 3116 864 350 239 91 30 13 5 1 
34817|Child_Avg|23: 2255 849 340 178 87 28 11 4 1 
34822|Child_Cross|21: 4300 1238 388 151 87 27 13 5 1 
34877|Survivor|1|Mutated: 7845 2160 739 292 116 68 25 11 6 1 
34893|Survivor|1: 1993 844 320 161 83 31 14 5 1 
34917|Child_Avg|39: 2146 1143 361 202 85 35 13 5 1 
34944|Child_Cross|13: 2939 972 371 177 85 27 14 4 1 
34966|Child_Cross|29: 2882 1037 418 194 93 32 13 5 1 
34989|Survivor|1|Mutated: 2882 843 360 194 93 32 13 5 1 
35010|Child_Levy|4: 2205 835 339 145 76 35 11 4 1 
35058|Child_Levy|48|Mutated: 2290 863 317 161 89 35 12 5 1 
35157|Child_Avg|47: 2358 749 312 131 72 32 11 4 1 
35235|Child_Cross|33: 2424 991 351 146 67 24 11 4 1 
35265|Survivor|1: 1961 729 376 141 67 35 11 4 1 
35300|Child_Cross|17: 2421 872 378 161 70 31 11 4 1 
35318|Survivor|1: 2046 644 286 123 74 28 12 5 1 
35370|Child_Levy|20: 7118 1840 669 227 90 38 17 5 1 
35445|Child_Levy|56: 2186 837 319 144 77 30 11 5 1 
35589|Child_Cross|50: 2148 737 326 133 69 29 14 4 1 
35598|Survivor|1|Mutated: 2364 737 326 133 69 29 14 4 1 
35625|Survivor|1: 8766 2450 949 281 156 71 23 10 4 1 
35704|Child_Levy|48|Mutated: 2807 784 353 190 69 28 12 5 1 
35727|Child_Levy|24: 2364 807 452 163 93 38 13 5 1 
35738|Child_Levy|24: 2077 761 355 141 88 30 11 5 1 
35774|Survivor|1|Mutated: 2819 931 351 199 63 32 13 5 1 
35851|Child_Avg|39|Mutated: 1759 692 301 126 58 28 11 4 1 
36017|Survivor|1: 2998 859 437 132 89 31 14 5 1 
36096|Child_Avg|27|Mutated: 2324 859 349 165 79 32 11 4 1 
36150|Survivor|1: 2251 793 372 200 96 37 12 5 1 
36172|Survivor|1: 2120 758 338 121 66 29 14 4 1 
36199|Child_Cross|38: 2455 913 373 162 95 32 13 4 1 
36253|Child_Cross|58: 2455 913 373 162 88 32 13 4 1 
36274|Child_Avg|35: 2332 961 377 161 74 25 14 4 1 
36278|Child_Cross|58|Mutated: 2057 961 377 161 86 28 12 5 1 
36363|Survivor|1: 3815 1078 456 191 88 36 11 4 1 
36414|Child_Avg|11: 2797 1025 453 163 78 31 10 4 1 
36426|Survivor|1: 2090 811 308 136 84 35 11 5 1 
36467|Child_Cross|62: 2823 962 350 157 75 28 11 4 1 
36480|Child_Cross|1: 3685 1026 468 163 77 32 12 5 1 
36550|Survivor|1: 2668 870 283 156 83 30 11 5 1 
36581|Survivor|1|Mutated: 3642 1065 556 298 132 67 30 11 5 1 
36625|Child_Cross|61: 5904 1563 854 382 143 76 36 13 4 1 
36723|Child_Avg|31|Mutated: 6130 1540 628 249 108 56 24 11 4 1 
36741|Survivor|1|Mutated: 6130 1540 628 249 108 56 24 11 5 1 
36743|Child_Cross|41: 6492 1540 628 249 108 56 24 11 5 1 
36754|Child_Cross|62: 2424 798 310 127 59 27 10 4 1 
36851|Survivor|1: 4295 1081 396 164 72 27 13 5 1 
36857|Child_Avg|43: 3095 831 323 136 72 27 13 5 1 
36968|Child_Levy|40: 2780 795 324 171 82 33 12 5 1 
37010|Child_Levy|56: 2049 831 319 149 71 24 11 4 1 
37080|Survivor|1: 2676 869 366 145 82 28 11 4 1 
37081|Survivor|1|Mutated: 3207 869 366 145 82 28 11 4 1 
37087|Child_Avg|7: 2344 729 355 141 77 28 11 4 1 
37112|Child_Cross|18: 2824 862 349 158 77 32 11 4 1 
37113|Survivor|1|Mutated: 2824 862 351 158 77 32 11 4 1 
37180|Survivor|1: 1910 833 344 176 83 30 14 5 1 
37246|Child_Cross|46: 2075 865 387 137 73 30 11 5 1 
37286|Child_Avg|3: 2656 890 368 159 72 27 10 4 1 
37421|Child_Levy|28: 2755 917 372 156 70 29 11 5 1 
37430|Child_Avg|23: 2373 1198 372 176 81 32 13 4 1 
37481|Survivor|1: 1913 809 285 137 72 28 13 4 1 
37602|Survivor|1: 3279 1164 595 192 78 31 14 4 1 
37608|Child_Levy|44: 2278 871 418 148 73 27 13 4 1 
37625|Child_Cross|2: 2392 886 411 150 71 35 11 4 1 
37713|Survivor|1: 3031 906 422 158 77 28 11 4 1 
37737|Child_Cross|49: 8091 1897 644 296 118 73 27 10 4 1 
37788|Child_Cross|1: 2716 1068 414 219 85 45 14 5 1 
37794|Child_Avg|27: 2816 978 389 190 84 37 13 4 1 
38025|Survivor|1: 2604 839 365 141 78 23 12 5 1 
38030|Child_Avg|31: 2368 776 341 130 82 28 11 4 1 
38144|Survivor|1: 2349 812 395 163 96 33 14 4 1 
38151|Child_Cross|30: 2349 812 395 163 74 29 11 5 1 
38339|Survivor|1: 2537 1005 350 185 87 30 13 6 1 
38366|Child_Cross|38: 3979 1206 488 195 91 37 14 4 1 
38461|Survivor|1: 2137 895 323 134 72 30 11 5 1 
38468|Survivor|1|Mutated: 2137 895 323 140 72 30 11 5 1 
38502|Child_Cross|33: 2822 939 418 175 84 30 13 6 1 
38509|Child_Levy|20: 2822 911 398 161 80 30 11 5 1 
38518|Child_Levy|56: 2669 802 313 156 75 29 13 6 1 
38525|Child_Levy|36: 2239 720 311 153 76 28 11 4 1 
38577|Survivor|1: 2757 726 280 141 66 23 12 5 1 
38597|Child_Cross|30: 2223 761 331 152 67 32 13 5 1 
38704|Survivor|1|Mutated: 1783 647 299 133 72 32 13 5 1 
38713|Survivor|1: 2617 699 330 174 73 30 11 5 1 
38754|Survivor|1: 2594 896 354 223 95 40 14 5 1 
38790|Child_Levy|4: 2835 775 403 213 88 33 12 5 1 
38855|Survivor|1: 9088 2527 1002 429 138 70 30 9 4 1 
38868|Child_Levy|32: 2315 792 292 135 78 30 11 5 1 
38870|Child_Cross|33: 6890 1874 761 335 123 71 29 11 5 1 
38962|Child_Cross|22: 2866 1110 338 182 83 37 13 5 1 
38967|Child_Avg|7: 3158 997 397 148 79 33 14 6 1 
38968|Child_Cross|42: 2866 1110 338 182 97 34 16 5 1 
38973|Survivor|1|Mutated: 3091 1108 338 182 97 34 16 5 1 
39038|Survivor|1: 2344 845 346 171 76 31 11 4 1 
39069|Survivor|1|Mutated: 2344 918 346 171 76 31 11 4 1 
39121|Survivor|1: 2198 804 317 111 69 30 11 5 1 
39212|Survivor|1: 2408 729 316 139 68 31 13 4 1 
39550|Child_Levy|20: 2722 805 294 148 93 35 13 5 1 
39564|Survivor|1|Mutated: 2609 805 294 148 93 35 13 5 1 
39654|Survivor|1: 2229 777 326 133 71 33 13 4 1 
39733|Child_Avg|35|Mutated: 2197 903 307 138 79 32 13 4 1 
39736|Survivor|1: 2409 903 307 138 79 32 13 4 1 
39786|Survivor|1: 3878 826 351 143 90 35 12 5 1 
39794|Child_Levy|28: 3100 1353 509 250 88 35 12 5 1 
39828|Child_Avg|7: 2711 1199 447 207 88 35 12 5 1 
39848|Survivor|1: 3120 1052 424 189 101 32 11 4 1 
39949|Survivor|1|Mutated: 2047 709 342 154 91 27 13 5 1 
40094|Child_Avg|59: 2856 945 347 162 77 28 13 4 1 
40230|Child_Cross|17: 2857 857 358 163 63 28 11 4 1 
40260|Survivor|1: 1812 693 306 135 79 29 11 5 1 
40352|Survivor|1: 2447 793 351 140 61 27 11 4 1 
40428|Survivor|1: 3521 993 353 153 79 36 13 4 1 
40433|Survivor|1: 2737 872 363 151 83 36 13 4 1 
40537|Survivor|1|Mutated: 7056 2120 706 277 149 63 27 10 4 1 
40550|Child_Cross|5: 6640 1835 678 322 145 63 27 10 4 1 
40673|Survivor|1: 2353 923 450 191 72 40 13 5 1 
40709|Survivor|1: 2030 792 313 138 72 32 11 4 1 
40717|Child_Avg|3: 3195 899 393 176 80 30 11 5 1 
40754|Survivor|1: 2915 1030 467 232 87 41 13 4 1 
40777|Survivor|1: 1974 830 310 164 67 35 11 4 1 
40798|Survivor|1: 7906 1854 617 302 119 83 31 11 4 1 
40826|Survivor|1: 7470 1990 848 350 153 61 29 9 5 1 
40836|Child_Cross|50: 6407 1531 710 304 165 72 27 10 4 1 
40840|Survivor|1|Mutated: 7003 1531 710 304 165 72 27 10 4 1 
40843|Child_Cross|62: 6705 1531 710 304 165 72 27 10 4 1 
40888|Child_Cross|18: 3773 1076 331 143 86 27 13 5 1 
40984|Survivor|1: 2635 769 400 185 76 28 11 4 1 
41022|Child_Cross|29: 3461 863 324 190 86 35 12 5 1 
41070|Survivor|1|Mutated: 2307 739 313 153 59 27 13 5 1 
41157|Child_Levy|48: 2681 818 310 135 74 31 14 5 1 
41182|Child_Cross|46: 3064 933 378 144 84 35 13 5 1 
41203|Child_Levy|32: 2238 765 330 150 73 27 13 5 1 
41252|Child_Levy|12: 2987 1144 465 177 79 31 11 4 1 
41282|Survivor|1|Mutated: 3626 1112 342 143 69 35 11 5 1 
41370|Child_Levy|60: 2118 744 337 155 77 30 11 5 1 
41553|Survivor|1|Mutated: 2867 850 361 178 90 27 13 5 1 
41586|Child_Levy|56: 2852 1300 448 162 93 32 13 5 1 
41631|Child_Avg|39: 1886 716 318 157 67 32 11 4 1 
41662|Child_Cross|14: 2942 845 397 179 93 37 13 4 1 
41848|Survivor|1: 2612 1041 391 185 85 33 10 4 1 
42103|Survivor|1: 2349 908 292 133 67 29 11 5 1 
42163|Child_Levy|48: 2044 717 319 147 74 32 13 4 1 
42178|Child_Cross|17: 2257 769 367 153 77 29 14 4 1 
42275|Child_Cross|18: 3048 1062 479 173 96 36 13 4 1 
42281|Child_Avg|19: 4070 1155 396 162 74 28 13 4 1 
42310|Survivor|1: 1934 999 365 156 89 35 13 5 1 
42316|Child_Avg|15: 2335 757 353 182 87 32 13 4 1 
42336|Child_Avg|35: 2821 775 333 161 62 28 13 4 1 
42382|Survivor|1: 4092 907 427 162 79 32 11 4 1 
42400|Survivor|1|Mutated: 3680 1205 461 177 73 32 13 4 1 
42425|Child_Levy|28: 2929 1071 330 154 85 35 13 5 1 
42560|Survivor|1: 2908 947 563 180 76 34 11 5 1 
42576|Child_Cross|34: 6322 2475 935 420 157 76 34 11 5 1 
42609|Child_Cross|45: 2127 773 346 161 79 32 11 4 1 
42618|Survivor|1: 2920 1021 401 190 94 33 12 5 1 
42672|Survivor|1: 3300 1074 404 165 89 35 11 5 1 
42678|Child_Cross|45: 2942 867 355 154 89 35 11 5 1 
42709|Child_Avg|23: 2691 734 294 153 82 28 12 5 1 
42793|Child_Cross|38: 3296 1054 462 191 91 32 13 4 1 
42858|Survivor|1: 2593 942 365 154 83 37 11 5 1 
42877|Survivor|1: 2593 942 365 154 84 33 10 4 1 
42952|Survivor|1: 3828 1014 440 181 107 32 13 4 1 
42956|Child_Avg|15: 2293 861 333 158 77 31 11 5 1 
42959|Child_Levy|40: 2288 753 323 131 81 32 13 5 1 
42967|Survivor|1: 2288 865 323 131 81 32 13 5 1 
42980|Child_Cross|37: 7793 3085 1190 387 138 76 29 13 6 1 
43139|Child_Cross|50|Mutated: 2656 1231 421 184 83 36 13 4 1 
43188|Child_Cross|61: 5633 1768 624 304 135 71 28 11 4 1 
43193|Child_Cross|33: 2992 1049 426 154 89 40 13 5 1 
43219|Child_Avg|7: 4099 1143 412 191 100 36 13 4 1 
43262|Survivor|1: 2940 895 339 129 63 31 11 4 1 
43277|Child_Avg|51: 2855 857 323 146 79 29 11 5 1 
43365|Survivor|1: 4220 1107 467 148 78 32 11 4 1 
43423|Survivor|1: 2906 1119 422 197 94 34 11 5 1 
43440|Child_Cross|46: 2850 876 349 133 66 30 13 5 1 
43451|Survivor|1: 2094 787 278 137 71 28 11 4 1 
43465|Survivor|1|Mutated: 4526 1529 580 258 103 66 28 12 5 1 
43497|Child_Cross|22: 2681 871 359 157 73 24 11 5 1 
43586|Child_Cross|21: 3918 1479 559 306 113 64 28 11 4 1 
43642|Child_Levy|36: 2173 686 307 143 74 28 12 5 1 
43656|Survivor|1: 1843 627 272 125 71 28 12 5 1 
43690|Survivor|1: 2428 722 354 132 69 29 14 4 1 
43715|Child_Avg|27: 2462 739 344 139 69 30 11 5 1 
43836|Child_Levy|44: 3581 1147 497 251 112 65 24 11 5 1 
43860|Survivor|1|Mutated: 2653 861 408 188 74 31 13 4 1 
43868|Survivor|1: 2927 952 477 197 78 29 15 4 1 
43902|Child_Avg|7: 2250 755 346 135 79 32 13 4 1 
43944|Child_Cross|21: 4028 1280 519 228 96 37 14 4 1 
43984|Survivor|1|Mutated: 4028 1280 569 228 96 37 14 4 1 
43986|Child_Levy|8: 2963 898 466 177 91 37 13 5 1 
44125|Survivor|1: 1953 764 311 126 64 24 11 5 1 
44131|Child_Avg|63: 2801 862 319 122 64 24 11 5 1 
44155|Child_Avg|35: 2886 950 360 184 79 31 11 4 1 
44298|Survivor|1: 6596 1504 671 316 137 97 30 11 5 1 
44537|Child_Levy|44: 6526 1821 706 272 132 71 32 11 4 1 
44540|Child_Cross|17: 6526 1821 706 272 132 71 29 11 4 1 
44589|Child_Avg|63: 2761 1067 369 159 78 31 14 4 1 
44590|Child_Avg|51: 3974 1229 460 190 81 31 13 4 1 
44603|Survivor|1|Mutated: 3974 1391 460 194 81 31 14 5 1 
44626|Child_Avg|31: 2158 808 332 141 63 27 14 4 1 
44647|Child_Cross|50: 4056 1224 473 172 71 37 12 5 1 
44651|Child_Cross|58: 2836 876 383 170 92 30 11 5 1 
44845|Survivor|1: 2764 796 352 131 81 32 11 4 1 
44874|Survivor|1: 1999 763 353 139 78 35 11 4 1 
44888|Survivor|1: 2260 669 335 149 80 30 11 5 1 
44922|Survivor|1|Mutated: 3070 1073 372 158 87 39 14 4 1 
45026|Survivor|1: 6456 1438 449 235 97 40 14 5 1 
45277|Survivor|1: 2894 1274 500 180 99 37 13 4 1 
45331|Survivor|1: 1865 760 314 123 65 30 11 5 1 
45338|Child_Levy|48: 2203 861 307 135 71 29 10 4 1 
45368|Child_Levy|8: 2404 956 373 148 64 29 11 5 1 
45404|Child_Avg|23: 2018 815 307 130 64 28 11 4 1 
45426|Survivor|1: 3122 1185 340 143 77 28 12 5 1 
45442|Child_Levy|44: 2291 807 280 128 69 28 11 4 1 
45571|Child_Avg|63: 3246 1065 427 174 90 35 12 5 1 
45610|Child_Cross|21: 2042 717 287 134 58 33 12 5 1 
45630|Survivor|1: 2411 744 357 122 77 26 14 5 1 
45640|Child_Cross|34: 2493 1004 361 176 78 33 14 6 1 
45642|Child_Cross|2: 2768 848 343 166 78 33 14 6 1 
45644|Child_Levy|44: 3981 1045 387 175 76 36 11 5 1 
45663|Child_Avg|31: 2376 689 272 137 76 35 12 5 1 
45664|Child_Avg|43: 3178 867 329 156 76 35 11 5 1 
45764|Child_Avg|23: 2887 921 351 138 85 33 12 5 1 
45847|Child_Cross|26: 3017 1021 421 182 90 37 12 5 1 
45950|Child_Levy|16|Mutated: 2659 1076 376 173 89 31 14 5 1 
45976|Survivor|1: 6327 1920 616 279 121 81 32 11 4 1 
45994|Survivor|1|Mutated: 7284 2066 611 293 125 63 28 11 4 1 
46045|Survivor|1: 2476 826 315 142 65 28 11 4 1 
46106|Survivor|1: 7795 1774 726 332 173 57 23 14 4 1 
46111|Survivor|1|Mutated: 7740 1774 866 332 147 57 23 14 4 1 
46141|Survivor|1: 7740 1774 866 332 129 57 23 14 4 1 
46147|Child_Levy|12: 2752 1007 424 162 78 35 12 5 1 
46157|Child_Cross|9: 3273 1103 438 181 78 35 12 5 1 
46166|Child_Avg|51: 2188 770 309 134 78 35 12 5 1 
46265|Survivor|1: 2978 772 355 177 66 32 13 4 1 
46271|Child_Cross|6: 6533 2338 776 428 161 66 32 13 4 1 
46334|Child_Levy|36: 2906 870 320 147 78 28 12 5 1 
46382|Child_Levy|16: 2327 985 425 142 86 35 11 5 1 
46394|Survivor|1: 2327 985 363 142 86 35 11 5 1 
46455|Random|5: 2456 945 410 185 79 32 13 4 1 
46468|Survivor|1|Mutated: 2733 945 410 185 79 32 13 4 1 
46474|Child_Cross|13: 9082 2034 662 389 185 79 32 13 4 1 
46496|Child_Cross|61: 6961 1639 684 325 135 57 28 13 4 1 
46499|Survivor|1|Mutated: 6961 1418 684 325 135 57 28 13 4 1 
46501|Child_Cross|46: 7510 1481 682 317 134 64 31 14 6 1 
46543|Survivor|1: 2892 861 470 223 68 35 13 6 1 
46553|Child_Cross|25|Mutated: 7989 2031 843 323 188 68 35 13 6 1 
46573|Child_Avg|31: 2119 890 345 130 59 28 11 4 1 
46576|Child_Levy|32: 2304 919 390 159 69 28 12 5 1 
46589|Survivor|1|Mutated: 2304 899 349 159 69 28 12 5 1 
46608|Survivor|1: 7362 1601 700 295 130 67 27 11 4 1 
46716|Survivor|1: 2270 852 413 210 75 28 11 4 1 
46834|Child_Avg|19: 6845 1878 788 299 153 55 23 10 4 1 
46888|Survivor|1: 3682 1087 388 191 92 30 12 5 1 
46895|Child_Cross|62: 3601 1374 409 156 67 35 12 5 1 
47053|Child_Levy|20: 2107 735 349 146 74 27 13 5 1 
47123|Survivor|1: 2164 711 354 145 68 31 13 4 1 
47164|Survivor|1: 2988 1032 333 167 70 31 11 4 1 
47285|Survivor|1: 3126 935 336 151 75 28 13 4 1 
47339|Survivor|1|Mutated: 5480 1692 684 275 139 66 29 9 4 1 
47370|Child_Cross|45: 2611 862 357 178 70 29 11 5 1 
47494|Child_Avg|19: 3013 1087 405 185 98 32 13 4 1 
47528|Child_Avg|23|Mutated: 2282 639 261 141 68 25 11 5 1 
47617|Survivor|1: 2904 935 339 143 78 31 10 4 1 
47637|Survivor|1: 2404 980 449 145 84 30 11 5 1 
47675|Child_Levy|48: 2167 864 420 162 92 29 16 5 1 
47733|Child_Cross|41: 3755 1035 511 196 103 34 16 5 1 
47772|Survivor|1: 2559 740 308 159 73 33 12 5 1 
47799|Survivor|1: 8681 2071 804 240 130 63 28 11 4 1 
47801|Survivor|1|Mutated: 8681 2202 804 240 116 63 28 11 4 1 
47841|Child_Levy|20|Mutated: 2432 875 281 142 61 30 13 5 1 
47843|Survivor|1: 2866 842 322 153 68 27 11 4 1 
47938|Child_Avg|51: 2881 1058 364 159 93 32 13 5 1 
47939|Child_Avg|51: 2093 822 292 134 88 31 14 6 1 
47993|Survivor|1|Mutated: 2479 945 313 142 82 32 13 4 1 
47994|Child_Avg|39: 2934 1158 401 150 81 29 14 4 1 
48028|Survivor|1: 2407 734 305 158 83 27 13 5 1 
48039|Survivor|1|Mutated: 2223 734 305 158 83 27 13 5 1 
48101|Child_Cross|37: 8385 1932 700 313 127 82 33 12 5 1 
48104|Survivor|1|Mutated: 8385 1932 700 313 127 82 40 12 5 1 
48179|Child_Cross|1: 1877 779 325 155 78 33 14 4 1 
48213|Survivor|1: 2681 853 364 139 80 28 11 4 1 
48319|Survivor|1: 2430 948 368 147 63 36 13 4 1 
48357|Survivor|1: 3954 1378 535 235 106 54 19 10 4 1 
48388|Child_Avg|59: 2637 875 357 139 74 32 13 5 1 
48456|Child_Cross|54: 2659 834 317 134 72 32 13 5 1 
48519|Child_Avg|31: 2225 778 300 119 74 27 13 5 1 
48559|Survivor|1: 6682 2850 831 426 153 77 41 13 4 1 
48564|Child_Cross|26: 2445 932 368 140 85 31 14 5 1 
48574|Survivor|1|Mutated: 2445 932 368 145 85 31 14 5 1 
48575|Survivor|1|Mutated: 2110 932 368 145 85 31 14 5 1 
48588|Survivor|1|Mutated: 2145 932 368 145 85 31 14 5 1 
48590|Child_Avg|39: 2028 878 327 132 75 28 13 4 1 
48631|Child_Levy|32: 2082 881 324 173 76 29 14 4 1 
48660|Survivor|1: 3692 1177 412 165 87 28 12 5 1 
48663|Child_Levy|24: 2364 735 347 171 91 35 13 6 1 
48669|Survivor|1|Mutated: 2364 735 347 171 80 35 13 6 1 
48723|Child_Avg|43: 2339 907 384 162 72 29 10 4 1 
48764|Survivor|1: 2653 967 378 183 86 31 10 4 1 
48776|Child_Levy|48: 2778 948 459 232 78 35 11 5 1 
48791|Child_Cross|10: 3791 940 513 148 76 35 12 5 1 
48911|Survivor|1: 2499 1007 374 172 96 35 12 5 1 
48917|Child_Avg|39: 2239 858 358 137 77 32 11 4 1 
48979|Child_Avg|31: 2781 857 373 154 69 28 11 4 1 
49004|Child_Cross|18: 2756 861 466 189 90 35 12 5 1 
49009|Survivor|1|Mutated: 2756 781 466 189 90 35 12 5 1 
49022|Survivor|1|Mutated: 2756 781 466 201 90 35 12 5 1 
49050|Survivor|1|Mutated: 2756 827 519 201 90 35 12 5 1 
49053|Survivor|1|Mutated: 2756 827 519 201 90 35 13 5 1 
49082|Child_Avg|11|Mutated: 2525 699 295 143 74 31 14 5 1 
49097|Survivor|1: 2525 836 295 143 74 31 14 5 1 
49206|Child_Levy|20: 3111 906 372 158 82 29 11 5 1 
49228|Survivor|1: 1919 661 287 133 70 30 11 5 1 
49280|Child_Levy|44: 2640 989 364 183 90 35 12 5 1 
49297|Child_Avg|7: 2285 869 336 154 87 35 11 5 1 
49416|Survivor|1|Mutated: 9289 1952 602 307 169 76 27 14 4 1 
49524|Survivor|1|Mutated: 2082 846 351 149 81 30 12 5 1 
49538|Survivor|1: 2084 900 405 166 87 35 12 5 1 
49573|Survivor|1: 2809 1147 487 246 86 38 13 5 1 
49602|Survivor|1: 2293 793 349 152 67 32 11 4 1 
49716|Survivor|1: 2159 812 318 146 93 35 11 5 1 
49744|Child_Levy|60: 2440 770 383 183 78 32 13 5 1 
49789|Child_Cross|30: 3214 957 358 149 81 31 11 4 1 
49832|Child_Avg|35: 6091 1910 714 339 156 65 31 11 4 1 
49980|Survivor|1: 2306 821 325 150 69 31 10 4 1 
50024|Child_Cross|22: 3112 1086 550 175 92 32 11 4 1 
50107|Survivor|1: 2909 832 320 146 77 32 11 4 1 
