22|Child|2: 208 67 24 11 4 1 
69|Random|68: 346 73 24 9 4 1 
72|Child|2: 221 71 24 9 4 1 
78|Child|2: 489 184 55 24 9 4 1 
100|Child|15: 342 71 19 10 4 1 
112|Child|13: 341 72 27 14 4 1 
113|Child|1: 341 72 27 10 4 1 
119|Child|11: 212 51 19 10 4 1 
122|Child|2: 186 70 19 10 4 1 
148|Child|2: 144 61 19 10 4 1 
206|Child|16: 348 80 23 10 4 1 
207|Child|3: 375 85 27 14 4 1 
211|Child|38: 226 57 23 10 4 1 
282|Child|33: 352 89 27 10 4 1 
316|Child|37: 227 71 23 10 4 1 
319|Child|6: 164 48 23 10 4 1 
332|Child|2: 376 87 32 13 4 1 
361|Child|1: 328 77 24 11 4 1 
384|Child|3: 377 111 29 14 4 1 
429|Child|44: 286 75 24 11 4 1 
466|Child|10: 206 50 19 10 4 1 
470|Random|59: 216 62 24 9 4 1 
476|Child|12: 332 79 27 10 4 1 
478|Child|3: 207 63 19 10 4 1 
480|Child|10: 164 67 21 10 4 1 
526|Random|83: 402 85 32 13 4 1 
547|Child|2: 212 54 19 10 4 1 
559|Child|2: 208 61 19 10 4 1 
585|Child|2: 304 71 28 11 4 1 
621|Child|25: 323 75 29 9 4 1 
626|Child|2: 433 252 55 24 9 4 1 
638|Child|13: 369 75 24 11 4 1 
642|Child|6: 207 58 19 8 3 1 
674|Child|20: 332 75 31 14 4 1 
690|Child|2: 301 68 21 10 4 1 
698|Child|31: 194 51 19 7 3 1 
725|Child|15: 326 73 25 14 4 1 
771|Child|2: 136 48 23 10 4 1 
773|Child|2: 215 58 23 10 4 1 
798|Child|9: 198 47 23 10 4 1 
809|Random|87: 370 90 27 10 4 1 
812|Child|2: 154 60 19 10 4 1 
866|Child|2: 193 60 19 10 4 1 
877|Child|10: 347 86 24 11 4 1 
886|Child|46: 204 58 23 10 4 1 
898|Child|1: 199 68 23 10 4 1 
977|Child|1: 230 67 23 13 4 1 
991|Random|89: 372 80 27 10 4 1 
1008|Child|40: 230 67 23 10 4 1 
1019|Child|28: 313 75 24 11 4 1 
1027|Random|84: 392 83 33 14 4 1 
1033|Child|2: 436 134 44 19 10 4 1 
1052|Random|89: 366 83 27 10 4 1 
1079|Child|4: 196 53 19 10 4 1 
1086|Random|97: 220 56 21 10 4 1 
1098|Child|1: 323 67 23 10 4 1 
1110|Child|3: 471 154 51 19 10 4 1 
1134|Child|24: 203 65 25 14 4 1 
1153|Random|99: 313 74 24 9 4 1 
1164|Random|76: 381 83 24 9 4 1 
1184|Child|33: 225 67 23 10 4 1 
1215|Child|7: 335 75 28 13 4 1 
1229|Child|12: 397 86 27 14 4 1 
1242|Random|55: 388 85 32 13 4 1 
1245|Child|17: 397 86 27 10 4 1 
1348|Child|1: 145 43 24 9 4 1 
1386|Child|13: 194 51 19 10 4 1 
1400|Child|1: 440 91 24 11 4 1 
1510|Child|19: 177 53 17 10 4 1 
1519|Child|48: 332 72 27 10 4 1 
1535|Child|19: 329 73 27 10 4 1 
1555|Child|11: 353 81 25 9 4 1 
1569|Child|9: 348 83 27 10 4 1 
1580|Child|12: 497 208 74 23 10 4 1 
1587|Child|4: 326 70 19 10 4 1 
1601|Child|2: 216 60 19 10 4 1 
1615|Child|2: 174 62 19 10 4 1 
1671|Random|87: 360 83 27 10 4 1 
1730|Child|1: 285 62 24 9 4 1 
1736|Random|98: 213 59 17 10 4 1 
1766|Child|21: 340 74 31 14 4 1 
1786|Child|2: 404 173 49 21 10 4 1 
1792|Child|2: 392 80 23 13 4 1 
1802|Child|4: 148 65 24 9 4 1 
1812|Child|28: 373 81 23 10 4 1 
1825|Child|1: 203 75 23 14 4 1 
1885|Child|46: 343 76 24 9 4 1 
1887|Child|19: 299 77 23 10 4 1 
1893|Random|54: 368 93 28 11 4 1 
1894|Child|3: 207 58 23 10 4 1 
1900|Child|3: 198 49 21 10 4 1 
1915|Child|14: 364 81 23 13 4 1 
1925|Random|83: 217 62 27 10 4 1 
1933|Random|74: 356 75 27 14 4 1 
1955|Child|2: 497 201 56 25 9 4 1 
1959|Child|1: 497 201 56 24 9 4 1 
1960|Child|2: 334 80 24 9 4 1 
1966|Child|1: 497 201 56 24 11 4 1 
2075|Random|89: 207 59 24 9 4 1 
2078|Child|1: 433 165 49 24 9 4 1 
2094|Child|1: 216 51 19 10 4 1 
2098|Child|2: 142 60 17 10 4 1 
2123|Child|11: 118 53 19 10 4 1 
2124|Child|2: 206 51 19 10 4 1 
2131|Child|3: 429 132 42 19 8 3 1 
2170|Random|57: 344 87 33 10 4 1 
2239|Child|39: 353 79 25 14 4 1 
2240|Child|2: 381 84 25 14 4 1 
2254|Child|1: 454 129 45 19 10 4 1 
2284|Child|2: 463 134 46 20 9 4 1 
2303|Child|2: 352 77 23 14 4 1 
2326|Child|3: 180 49 21 10 4 1 
2369|Child|2: 290 80 23 10 4 1 
2370|Child|2: 489 380 77 23 10 4 1 
2373|Child|2: 453 284 61 23 10 4 1 
2382|Child|1: 156 57 20 9 4 1 
2415|Child|30: 198 58 21 10 4 1 
2422|Child|1: 345 70 23 10 4 1 
2526|Child|37: 182 70 19 10 4 1 
2597|Child|1: 353 81 23 14 4 1 
2598|Child|1: 353 81 23 10 4 1 
2602|Child|4: 405 88 25 14 4 1 
2624|Random|54: 201 55 20 9 4 1 
2636|Random|98: 313 79 28 13 4 1 
2641|Child|37: 153 54 23 10 4 1 
2667|Random|59: 338 77 24 9 4 1 
2686|Child|3: 361 90 27 14 4 1 
2734|Child|35: 344 79 24 9 4 1 
2745|Child|31: 451 91 27 14 4 1 
2754|Child|2: 216 62 19 10 4 1 
2798|Child|33: 222 60 19 10 4 1 
2811|Child|14: 457 143 61 24 9 4 1 
2901|Child|2: 362 85 25 14 4 1 
2950|Child|13: 141 57 23 10 4 1 
2951|Child|2: 153 52 19 10 4 1 
2955|Child|9: 224 63 19 10 4 1 
2966|Random|57: 144 54 20 9 4 1 
2982|Child|18: 203 62 19 10 4 1 
3040|Child|5: 477 348 70 31 11 4 1 
3051|Child|22: 158 52 19 10 4 1 
3054|Child|2: 379 107 43 19 10 4 1 
3057|Child|2: 150 45 19 10 4 1 
3125|Random|88: 468 269 66 21 10 4 1 
3130|Child|10: 355 76 31 10 4 1 
3133|Child|2: 393 251 59 21 10 4 1 
3149|Child|15: 361 87 27 14 4 1 
3203|Child|8: 325 73 24 9 4 1 
3210|Child|3: 147 63 19 10 4 1 
3215|Child|2: 139 54 19 10 4 1 
3270|Child|28: 428 310 68 24 9 4 1 
3274|Child|1: 375 81 23 10 4 1 
3308|Child|3: 323 66 21 10 4 1 
3314|Child|3: 367 79 24 9 4 1 
3377|Child|18: 354 77 27 14 4 1 
3446|Child|2: 196 61 19 10 4 1 
3457|Child|3: 212 64 24 9 4 1 
3482|Child|4: 359 83 23 13 4 1 
3484|Child|39: 364 83 24 9 4 1 
3535|Child|2: 214 67 23 10 4 1 
3674|Child|1: 388 80 27 10 4 1 
3695|Child|4: 201 52 24 9 4 1 
3723|Random|53: 343 70 24 9 4 1 
3726|Child|1: 409 84 29 9 4 1 
3732|Child|2: 383 91 29 10 4 1 
3789|Child|9: 415 110 31 10 4 1 
3811|Child|1: 145 56 21 10 4 1 
3812|Child|1: 145 56 21 10 3 1 
3818|Child|8: 382 98 21 10 4 1 
3879|Child|44: 363 79 27 10 4 1 
3939|Child|2: 353 91 29 14 4 1 
3974|Child|16: 388 81 23 14 4 1 
3975|Child|1: 388 81 23 10 4 1 
4020|Child|1: 185 55 21 10 4 1 
4035|Child|1: 314 66 23 14 4 1 
4038|Child|1: 350 77 29 9 4 1 
4044|Child|6: 350 77 29 14 4 1 
4063|Child|2: 147 56 17 10 4 1 
4098|Random|83: 146 55 21 10 4 1 
4104|Child|38: 220 66 21 10 4 1 
4115|Child|1: 207 77 28 11 4 1 
4139|Child|2: 211 61 19 10 4 1 
4149|Random|75: 236 58 23 10 4 1 
4150|Random|62: 369 84 29 10 4 1 
4175|Random|98: 376 82 29 14 4 1 
4182|Child|1: 207 62 19 10 4 1 
4238|Random|95: 459 210 65 27 10 4 1 
4286|Child|4: 215 52 19 10 4 1 
4324|Child|28: 204 70 24 9 4 1 
4434|Random|88: 481 385 80 28 11 4 1 
4441|Child|6: 409 143 39 21 10 4 1 
4456|Child|2: 185 67 21 10 4 1 
4459|Child|1: 351 71 23 10 4 1 
4505|Child|1: 360 84 23 13 4 1 
4521|Child|27: 327 72 23 14 4 1 
4563|Child|41: 297 69 29 14 4 1 
4566|Child|7: 369 83 27 10 4 1 
4592|Child|24: 351 76 24 9 4 1 
4618|Child|13: 435 175 45 23 10 4 1 
4708|Random|57: 387 78 21 10 4 1 
4749|Child|1: 296 87 23 10 4 1 
4783|Child|29: 328 73 19 10 4 1 
4790|Child|2: 198 80 23 14 4 1 
4821|Child|5: 183 51 19 10 4 1 
4839|Child|4: 496 207 61 29 10 4 1 
4843|Child|2: 496 207 61 23 10 4 1 
4852|Child|2: 347 78 23 10 4 1 
4865|Child|37: 392 93 27 10 4 1 
4869|Child|2: 185 60 21 10 4 1 
4897|Child|7: 200 55 19 13 4 1 
4920|Child|1: 200 55 19 10 4 1 
4925|Child|4: 459 137 41 19 10 4 1 
4927|Random|54: 309 85 25 14 4 1 
4934|Child|2: 415 172 49 21 10 4 1 
4939|Child|2: 334 70 19 10 4 1 
4962|Random|85: 348 77 29 14 4 1 
5067|Child|3: 173 52 19 10 4 1 
5126|Child|29: 345 74 23 10 4 1 
5146|Child|19: 308 80 27 10 4 1 
5151|Child|41: 189 57 20 9 4 1 
5178|Random|52: 436 136 49 17 10 4 1 
5214|Child|2: 220 73 23 13 4 1 
5272|Child|5: 319 67 21 10 4 1 
5284|Child|2: 141 43 17 10 4 1 
5355|Random|56: 316 82 28 11 4 1 
5365|Random|99: 498 405 89 27 10 4 1 
5368|Random|98: 320 67 24 9 4 1 
5421|Child|1: 356 84 23 10 4 1 
5424|Child|1: 356 84 23 14 4 1 
5445|Child|20: 339 73 23 10 4 1 
5447|Child|1: 148 43 17 10 4 1 
5468|Random|64: 218 84 29 9 4 1 
5482|Child|26: 195 60 19 10 4 1 
5515|Random|53: 299 68 24 9 4 1 
5516|Child|2: 466 289 61 24 9 4 1 
5532|Child|2: 335 79 24 9 4 1 
5540|Child|1: 143 42 19 10 4 1 
5572|Child|12: 186 77 24 9 4 1 
5642|Child|1: 432 142 49 21 10 4 1 
5650|Child|1: 182 67 21 10 4 1 
5681|Child|1: 165 72 19 10 4 1 
5744|Child|18: 331 72 23 14 4 1 
5772|Child|3: 148 54 23 10 4 1 
5779|Child|3: 215 61 23 10 4 1 
5789|Random|86: 315 76 25 14 4 1 
5853|Child|22: 196 70 29 9 4 1 
5895|Child|18: 394 86 23 14 4 1 
5899|Child|1: 350 84 23 10 4 1 
5903|Child|5: 350 84 23 13 4 1 
5914|Child|37: 376 87 25 14 4 1 
5959|Child|2: 200 60 19 10 4 1 
5968|Child|5: 365 93 29 10 4 1 
5985|Child|35: 401 85 27 14 4 1 
5989|Child|29: 291 80 23 10 4 1 
5991|Child|16: 185 57 21 10 4 1 
6003|Child|1: 289 70 29 9 4 1 
6053|Child|1: 339 90 27 10 4 1 
6057|Random|95: 339 86 35 11 4 1 
6074|Child|2: 316 70 23 10 4 1 
6075|Child|2: 194 71 23 10 4 1 
6094|Child|24: 316 70 23 13 4 1 
6098|Child|2: 383 80 23 10 4 1 
6104|Child|2: 383 80 23 13 4 1 
6137|Child|1: 383 80 23 14 4 1 
6145|Child|2: 334 74 29 10 4 1 
6164|Child|15: 212 60 21 10 4 1 
6186|Child|1: 192 45 21 10 4 1 
6222|Child|10: 196 66 20 9 4 1 
6229|Child|1: 291 61 23 10 4 1 
6253|Child|1: 198 72 23 14 4 1 
6297|Random|82: 331 67 21 10 4 1 
6309|Child|41: 366 77 23 10 4 1 
6311|Child|4: 437 173 60 19 10 4 1 
6339|Random|84: 206 74 24 9 4 1 
6340|Child|2: 448 164 49 24 9 4 1 
6361|Child|8: 207 76 25 14 4 1 
6439|Child|7: 195 68 24 9 4 1 
6444|Random|98: 452 93 27 10 4 1 
6475|Child|21: 311 66 23 14 4 1 
6476|Random|77: 316 78 29 14 4 1 
6490|Child|1: 450 127 45 21 10 4 1 
6533|Child|11: 191 68 20 9 4 1 
6543|Random|81: 325 69 29 14 4 1 
6572|Child|7: 310 70 23 10 4 1 
6573|Child|2: 465 167 67 23 10 4 1 
6600|Child|2: 223 85 24 9 4 1 
6602|Child|11: 385 81 29 10 4 1 
6603|Child|2: 192 54 19 10 4 1 
6621|Child|1: 488 192 50 19 10 4 1 
6675|Child|2: 142 44 19 10 4 1 
6677|Random|73: 388 80 21 10 4 1 
6683|Child|2: 372 81 21 10 4 1 
6757|Child|28: 315 78 24 11 4 1 
6783|Random|78: 190 68 21 10 4 1 
6808|Child|2: 210 57 23 10 4 1 
6809|Child|2: 317 71 23 10 4 1 
6827|Child|3: 317 71 23 13 4 1 
6841|Child|29: 372 103 27 10 4 1 
6849|Child|2: 136 53 17 10 4 1 
6882|Child|2: 452 127 43 19 10 4 1 
6913|Child|9: 366 89 27 10 4 1 
6956|Child|3: 176 58 23 10 4 1 
6978|Child|2: 337 69 28 11 4 1 
7009|Child|2: 328 71 24 11 4 1 
7026|Child|4: 372 89 31 14 4 1 
7080|Random|66: 214 66 21 10 4 1 
7084|Random|77: 384 84 23 14 4 1 
7086|Random|57: 384 86 31 10 4 1 
7094|Child|25: 429 94 31 14 4 1 
7138|Child|1: 148 53 17 10 4 1 
7151|Random|77: 382 92 29 10 4 1 
7152|Random|51: 432 92 28 13 4 1 
7211|Child|4: 487 145 61 24 9 4 1 
7216|Child|21: 177 74 23 10 4 1 
7220|Child|6: 211 59 24 9 4 1 
7223|Child|2: 373 83 27 10 4 1 
7271|Child|29: 421 91 24 11 4 1 
7304|Child|2: 327 77 21 10 4 1 
7305|Child|16: 380 79 29 9 4 1 
7338|Random|60: 184 51 19 10 4 1 
7403|Child|1: 307 80 23 14 4 1 
7414|Child|19: 307 80 23 10 4 1 
7431|Child|2: 483 155 49 17 10 4 1 
7436|Random|95: 154 55 21 10 4 1 
7443|Child|2: 383 88 21 10 4 1 
7466|Child|1: 198 54 19 10 4 1 
7486|Child|2: 228 70 23 10 4 1 
7487|Child|2: 175 67 23 10 4 1 
7502|Random|64: 431 318 77 24 11 4 1 
7530|Child|18: 206 54 24 11 4 1 
7532|Child|2: 213 59 21 10 4 1 
7569|Child|12: 195 67 23 14 4 1 
7576|Random|81: 377 94 28 13 4 1 
7589|Child|3: 359 76 24 9 4 1 
7592|Child|1: 205 55 24 9 4 1 
7602|Child|14: 374 79 24 9 4 1 
7643|Child|30: 187 67 23 10 4 1 
7721|Child|6: 184 73 24 9 4 1 
7737|Random|82: 364 80 25 14 4 1 
7740|Child|1: 311 80 23 10 4 1 
7787|Random|94: 205 56 21 10 4 1 
7788|Child|2: 211 53 17 10 4 1 
7821|Random|57: 388 87 28 13 4 1 
7848|Child|10: 398 81 25 9 4 1 
7857|Random|72: 152 48 21 10 4 1 
7884|Child|2: 147 41 19 10 4 1 
7893|Child|20: 383 89 23 14 4 1 
7919|Child|22: 381 90 27 14 4 1 
7925|Child|39: 198 63 20 9 4 1 
7926|Child|11: 174 70 23 10 4 1 
7927|Child|2: 483 223 67 23 10 4 1 
7970|Child|49: 375 87 25 14 4 1 
7973|Child|10: 328 72 19 10 4 1 
7990|Child|29: 498 373 81 23 10 4 1 
8008|Child|4: 217 70 23 10 4 1 
8020|Child|5: 343 81 28 13 4 1 
8028|Child|2: 217 78 23 10 4 1 
8047|Random|76: 285 64 24 9 4 1 
8060|Random|88: 417 97 28 11 4 1 
8069|Child|10: 447 99 28 11 4 1 
8086|Child|2: 360 77 23 14 4 1 
8087|Child|1: 360 77 23 10 4 1 
8096|Random|70: 339 70 29 9 4 1 
8154|Child|33: 206 55 20 9 4 1 
8155|Child|7: 177 51 19 10 4 1 
8176|Child|49: 354 91 25 14 4 1 
8193|Child|10: 365 83 27 10 4 1 
8211|Child|4: 311 84 23 10 4 1 
8214|Child|12: 361 81 28 13 4 1 
8234|Child|5: 334 76 33 9 4 1 
8237|Child|2: 465 169 52 24 9 4 1 
8241|Child|1: 310 67 24 9 4 1 
8280|Random|58: 356 95 31 14 4 1 
8281|Child|12: 323 65 25 14 4 1 
8282|Child|13: 362 91 33 9 4 1 
8288|Child|10: 323 65 25 9 4 1 
8341|Child|2: 476 153 64 29 9 4 1 
8371|Child|2: 341 70 23 14 4 1 
8398|Child|1: 325 69 24 11 4 1 
8440|Child|1: 151 61 23 10 4 1 
8448|Child|1: 149 47 23 10 4 1 
8455|Child|11: 209 52 24 9 4 1 
8488|Random|90: 344 73 27 10 4 1 
8500|Child|10: 344 73 27 14 4 1 
8539|Child|12: 210 61 23 10 4 1 
8547|Child|30: 185 53 17 10 4 1 
8551|Child|2: 218 61 19 10 4 1 
8554|Child|2: 202 62 19 10 4 1 
8566|Child|2: 440 120 52 19 10 4 1 
8583|Child|4: 187 80 23 10 4 1 
8604|Child|11: 371 84 25 14 4 1 
8631|Child|2: 212 58 23 10 4 1 
8670|Child|5: 369 81 25 9 4 1 
8673|Child|14: 149 62 19 10 4 1 
8682|Child|3: 198 67 23 10 4 1 
8784|Child|1: 199 45 21 10 4 1 
8800|Child|1: 227 51 19 10 4 1 
8830|Child|5: 326 91 32 13 4 1 
8866|Child|1: 377 79 24 9 4 1 
8935|Child|1: 477 251 58 23 10 4 1 
8936|Child|2: 296 94 23 10 4 1 
8954|Child|15: 351 83 24 9 4 1 
9018|Child|1: 314 67 24 9 4 1 
9044|Child|2: 229 62 24 9 4 1 
9069|Child|35: 194 57 21 10 4 1 
9075|Child|3: 405 92 28 13 4 1 
9106|Child|2: 330 67 21 10 4 1 
9118|Child|14: 307 72 27 10 4 1 
9170|Child|1: 328 71 28 11 4 1 
9193|Child|4: 286 65 24 9 4 1 
9231|Random|61: 324 65 24 9 4 1 
9280|Child|24: 329 77 24 11 4 1 
9290|Child|10: 373 91 29 10 4 1 
9305|Child|15: 201 77 21 10 4 1 
9316|Child|9: 193 70 19 10 4 1 
9344|Child|5: 424 92 29 14 4 1 
9366|Child|25: 359 77 23 10 4 1 
9444|Child|1: 456 133 53 19 10 4 1 
9477|Child|7: 169 67 24 9 4 1 
9491|Child|1: 172 66 17 10 4 1 
9496|Child|1: 384 81 23 10 4 1 
9513|Child|1: 417 125 51 19 10 4 1 
9545|Child|2: 452 131 52 19 10 4 1 
9549|Child|4: 219 63 19 10 4 1 
9560|Child|21: 278 64 23 10 4 1 
9580|Child|32: 433 97 29 14 4 1 
9651|Child|2: 371 87 31 11 4 1 
9654|Child|2: 199 60 17 10 4 1 
9656|Child|7: 314 76 25 9 4 1 
9658|Child|8: 152 58 24 9 4 1 
9660|Child|2: 157 67 24 9 4 1 
9661|Child|3: 456 165 49 17 10 4 1 
9663|Child|1: 159 50 17 10 4 1 
9665|Child|5: 358 102 28 13 4 1 
9668|Child|5: 153 46 20 9 4 1 
9677|Random|96: 372 78 31 9 4 1 
9702|Child|20: 184 55 24 9 4 1 
9707|Child|4: 197 61 21 10 4 1 
9731|Child|2: 146 53 19 10 4 1 
9771|Child|38: 148 57 21 10 4 1 
9834|Random|77: 346 82 27 10 4 1 
9846|Child|5: 147 54 19 10 4 1 
9861|Child|5: 367 88 29 9 4 1 
9933|Child|24: 396 89 24 9 4 1 
9967|Child|1: 151 67 24 9 4 1 
9983|Random|85: 366 96 27 10 4 1 
9988|Random|88: 363 89 27 10 4 1 
10012|Child|3: 194 55 23 10 4 1 
10037|Child|1: 157 66 21 10 4 1 
10040|Child|2: 465 139 47 21 10 4 1 
10179|Child|7: 144 46 17 10 4 1 
10182|Random|60: 299 70 33 9 4 1 
10226|Random|94: 378 78 31 14 4 1 
10230|Child|25: 339 72 23 14 4 1 
10232|Random|73: 392 81 23 10 4 1 
10234|Random|56: 340 69 28 11 4 1 
10238|Child|2: 458 170 64 23 10 4 1 
10241|Child|4: 138 51 19 10 4 1 
10271|Child|7: 317 81 23 10 4 1 
10301|Random|64: 219 47 23 10 4 1 
10381|Child|3: 211 50 19 10 4 1 
10429|Child|1: 161 68 23 10 4 1 
10445|Child|5: 213 62 24 9 4 1 
10451|Child|1: 153 60 19 10 4 1 
10469|Child|5: 349 80 27 10 4 1 
10471|Child|4: 204 67 24 9 4 1 
10475|Random|85: 176 65 20 9 4 1 
10480|Child|4: 230 77 21 10 4 1 
10514|Child|1: 194 70 21 10 4 1 
10561|Child|2: 422 124 55 21 10 4 1 
10666|Child|24: 324 76 28 11 4 1 
10688|Random|83: 336 75 23 14 4 1 
10707|Random|51: 396 119 29 14 4 1 
10726|Child|5: 342 72 23 14 4 1 
10738|Child|11: 384 77 24 11 4 1 
10746|Child|41: 404 197 56 21 10 4 1 
10763|Child|10: 223 62 19 10 4 1 
10768|Child|16: 359 102 28 13 4 1 
10802|Child|12: 305 74 23 10 4 1 
10851|Child|1: 363 79 24 9 4 1 
10869|Child|1: 354 87 25 14 4 1 
10915|Child|17: 189 65 24 9 4 1 
10918|Child|2: 361 81 23 10 4 1 
10927|Child|4: 200 59 21 10 4 1 
10945|Child|4: 216 57 20 9 4 1 
10949|Child|2: 201 54 19 10 4 1 
10976|Random|99: 197 65 24 9 4 1 
10984|Child|1: 323 77 23 10 4 1 
11014|Child|2: 211 62 19 10 4 1 
11068|Child|27: 199 46 20 9 4 1 
11072|Child|2: 208 48 23 10 4 1 
11080|Child|2: 297 84 23 10 4 1 
11097|Child|26: 351 77 24 9 4 1 
11107|Random|58: 261 77 21 10 4 1 
11125|Child|31: 370 81 23 13 4 1 
11130|Child|2: 371 81 23 14 4 1 
11135|Child|2: 370 81 23 14 4 1 
11136|Child|16: 190 56 24 9 4 1 
11169|Child|16: 384 81 29 9 4 1 
11190|Random|81: 364 84 29 10 4 1 
11192|Child|2: 223 60 19 10 4 1 
11198|Child|2: 334 85 27 14 4 1 
11208|Child|2: 219 51 19 10 4 1 
11228|Child|14: 317 83 27 10 4 1 
11285|Child|28: 364 78 23 10 4 1 
11360|Child|1: 491 200 61 20 9 4 1 
11380|Child|2: 468 205 56 24 9 4 1 
11395|Child|23: 373 75 23 14 4 1 
11417|Child|13: 386 90 25 14 4 1 
11433|Child|4: 198 60 19 10 4 1 
11436|Child|5: 410 107 29 14 4 1 
11438|Child|17: 200 70 23 10 4 1 
11487|Random|92: 375 82 33 9 4 1 
11514|Random|55: 322 66 25 14 4 1 
11518|Child|15: 193 48 23 10 4 1 
11519|Child|2: 349 77 23 10 4 1 
11539|Child|23: 163 49 21 10 4 1 
11551|Child|7: 336 76 25 9 4 1 
11569|Child|2: 207 71 23 10 4 1 
11586|Random|65: 149 67 24 11 4 1 
11606|Child|7: 185 58 24 9 4 1 
11623|Child|2: 140 62 19 10 4 1 
11669|Child|14: 328 71 23 13 4 1 
11674|Child|1: 350 77 23 14 4 1 
11741|Child|34: 344 99 28 9 4 1 
11750|Child|1: 312 75 28 11 4 1 
11778|Random|81: 175 60 19 10 4 1 
11806|Child|3: 383 77 27 14 4 1 
11807|Child|2: 315 75 23 14 4 1 
11829|Child|15: 137 59 17 10 4 1 
11832|Child|17: 384 79 27 10 4 1 
11850|Child|43: 210 61 24 9 4 1 
11860|Child|4: 494 185 48 23 10 4 1 
11869|Child|36: 138 51 19 7 3 1 
11883|Child|1: 208 64 23 10 4 1 
11896|Child|8: 197 60 19 10 4 1 
11938|Child|2: 227 61 19 10 4 1 
11949|Child|2: 203 50 19 10 4 1 
11964|Child|3: 207 59 25 14 4 1 
11996|Child|14: 185 62 32 13 4 1 
12023|Child|2: 337 69 32 13 4 1 
12024|Child|31: 222 79 20 9 4 1 
12029|Child|14: 348 75 32 13 4 1 
12033|Child|2: 156 63 19 10 4 1 
12042|Child|26: 347 72 28 13 4 1 
12117|Child|24: 356 82 32 13 4 1 
12164|Child|37: 277 67 24 11 4 1 
12179|Child|22: 141 62 19 10 4 1 
12215|Random|89: 285 77 29 9 4 1 
12246|Child|2: 205 61 19 10 4 1 
12260|Child|1: 361 84 23 13 4 1 
12278|Child|1: 328 68 29 9 4 1 
12283|Child|3: 373 77 27 13 4 1 
12376|Random|56: 367 82 29 10 4 1 
12393|Child|14: 373 103 27 14 4 1 
12430|Child|13: 309 72 23 14 4 1 
12432|Child|13: 303 87 25 14 4 1 
12492|Child|1: 219 61 19 10 4 1 
12504|Child|1: 201 62 19 10 4 1 
12510|Random|85: 316 73 25 14 4 1 
12521|Child|29: 453 137 50 19 10 4 1 
12544|Child|3: 368 81 31 11 4 1 
12550|Child|1: 368 81 31 14 4 1 
12590|Child|1: 209 54 19 10 4 1 
12731|Random|92: 382 79 26 10 3 1 
12787|Child|28: 319 64 24 9 4 1 
12793|Child|1: 360 77 28 11 4 1 
12894|Child|24: 474 152 56 25 9 4 1 
12948|Child|1: 340 80 24 9 4 1 
12950|Child|1: 478 134 45 21 10 4 1 
12977|Child|3: 440 171 54 23 10 4 1 
12978|Child|2: 177 56 21 10 4 1 
12983|Child|2: 359 80 23 14 4 1 
12984|Child|1: 359 80 23 10 4 1 
12995|Child|38: 359 80 23 13 4 1 
13035|Child|5: 217 63 19 10 4 1 
13240|Child|2: 221 51 19 10 4 1 
13273|Child|8: 211 55 24 9 4 1 
13277|Child|28: 361 88 25 14 4 1 
13282|Child|2: 440 105 44 19 10 4 1 
13322|Child|2: 144 51 23 10 4 1 
13375|Child|40: 199 55 23 10 4 1 
13474|Child|22: 183 70 19 10 4 1 
13495|Child|1: 128 53 19 10 4 1 
13537|Child|2: 327 67 21 10 4 1 
13599|Child|2: 222 61 19 10 4 1 
13625|Child|6: 203 61 23 10 4 1 
13674|Child|1: 338 70 21 10 4 1 
13698|Child|10: 129 51 19 10 4 1 
13712|Child|2: 193 59 21 10 4 1 
13720|Child|3: 184 55 23 10 4 1 
13724|Child|15: 348 81 23 13 4 1 
13738|Child|2: 211 60 19 14 4 1 
13760|Child|4: 329 69 19 10 4 1 
13866|Child|2: 472 176 48 23 10 4 1 
13933|Child|1: 370 81 32 13 4 1 
13956|Child|15: 325 99 31 10 4 1 
13983|Child|2: 311 75 23 14 4 1 
14044|Child|1: 371 89 28 13 4 1 
14047|Child|32: 137 51 19 10 4 1 
14065|Child|9: 186 52 20 9 4 1 
14113|Child|2: 354 75 23 14 4 1 
14119|Child|1: 143 60 19 10 4 1 
14123|Child|3: 425 92 31 14 4 1 
14169|Child|2: 194 67 23 10 4 1 
14186|Child|2: 203 59 24 9 4 1 
14189|Child|7: 185 54 19 10 4 1 
14228|Child|8: 303 70 21 10 4 1 
14255|Child|1: 129 61 19 10 4 1 
14283|Child|21: 217 60 25 9 4 1 
14299|Child|2: 183 52 19 10 4 1 
14300|Child|2: 151 51 19 10 4 1 
14334|Child|18: 328 90 23 10 4 1 
14353|Random|70: 319 74 28 13 4 1 
14386|Child|1: 195 59 21 10 4 1 
14434|Random|96: 190 59 21 10 4 1 
14457|Random|60: 399 81 31 14 4 1 
14470|Child|7: 144 54 19 10 4 1 
14477|Child|26: 372 80 24 11 4 1 
14496|Child|21: 203 48 23 10 4 1 
14497|Child|5: 136 51 19 10 4 1 
14561|Child|2: 380 83 27 10 4 1 
14562|Child|2: 299 60 19 10 4 1 
14609|Child|2: 214 60 23 10 4 1 
14617|Child|21: 327 70 29 9 4 1 
14730|Child|20: 296 73 24 9 4 1 
14738|Child|15: 265 71 28 11 4 1 
14757|Child|1: 345 71 24 9 4 1 
14763|Child|2: 213 49 24 9 4 1 
14829|Child|13: 283 70 29 9 4 1 
14836|Child|2: 322 67 23 10 4 1 
14853|Child|1: 161 69 19 10 4 1 
14889|Child|11: 464 181 45 21 10 4 1 
14928|Child|6: 163 61 19 10 4 1 
14940|Child|1: 171 51 19 10 4 1 
14947|Child|1: 143 61 19 10 4 1 
14965|Child|36: 444 96 28 13 4 1 
14975|Child|7: 193 52 24 9 4 1 
14988|Child|1: 156 58 21 10 4 1 
15039|Child|1: 477 179 54 19 10 4 1 
15075|Child|1: 205 57 21 10 4 1 
15091|Child|9: 227 71 24 9 4 1 
15107|Child|18: 354 80 24 11 4 1 
15133|Child|17: 388 86 24 11 4 1 
15163|Child|1: 329 66 23 14 4 1 
15189|Random|87: 355 79 27 10 4 1 
15230|Child|17: 143 52 20 9 4 1 
15280|Child|13: 365 78 23 13 4 1 
15283|Random|72: 362 92 27 10 4 1 
15307|Random|86: 474 148 48 21 10 4 1 
15316|Random|80: 362 89 24 9 4 1 
15361|Child|19: 368 89 28 13 4 1 
15376|Child|4: 188 53 19 10 4 1 
15416|Child|28: 282 82 29 10 4 1 
15417|Child|2: 337 70 21 10 4 1 
15480|Child|1: 355 85 24 9 4 1 
15495|Child|1: 228 63 20 9 4 1 
15502|Random|59: 438 118 52 17 10 4 1 
15526|Child|9: 418 142 54 19 10 4 1 
15541|Child|6: 192 84 23 10 4 1 
15553|Child|2: 482 141 58 23 10 4 1 
15568|Child|24: 360 91 24 11 4 1 
15573|Child|2: 276 59 21 10 4 1 
15606|Child|4: 327 70 27 10 4 1 
15624|Child|23: 351 72 25 9 4 1 
15626|Child|4: 255 77 23 10 4 1 
15641|Child|28: 374 90 23 10 4 1 
15644|Child|2: 208 70 21 10 4 1 
15662|Child|7: 156 49 21 10 4 1 
15710|Child|26: 368 90 25 14 4 1 
15717|Child|4: 362 77 29 9 4 1 
15731|Child|1: 146 65 24 9 4 1 
15786|Child|6: 353 96 29 14 4 1 
15793|Child|1: 183 59 20 9 4 1 
15810|Child|23: 455 94 28 13 4 1 
15821|Child|46: 195 53 19 10 4 1 
15833|Child|2: 207 54 19 10 4 1 
15848|Random|65: 487 194 68 23 10 4 1 
15854|Child|2: 202 73 19 10 4 1 
15867|Child|13: 285 59 21 10 4 1 
15869|Child|2: 312 70 21 10 4 1 
15875|Child|1: 206 53 19 10 4 1 
15917|Random|65: 493 271 61 23 10 4 1 
15931|Child|4: 381 83 29 10 4 1 
15936|Child|16: 326 75 32 13 4 1 
15947|Child|1: 366 81 28 13 4 1 
16039|Child|2: 384 111 32 13 4 1 
16055|Random|80: 318 70 24 9 4 1 
16062|Child|10: 376 95 29 9 4 1 
16182|Random|85: 489 199 58 24 9 4 1 
16190|Child|2: 179 77 23 10 4 1 
16215|Child|1: 359 77 24 9 4 1 
16229|Random|55: 325 76 28 11 4 1 
16256|Child|30: 323 67 24 11 4 1 
16261|Child|19: 323 67 24 9 4 1 
16262|Child|2: 470 186 58 24 9 4 1 
16342|Child|1: 391 81 29 14 4 1 
16352|Child|1: 329 70 29 10 4 1 
16357|Child|3: 431 151 47 23 10 4 1 
16408|Child|26: 206 79 25 14 4 1 
16429|Child|14: 309 77 23 10 4 1 
16432|Child|2: 200 61 19 10 4 1 
16451|Child|40: 299 68 23 10 4 1 
16542|Child|13: 340 71 23 14 4 1 
16550|Child|10: 428 94 28 13 4 1 
16578|Child|10: 365 83 23 13 4 1 
16608|Child|38: 341 72 23 14 4 1 
16639|Child|4: 419 164 45 21 10 4 1 
16707|Child|2: 471 206 61 24 9 4 1 
16767|Child|22: 390 82 24 9 4 1 
16785|Child|2: 348 70 27 10 4 1 
16802|Child|1: 294 68 24 9 4 1 
16816|Child|4: 198 70 21 10 4 1 
16820|Child|1: 377 88 32 13 4 1 
16832|Child|35: 358 84 23 10 4 1 
16835|Child|2: 202 54 19 10 4 1 
16840|Child|7: 358 84 23 13 4 1 
16848|Child|5: 345 81 28 13 4 1 
16856|Child|9: 380 79 27 10 4 1 
16857|Child|17: 337 70 23 10 4 1 
16864|Child|18: 163 68 23 10 4 1 
16879|Child|3: 379 86 32 13 4 1 
16909|Child|5: 363 91 29 10 4 1 
16939|Child|6: 351 80 24 11 4 1 
16945|Child|2: 398 92 29 10 4 1 
16991|Child|2: 336 77 33 9 4 1 
17077|Child|50: 315 67 21 10 4 1 
17092|Child|3: 326 76 21 10 4 1 
17094|Child|1: 208 62 19 10 4 1 
17206|Child|3: 224 65 24 11 4 1 
17213|Child|15: 396 85 24 9 4 1 
17272|Child|23: 340 75 28 11 4 1 
17276|Random|91: 377 80 21 10 4 1 
17301|Child|1: 198 55 19 13 4 1 
17308|Child|10: 318 77 27 13 4 1 
17330|Child|2: 458 170 53 24 9 4 1 
17372|Child|20: 298 67 23 10 4 1 
17518|Child|15: 385 88 25 14 4 1 
17528|Child|14: 311 64 29 10 4 1 
17537|Child|15: 321 72 23 14 4 1 
17545|Child|2: 143 49 21 10 4 1 
17549|Child|16: 357 74 24 9 4 1 
17560|Child|4: 421 169 57 20 9 4 1 
17589|Child|24: 420 100 27 14 4 1 
17694|Random|58: 381 89 24 9 4 1 
17695|Child|2: 431 297 61 24 9 4 1 
17706|Child|27: 329 69 24 11 4 1 
17710|Random|64: 401 81 23 14 4 1 
17714|Random|80: 388 82 27 10 4 1 
17734|Child|3: 224 57 23 10 4 1 
17748|Child|4: 201 61 24 9 4 1 
17767|Child|25: 305 71 27 14 4 1 
17797|Random|76: 367 76 25 14 4 1 
17823|Child|13: 346 72 19 10 4 1 
17916|Child|11: 361 92 24 9 4 1 
