6|Child_Avg|19: 4880 1868 754 295 140 72 27 10 4 1 
25|Child_Cross|25: 3337 1365 580 264 110 72 27 10 4 1 
146|Survivor|1: 3563 1110 472 205 79 28 13 4 1 
158|Child_Cross|41: 2628 823 375 162 69 28 11 4 1 
186|Survivor|1: 5093 1628 672 387 132 55 27 8 3 1 
657|Survivor|1: 3888 1281 477 254 117 69 27 10 4 1 
683|Child_Avg|51: 3701 1444 645 297 136 50 21 10 4 1 
753|Survivor|1: 2865 1043 442 188 109 57 23 10 4 1 
754|Child_Cross|25: 3808 1267 545 249 98 57 23 10 4 1 
803|Child_Cross|5: 2432 938 378 163 75 29 9 4 1 
868|Survivor|1: 3272 1070 459 169 74 28 12 5 1 
1035|Child_Levy|60: 3314 1301 505 233 106 57 24 7 3 1 
1037|Child_Cross|30: 3925 1472 511 261 127 57 23 8 3 1 
1406|Survivor|1: 2859 1042 457 178 91 52 20 9 4 1 
1556|Child_Avg|39: 5677 1886 721 354 143 73 29 10 4 1 
1899|Survivor|1: 2271 1009 368 142 67 24 9 4 1 
2005|Child_Avg|11: 2737 1080 480 229 117 58 24 9 4 1 
2383|Child_Cross|65: 4084 1645 616 318 145 66 27 10 4 1 
2427|Survivor|1|Mutated: 2969 1128 502 193 75 27 10 4 1 
2705|Survivor|1: 4365 1563 598 239 132 45 27 10 4 1 
2798|Survivor|1: 4702 1335 520 179 85 32 13 4 1 
2924|Child_Levy|8: 3914 1669 584 255 108 75 29 9 4 1 
3202|Survivor|1: 3933 1884 592 224 102 59 24 9 4 1 
3378|Child_Cross|41: 5079 1519 674 293 118 73 24 11 4 1 
3653|Survivor|1: 2979 1048 437 188 73 35 11 4 1 
3656|Child_Cross|53: 3262 1128 411 195 76 25 14 4 1 
3866|Survivor|1: 3392 1378 551 211 94 56 24 9 4 1 
3876|Child_Avg|55: 3668 1144 549 250 104 57 23 8 3 1 
3985|Child_Levy|28: 2775 1175 488 239 141 59 21 10 4 1 
3991|Survivor|1: 3316 1202 443 200 106 60 21 10 4 1 
4048|Survivor|1: 2938 947 399 183 76 27 10 4 1 
4063|Survivor|1|Mutated: 2938 934 418 183 76 27 10 4 1 
4508|Child_Levy|4: 3368 1363 563 221 133 65 24 9 4 1 
4755|Child_Cross|61: 2345 880 371 156 70 24 9 4 1 
4814|Child_Avg|59: 4830 1357 457 262 111 50 24 9 4 1 
5186|Child_Cross|21: 9441 2218 803 355 158 81 28 12 5 1 
5354|Child_Levy|68: 4779 1411 635 283 103 71 23 10 4 1 
5421|Child_Avg|39: 3502 1291 531 220 103 53 22 8 3 1 
5548|Child_Cross|62: 4968 1350 673 238 132 61 24 9 4 1 
5686|Survivor|1: 2331 1046 420 176 81 29 10 4 1 
5692|Child_Cross|66: 2572 986 406 172 81 28 11 4 1 
5706|Survivor|1: 2801 1027 412 178 80 27 10 4 1 
5762|Child_Cross|38: 2610 896 427 164 79 27 10 4 1 
