135|Survivor|10|Mutated: 1737 701 301 132 57 23 10 4 1 
198|Child|33: 1953 701 301 132 57 23 10 4 1 
231|Child|16|Mutated: 1953 722 301 132 57 23 10 4 1 
274|Child|41: 1940 701 301 132 57 23 10 4 1 
330|Survivor|5|Mutated: 1846 701 301 132 57 23 10 4 1 
347|Child|43|Mutated: 2271 701 301 132 57 23 10 4 1 
423|Survivor|2|Mutated: 2036 701 301 132 57 23 10 4 1 
627|Child|10: 1863 701 301 132 57 23 10 4 1 
767|Survivor|4|Mutated: 1940 729 301 132 57 23 10 4 1 
822|Child|1|Mutated: 2208 701 301 132 57 23 10 4 1 
829|Survivor|8|Mutated: 2053 701 301 132 57 23 10 4 1 
981|Child|4|Mutated: 2071 701 301 132 57 23 10 4 1 
1094|Survivor|3|Mutated: 2047 701 301 132 57 23 10 4 1 
1226|Child|29|Mutated: 1974 701 301 132 57 23 10 4 1 
1283|Survivor|2|Mutated: 1915 701 301 132 57 23 10 4 1 
1406|Survivor|4|Mutated: 1939 701 301 132 57 23 10 4 1 
1443|Child|29: 2252 701 301 132 57 23 10 4 1 
1487|Survivor|1|Mutated: 2073 701 301 132 57 23 10 4 1 
1500|Survivor|3|Mutated: 2256 701 301 132 57 23 10 4 1 
1636|Survivor|9|Mutated: 1940 686 301 132 57 23 10 4 1 
1654|Child|25|Mutated: 2263 701 301 132 57 23 10 4 1 
1717|Child|8|Mutated: 2320 701 301 132 57 23 10 4 1 
1732|Child|39|Mutated: 2188 701 301 132 57 23 10 4 1 
1776|Child|21|Mutated: 1918 701 301 132 57 23 10 4 1 
1782|Child|35|Mutated: 1940 721 301 132 57 23 10 4 1 
1807|Child|6|Mutated: 1935 701 301 132 57 23 10 4 1 
1886|Child|6|Mutated: 1933 701 301 132 57 23 10 4 1 
1986|Child|45|Mutated: 1924 701 301 132 57 23 10 4 1 
2062|Child|48|Mutated: 2051 701 301 132 57 23 10 4 1 
2182|Child|20|Mutated: 2064 701 301 132 57 23 10 4 1 
2271|Child|36|Mutated: 2080 701 301 132 57 23 10 4 1 
2303|Survivor|9|Mutated: 1837 761 301 132 57 23 10 4 1 
2343|Child|7|Mutated: 2275 701 301 132 57 23 10 4 1 
2351|Child|15|Mutated: 1940 746 301 132 57 23 10 4 1 
2369|Survivor|2|Mutated: 2028 740 301 132 57 23 10 4 1 
2379|Child|41|Mutated: 1981 701 301 132 57 23 10 4 1 
2385|Child|18: 2070 664 301 132 57 23 10 4 1 
2460|Child|31|Mutated: 1828 701 301 132 57 23 10 4 1 
2465|Child|38|Mutated: 1889 701 301 132 57 23 10 4 1 
2532|Child|49|Mutated: 2042 701 301 132 57 23 10 4 1 
2745|Child|34|Mutated: 2170 701 301 132 57 23 10 4 1 
2749|Child|21|Mutated: 1964 701 301 132 57 23 10 4 1 
2900|Child|23|Mutated: 1958 701 301 132 57 23 10 4 1 
2997|Child|3|Mutated: 2288 701 301 132 57 23 10 4 1 
3014|Child|38|Mutated: 1845 701 301 132 57 23 10 4 1 
3019|Child|28|Mutated: 1954 701 301 132 57 23 10 4 1 
3171|Child|14|Mutated: 1954 721 301 132 57 23 10 4 1 
3191|Child|5|Mutated: 2086 701 301 132 57 23 10 4 1 
3216|Child|24|Mutated: 2113 701 301 132 57 23 10 4 1 
3266|Child|2|Mutated: 1977 701 301 132 57 23 10 4 1 
3270|Child|49|Mutated: 2109 701 301 132 57 23 10 4 1 
3290|Child|3|Mutated: 2089 701 301 132 57 23 10 4 1 
3315|Child|41|Mutated: 2056 701 301 132 57 23 10 4 1 
3379|Child|27|Mutated: 2242 701 301 132 57 23 10 4 1 
3412|Child|46|Mutated: 2265 701 301 132 57 23 10 4 1 
3448|Child|18|Mutated: 1954 710 301 132 57 23 10 4 1 
3513|Child|24|Mutated: 1907 701 301 132 57 23 10 4 1 
3531|Child|48|Mutated: 2172 701 301 132 57 23 10 4 1 
3539|Survivor|4|Mutated: 1998 701 301 132 57 23 10 4 1 
3596|Survivor|2|Mutated: 2339 701 301 132 57 23 10 4 1 
3598|Child|23|Mutated: 2203 701 301 132 57 23 10 4 1 
3629|Child|28|Mutated: 1937 701 301 132 57 23 10 4 1 
3669|Survivor|9|Mutated: 2245 706 301 132 57 23 10 4 1 
3786|Child|23|Mutated: 2010 701 301 132 57 23 10 4 1 
3801|Survivor|9|Mutated: 1826 701 301 132 57 23 10 4 1 
3900|Child|9|Mutated: 1937 701 306 132 57 23 10 4 1 
3970|Child|14|Mutated: 1937 684 301 132 57 23 10 4 1 
4006|Child|42|Mutated: 1944 701 301 132 57 23 10 4 1 
4111|Child|41|Mutated: 1948 747 301 132 57 23 10 4 1 
4148|Child|49|Mutated: 1937 719 301 132 57 23 10 4 1 
4162|Child|44|Mutated: 1881 701 301 132 57 23 10 4 1 
4170|Child|33|Mutated: 2254 701 301 132 57 23 10 4 1 
4177|Survivor|10|Mutated: 2003 701 301 132 57 23 10 4 1 
4194|Child|30|Mutated: 1959 701 301 132 57 23 10 4 1 
4255|Child|34|Mutated: 1994 701 301 132 57 23 10 4 1 
4277|Child|4|Mutated: 1961 701 301 132 57 23 10 4 1 
4335|Child|32|Mutated: 2091 701 301 132 57 23 10 4 1 
4393|Child|45|Mutated: 2221 701 301 132 57 23 10 4 1 
4483|Survivor|2: 1965 701 301 132 57 23 10 4 1 
4548|Survivor|3|Mutated: 2319 701 301 132 57 23 10 4 1 
4643|Child|3|Mutated: 1937 801 301 132 57 23 10 4 1 
4658|Survivor|2|Mutated: 2014 701 301 132 57 23 10 4 1 
4818|Child|22|Mutated: 2034 701 301 132 57 23 10 4 1 
4914|Child|2|Mutated: 2057 701 301 132 57 23 10 4 1 
5079|Child|34|Mutated: 2050 701 301 132 57 23 10 4 1 
5200|Child|47|Mutated: 1937 795 301 132 57 23 10 4 1 
5201|Child|13|Mutated: 1952 701 301 132 57 23 10 4 1 
5237|Child|29|Mutated: 1937 741 301 132 57 23 10 4 1 
5253|Child|9|Mutated: 2025 701 301 132 57 23 10 4 1 
5339|Survivor|1|Mutated: 2232 701 301 132 57 23 10 4 1 
5365|Child|17|Mutated: 2049 701 301 132 57 23 10 4 1 
5442|Child|24|Mutated: 2011 701 301 132 57 23 10 4 1 
5467|Child|20|Mutated: 1904 701 301 132 57 23 10 4 1 
5676|Survivor|2|Mutated: 1993 701 301 132 57 23 10 4 1 
5776|Child|12|Mutated: 1937 692 301 132 57 23 10 4 1 
5860|Child|45|Mutated: 1937 632 301 132 57 23 10 4 1 
5883|Child|22|Mutated: 1937 779 301 132 57 23 10 4 1 
5927|Child|46|Mutated: 1883 701 301 132 57 23 10 4 1 
6072|Child|38|Mutated: 1937 726 301 132 57 23 10 4 1 
6197|Child|14|Mutated: 2317 701 301 132 57 23 10 4 1 
6254|Child|26|Mutated: 2035 701 301 132 57 23 10 4 1 
6402|Child|33|Mutated: 1937 672 301 132 57 23 10 4 1 
6439|Child|34|Mutated: 2324 701 301 132 57 23 10 4 1 
6468|Child|34|Mutated: 1885 701 301 132 57 23 10 4 1 
6507|Child|38|Mutated: 1956 701 301 132 57 23 10 4 1 
6739|Child|50|Mutated: 2261 701 301 132 57 23 10 4 1 
6765|Survivor|8|Mutated: 1937 689 301 132 57 23 10 4 1 
6791|Child|10|Mutated: 2030 785 301 132 57 23 10 4 1 
6838|Child|22|Mutated: 1922 701 301 132 57 23 10 4 1 
6852|Child|50|Mutated: 1960 701 301 132 57 23 10 4 1 
7058|Survivor|7|Mutated: 2257 701 301 132 57 23 10 4 1 
7104|Child|36|Mutated: 1920 701 301 132 57 23 10 4 1 
7228|Child|13|Mutated: 1805 701 301 132 57 23 10 4 1 
7294|Child|16|Mutated: 2253 701 301 132 57 23 10 4 1 
7486|Child|46|Mutated: 1937 703 301 132 57 23 10 4 1 
7529|Child|22|Mutated: 2022 701 301 132 57 23 10 4 1 
7542|Child|11|Mutated: 1937 729 301 132 57 23 10 4 1 
7610|Child|12|Mutated: 1888 701 301 132 57 23 10 4 1 
7678|Child|9|Mutated: 1976 701 301 132 57 23 10 4 1 
7742|Child|30|Mutated: 1957 701 301 132 57 23 10 4 1 
7771|Child|5|Mutated: 1982 701 301 132 57 23 10 4 1 
7905|Child|31|Mutated: 1937 747 301 132 57 23 10 4 1 
7929|Child|24|Mutated: 2283 701 301 132 57 23 10 4 1 
7992|Child|4: 2032 701 301 132 57 23 10 4 1 
8022|Child|9|Mutated: 1962 701 301 132 57 23 10 4 1 
8029|Child|42|Mutated: 2295 701 301 132 57 23 10 4 1 
8197|Child|11|Mutated: 1999 701 301 132 57 23 10 4 1 
8406|Child|9|Mutated: 1937 785 301 132 57 23 10 4 1 
8413|Survivor|1|Mutated: 1937 704 301 132 57 23 10 4 1 
8463|Child|26|Mutated: 2072 701 301 132 57 23 10 4 1 
8618|Child|12|Mutated: 1928 701 301 132 57 23 10 4 1 
8655|Child|30: 1941 701 301 132 57 23 10 4 1 
8657|Child|46|Mutated: 2063 701 301 132 57 23 10 4 1 
8664|Child|22|Mutated: 2224 701 301 132 57 23 10 4 1 
8734|Survivor|4|Mutated: 1937 778 301 132 57 23 10 4 1 
8753|Child|24|Mutated: 2289 701 301 132 57 23 10 4 1 
8816|Child|38|Mutated: 1936 701 301 132 57 23 10 4 1 
8880|Child|15: 2249 701 301 132 57 23 10 4 1 
9039|Child|34|Mutated: 1937 720 301 132 57 23 10 4 1 
9129|Child|17|Mutated: 2038 701 301 132 57 23 10 4 1 
9181|Survivor|4|Mutated: 1937 786 301 132 57 23 10 4 1 
9200|Child|6|Mutated: 1937 673 301 132 57 23 10 4 1 
9216|Child|17|Mutated: 2185 701 301 132 57 23 10 4 1 
9370|Survivor|1: 1937 767 301 132 57 23 10 4 1 
9458|Child|11|Mutated: 1788 701 301 132 57 23 10 4 1 
9483|Child|11|Mutated: 2059 758 301 132 57 23 10 4 1 
9605|Child|45|Mutated: 1978 701 301 132 57 23 10 4 1 
9680|Child|50|Mutated: 2019 701 301 132 57 23 10 4 1 
9712|Child|47|Mutated: 1937 688 301 132 57 23 10 4 1 
9804|Child|48|Mutated: 1937 738 301 132 57 23 10 4 1 
9814|Child|35|Mutated: 2016 701 301 132 57 23 10 4 1 
10055|Child|38|Mutated: 2279 701 301 132 57 23 10 4 1 
10210|Survivor|8|Mutated: 2017 701 301 132 57 23 10 4 1 
10329|Child|29|Mutated: 2236 701 301 132 57 23 10 4 1 
10375|Child|8|Mutated: 2043 701 301 132 57 23 10 4 1 
10410|Child|45|Mutated: 1862 701 301 132 57 23 10 4 1 
10439|Child|49|Mutated: 2229 701 301 132 57 23 10 4 1 
10460|Survivor|1: 1921 701 301 132 57 23 10 4 1 
10533|Child|32|Mutated: 2213 701 301 132 57 23 10 4 1 
10618|Child|38|Mutated: 1923 701 301 132 57 23 10 4 1 
11026|Child|16: 2298 701 301 132 57 23 10 4 1 
11097|Child|41|Mutated: 1955 701 301 132 57 23 10 4 1 
11135|Child|14|Mutated: 1869 801 301 132 57 23 10 4 1 
11214|Survivor|4|Mutated: 1869 701 301 132 57 23 10 4 1 
11282|Survivor|1|Mutated: 1937 766 301 132 57 23 10 4 1 
11290|Child|47|Mutated: 2304 701 301 132 57 23 10 4 1 
11383|Child|40|Mutated: 2039 701 301 132 57 23 10 4 1 
11501|Child|37|Mutated: 2119 804 301 132 57 23 10 4 1 
11567|Survivor|9|Mutated: 1937 752 295 132 57 23 10 4 1 
11588|Child|37|Mutated: 1937 666 301 132 57 23 10 4 1 
11865|Survivor|7|Mutated: 1832 701 301 132 57 23 10 4 1 
11991|Child|20|Mutated: 2237 701 301 132 57 23 10 4 1 
12178|Child|31|Mutated: 1937 669 301 132 57 23 10 4 1 
12216|Child|6|Mutated: 1937 722 301 132 57 23 10 4 1 
12336|Survivor|7|Mutated: 2069 701 301 132 57 23 10 4 1 
12447|Survivor|10|Mutated: 1937 764 301 132 57 23 10 4 1 
12518|Child|1|Mutated: 1937 653 301 132 57 23 10 4 1 
12856|Child|10|Mutated: 2315 701 301 132 57 23 10 4 1 
12903|Child|36|Mutated: 2060 701 301 132 57 23 10 4 1 
13055|Child|19|Mutated: 2260 701 301 132 57 23 10 4 1 
13102|Child|49|Mutated: 2282 701 301 132 57 23 10 4 1 
13305|Survivor|4|Mutated: 1937 685 301 132 57 23 10 4 1 
13440|Child|3|Mutated: 1902 701 301 132 57 23 10 4 1 
13528|Child|49|Mutated: 2030 701 301 132 57 23 10 4 1 
13612|Survivor|1|Mutated: 1937 758 301 132 57 23 10 4 1 
13673|Child|29|Mutated: 2052 701 301 132 57 23 10 4 1 
13675|Child|18|Mutated: 2199 701 301 132 57 23 10 4 1 
13775|Survivor|5|Mutated: 1992 701 301 132 57 23 10 4 1 
13905|Child|48|Mutated: 1865 701 301 132 57 23 10 4 1 
13948|Child|25|Mutated: 1823 701 301 132 57 23 10 4 1 
13954|Child|35|Mutated: 1851 701 301 132 57 23 10 4 1 
14110|Child|39|Mutated: 1937 707 301 132 57 23 10 4 1 
14376|Child|31|Mutated: 2020 701 301 132 57 23 10 4 1 
14497|Survivor|1|Mutated: 2058 701 301 132 57 23 10 4 1 
14971|Child|8|Mutated: 1937 709 301 132 57 23 10 4 1 
15116|Child|23|Mutated: 1858 701 301 132 57 23 10 4 1 
15150|Child|42|Mutated: 1937 635 301 132 57 23 10 4 1 
15241|Child|27|Mutated: 1970 701 301 132 57 23 10 4 1 
15373|Child|48|Mutated: 2205 701 301 132 57 23 10 4 1 
15384|Child|27|Mutated: 1917 701 301 132 57 23 10 4 1 
15476|Child|19|Mutated: 2223 701 301 132 57 23 10 4 1 
15511|Child|22|Mutated: 2299 701 301 132 57 23 10 4 1 
15708|Child|30|Mutated: 2222 701 301 132 57 23 10 4 1 
15883|Child|24: 1943 701 301 132 57 23 10 4 1 
15912|Child|34|Mutated: 2245 701 301 132 57 23 10 4 1 
15997|Child|7|Mutated: 1937 681 301 132 57 23 10 4 1 
16038|Child|46|Mutated: 2201 701 301 132 57 23 10 4 1 
16087|Child|41|Mutated: 1751 701 301 132 57 23 10 4 1 
16648|Survivor|10|Mutated: 1937 731 290 132 57 23 10 4 1 
16715|Child|9|Mutated: 2110 701 301 132 57 23 10 4 1 
16726|Child|6|Mutated: 1980 701 301 132 57 23 10 4 1 
16989|Child|31: 2028 756 301 132 57 23 10 4 1 
17043|Child|14|Mutated: 1996 701 301 132 57 23 10 4 1 
