366|Child|4: 2057 491 169 81 28 13 4 1 
669|Child|19: 1954 437 135 58 23 10 4 1 
1424|Child|1: 1064 269 116 46 20 9 4 1 
1425|Child|2: 2367 701 198 87 46 20 9 4 1 
3783|Child|2: 1831 410 138 63 29 10 4 1 
3912|Child|23: 1024 306 135 49 23 8 3 1 
4334|Child|2: 2229 690 215 106 49 21 10 4 1 
4752|Child|8: 991 312 129 49 24 9 4 1 
4922|Child|1: 1777 381 140 49 24 9 4 1 
5083|Child|1: 1653 485 133 56 27 10 4 1 
7258|Child|6: 1679 477 151 65 27 10 4 1 
7416|Child|25: 1738 391 149 55 20 9 4 1 
7427|Child|32: 1085 354 145 55 24 9 4 1 
8792|Child|2: 2433 960 263 121 61 23 10 4 1 
9639|Child|2: 1007 332 140 49 24 9 4 1 
9821|Child|1: 1023 311 145 52 19 10 4 1 
11349|Child|1: 1788 426 167 54 28 11 4 1 
11693|Child|1: 1505 329 134 53 29 9 4 1 
11729|Child|1: 2013 418 153 65 25 9 4 1 
12211|Child|1: 1674 381 137 54 19 10 4 1 
13124|Child|7: 1750 401 140 74 23 10 4 1 
13586|Child|10: 1802 522 170 71 24 9 4 1 
13719|Child|2: 1951 435 158 65 29 10 4 1 
14164|Random|87: 774 277 132 67 24 9 4 1 
16102|Child|23: 1931 421 147 71 29 10 4 1 
16890|Child|2: 1602 443 153 70 29 9 4 1 
17787|Child|4: 998 374 139 49 24 9 4 1 
18499|Child|1: 2338 549 213 73 36 13 4 1 
19064|Child|10: 1783 474 175 55 27 10 4 1 
19279|Child|2: 2478 1067 291 101 49 24 9 4 1 
20899|Child|16: 911 290 127 62 27 10 4 1 
23987|Child|6: 1529 403 154 55 24 9 4 1 
24037|Child|1: 1778 391 146 58 24 9 4 1 
24163|Child|1: 1980 435 177 66 28 13 4 1 
24833|Child|1: 1740 484 186 77 25 14 4 1 
