12|Child|14: 10080 2076 956 424 177 72 27 10 4 1 
23|Child|11: 10080 2294 1044 424 177 72 27 10 4 1 
25|Child|39|Mutated: 10080 2243 956 424 177 72 27 10 4 1 
32|Child|2: 10080 2076 956 377 177 72 27 10 4 1 
45|Survivor|8|Mutated: 10080 2076 956 415 177 72 27 10 4 1 
52|Child|12|Mutated: 10080 2076 959 377 177 72 27 10 4 1 
53|Child|24|Mutated: 10080 2452 956 377 177 72 27 10 4 1 
55|Child|41|Mutated: 9398 2076 956 377 177 72 27 10 4 1 
59|Survivor|9: 10080 2076 956 361 166 72 27 10 4 1 
62|Child|43: 9398 2199 956 377 177 72 27 10 4 1 
73|Child|26|Mutated: 9398 2147 956 377 177 72 27 10 4 1 
87|Child|22|Mutated: 9398 2076 765 377 177 72 27 10 4 1 
107|Child|6|Mutated: 8803 2076 765 377 177 72 27 10 4 1 
127|Child|3|Mutated: 9398 2076 765 361 177 72 27 10 4 1 
316|Child|7|Mutated: 9398 2076 901 377 177 72 27 10 4 1 
322|Child|24|Mutated: 8622 2076 901 377 177 72 27 10 4 1 
327|Child|40|Mutated: 9556 2076 901 377 177 72 27 10 4 1 
386|Child|13|Mutated: 9378 2076 901 377 177 72 27 10 4 1 
431|Child|36|Mutated: 9772 2076 901 377 177 72 27 10 4 1 
449|Child|23|Mutated: 9072 2076 901 377 177 72 27 10 4 1 
499|Child|3|Mutated: 9059 2076 901 377 177 72 27 10 4 1 
519|Child|18|Mutated: 9106 2076 901 377 177 72 27 10 4 1 
543|Child|48|Mutated: 9795 2076 901 377 177 72 27 10 4 1 
563|Survivor|3|Mutated: 9071 2076 901 377 177 72 27 10 4 1 
641|Survivor|6|Mutated: 9133 2076 901 377 177 72 27 10 4 1 
670|Child|14|Mutated: 9409 2076 901 377 177 72 27 10 4 1 
679|Survivor|10|Mutated: 8897 2076 901 377 177 72 27 10 4 1 
722|Child|38|Mutated: 8793 2253 901 377 177 72 27 10 4 1 
736|Child|14|Mutated: 9334 2076 901 377 177 72 27 10 4 1 
775|Child|10|Mutated: 9552 2076 901 377 165 72 27 10 4 1 
794|Child|27|Mutated: 9239 2076 901 377 177 72 27 10 4 1 
861|Child|50|Mutated: 9071 2076 870 377 177 72 27 10 4 1 
862|Child|16|Mutated: 9756 2076 901 377 177 72 27 10 4 1 
899|Child|4|Mutated: 9603 2076 901 377 177 72 27 10 4 1 
919|Child|38|Mutated: 9071 2076 901 377 165 72 27 10 4 1 
1014|Child|5|Mutated: 9071 2076 901 356 165 72 27 10 4 1 
1041|Child|2|Mutated: 9008 2076 901 377 165 72 27 10 4 1 
1118|Child|3|Mutated: 8820 2076 901 377 165 72 27 10 4 1 
1137|Child|26|Mutated: 9381 2076 901 377 165 72 27 10 4 1 
1141|Child|27|Mutated: 9454 2076 901 377 165 72 27 10 4 1 
1149|Child|48|Mutated: 9071 2369 999 377 165 72 27 10 4 1 
1154|Child|5|Mutated: 8797 2076 901 377 165 72 27 10 4 1 
1167|Child|26|Mutated: 9713 2076 901 377 165 72 27 10 4 1 
1201|Child|43|Mutated: 9071 2076 901 352 165 72 27 10 4 1 
1212|Child|19|Mutated: 9071 2139 901 377 165 72 27 10 4 1 
1294|Child|32|Mutated: 9071 2022 900 377 165 72 27 10 4 1 
1368|Child|15|Mutated: 9071 2148 901 377 165 72 27 10 4 1 
1385|Child|31|Mutated: 9254 2076 901 377 165 72 27 10 4 1 
1391|Child|50|Mutated: 9071 2076 832 377 165 72 27 10 4 1 
1410|Child|43|Mutated: 9589 2076 901 377 165 72 27 10 4 1 
1428|Child|11|Mutated: 9071 2076 927 377 165 72 27 10 4 1 
1519|Child|34|Mutated: 9018 2076 901 377 165 72 27 10 4 1 
1564|Child|30|Mutated: 9018 2310 901 377 165 72 27 10 4 1 
1593|Child|11|Mutated: 8713 2076 901 377 165 72 27 10 4 1 
1597|Child|29|Mutated: 9018 2001 901 377 165 72 27 10 4 1 
1671|Child|34|Mutated: 9339 2076 901 377 165 72 27 10 4 1 
1700|Survivor|3|Mutated: 9677 2076 901 377 165 72 27 10 4 1 
1714|Survivor|2|Mutated: 9018 1915 901 377 165 72 27 10 4 1 
1775|Child|37|Mutated: 9018 2076 901 356 165 72 27 10 4 1 
1835|Survivor|9|Mutated: 9527 2076 901 377 165 72 27 10 4 1 
1875|Survivor|10|Mutated: 9018 2076 901 370 165 72 27 10 4 1 
1876|Survivor|5|Mutated: 9018 1977 901 377 165 72 27 10 4 1 
1879|Child|47|Mutated: 9264 2076 901 377 165 72 27 10 4 1 
1882|Child|31|Mutated: 9657 2076 901 377 165 72 27 10 4 1 
1900|Child|3|Mutated: 8885 2076 901 377 165 72 27 10 4 1 
1917|Child|30|Mutated: 9292 2076 901 377 165 72 27 10 4 1 
2006|Child|3|Mutated: 9018 2192 901 377 165 72 27 10 4 1 
2049|Child|31|Mutated: 9018 2102 951 377 165 72 27 10 4 1 
2056|Child|44|Mutated: 9018 2195 901 377 165 72 27 10 4 1 
2067|Survivor|7|Mutated: 9018 2313 901 377 165 72 27 10 4 1 
2071|Child|22: 9018 2447 901 377 165 72 27 10 4 1 
2100|Child|31|Mutated: 9218 2076 901 377 165 72 27 10 4 1 
2148|Child|24|Mutated: 9291 2076 901 377 165 72 27 10 4 1 
2212|Survivor|9|Mutated: 9439 2076 901 377 165 72 27 10 4 1 
2246|Child|47|Mutated: 8832 2076 901 377 165 72 27 10 4 1 
2298|Child|28|Mutated: 9557 2076 901 377 165 72 27 10 4 1 
2308|Child|8|Mutated: 9018 2076 838 377 165 72 27 10 4 1 
2312|Child|35|Mutated: 9018 2216 901 377 165 72 27 10 4 1 
2380|Survivor|8|Mutated: 9018 2076 798 377 165 72 27 10 4 1 
2514|Child|28|Mutated: 8936 2076 901 377 165 72 27 10 4 1 
2555|Child|12|Mutated: 8676 2076 901 377 165 72 27 10 4 1 
2583|Survivor|3|Mutated: 9848 2076 901 377 165 72 27 10 4 1 
2621|Survivor|10|Mutated: 9280 2076 901 377 165 72 27 10 4 1 
2635|Child|20|Mutated: 9018 2457 901 377 165 72 27 10 4 1 
2651|Survivor|9|Mutated: 8966 2076 901 377 165 72 27 10 4 1 
2662|Child|38|Mutated: 9374 2076 901 377 165 72 27 10 4 1 
2674|Child|20|Mutated: 9018 2076 901 322 165 72 27 10 4 1 
2710|Child|43|Mutated: 9018 2076 901 394 165 72 27 10 4 1 
2729|Child|4|Mutated: 9018 2346 901 377 165 72 27 10 4 1 
2730|Survivor|9|Mutated: 9770 2076 901 377 165 72 27 10 4 1 
2780|Child|23|Mutated: 9018 2076 859 377 165 72 27 10 4 1 
2806|Child|31|Mutated: 9018 2076 933 377 165 72 27 10 4 1 
2884|Child|9|Mutated: 8957 2076 901 377 165 72 27 10 4 1 
2908|Child|2|Mutated: 9543 2076 901 377 165 72 27 10 4 1 
2914|Child|28|Mutated: 9561 2076 901 377 165 72 27 10 4 1 
2939|Child|12|Mutated: 9018 2076 901 377 177 72 27 10 4 1 
3042|Child|26|Mutated: 9462 2076 901 377 165 72 27 10 4 1 
3234|Child|23|Mutated: 8729 2076 901 377 165 72 27 10 4 1 
3259|Child|20|Mutated: 7596 2076 901 377 165 72 27 10 4 1 
3282|Child|35|Mutated: 9778 2076 901 377 165 72 27 10 4 1 
3303|Survivor|9|Mutated: 9068 2076 901 377 165 72 27 10 4 1 
3306|Survivor|10|Mutated: 9368 2076 901 377 165 72 27 10 4 1 
3385|Child|12|Mutated: 8961 2019 901 377 165 72 27 10 4 1 
3481|Child|10|Mutated: 9018 2076 901 380 165 72 27 10 4 1 
3525|Child|36|Mutated: 9692 2076 901 377 165 72 27 10 4 1 
3601|Child|19|Mutated: 8603 2076 901 380 165 72 27 10 4 1 
3914|Child|28|Mutated: 9071 2076 735 376 165 72 27 10 4 1 
3962|Survivor|6|Mutated: 9018 2076 813 380 165 72 27 10 4 1 
3979|Child|37|Mutated: 9018 2097 901 380 165 72 27 10 4 1 
3987|Child|21|Mutated: 9619 2076 901 380 165 72 27 10 4 1 
4009|Child|15: 9018 2378 901 322 165 72 27 10 4 1 
4051|Survivor|10|Mutated: 9650 2076 901 380 165 72 27 10 4 1 
4216|Child|9|Mutated: 9018 2076 856 380 165 72 27 10 4 1 
4222|Survivor|8|Mutated: 9671 2076 901 380 165 72 27 10 4 1 
4226|Child|1|Mutated: 8826 2076 901 380 165 72 27 10 4 1 
4261|Survivor|1|Mutated: 9126 2076 901 380 165 72 27 10 4 1 
4281|Child|48|Mutated: 9018 2216 901 380 165 72 27 10 4 1 
4313|Survivor|6|Mutated: 9018 2451 901 380 165 72 27 10 4 1 
4360|Child|36|Mutated: 9018 2001 901 380 165 72 27 10 4 1 
4380|Child|36|Mutated: 9122 2076 901 380 165 72 27 10 4 1 
4468|Child|6|Mutated: 9414 2172 901 380 165 72 27 10 4 1 
4469|Child|30|Mutated: 9653 2076 901 380 165 72 27 10 4 1 
4607|Child|46|Mutated: 9018 2196 901 380 165 72 27 10 4 1 
4613|Child|6|Mutated: 9192 2076 901 380 165 72 27 10 4 1 
4617|Survivor|6|Mutated: 8724 2076 901 380 165 72 27 10 4 1 
4718|Child|36|Mutated: 8918 2076 901 380 165 72 27 10 4 1 
4744|Child|17|Mutated: 8639 2076 901 380 165 72 27 10 4 1 
4821|Survivor|1|Mutated: 9018 2076 893 340 165 72 27 10 4 1 
4837|Child|4|Mutated: 9112 2076 901 380 165 72 27 10 4 1 
4864|Child|24|Mutated: 9267 2076 901 380 165 72 27 10 4 1 
4874|Survivor|10|Mutated: 9025 2076 901 380 165 72 27 10 4 1 
4971|Child|49|Mutated: 9041 2076 901 380 165 72 27 10 4 1 
5008|Child|6|Mutated: 9156 2076 901 380 165 72 27 10 4 1 
5253|Child|33|Mutated: 8691 2076 901 380 165 72 27 10 4 1 
