5|Child|32: 573 130 55 23 10 4 1 
8|Child|16: 573 130 55 27 10 4 1 
21|Survivor|1: 991 687 145 45 23 10 4 1 
33|Survivor|10|Mutated: 940 667 145 45 23 10 4 1 
44|Child|3|Mutated: 991 687 145 45 21 10 4 1 
45|Child|4|Mutated: 991 687 145 47 23 10 4 1 
65|Child|3: 893 687 143 45 21 10 4 1 
70|Child|45: 991 646 145 45 21 10 4 1 
73|Child|13|Mutated: 991 651 145 45 21 10 4 1 
81|Survivor|1|Mutated: 947 651 145 45 21 10 4 1 
99|Child|24|Mutated: 991 623 145 45 21 10 4 1 
102|Child|10|Mutated|Validated: 964 651 145 45 21 10 4 1 
106|Child|16|Mutated: 934 651 145 45 21 10 4 1 
112|Child|38|Mutated: 857 651 145 49 21 10 4 1 
119|Child|27|Mutated|Validated: 979 651 145 45 21 10 4 1 
124|Child|3|Mutated: 991 651 150 47 21 10 4 1 
132|Child|21|Mutated: 991 651 155 45 21 10 4 1 
135|Child|43|Mutated: 991 675 145 45 21 10 4 1 
136|Child|12|Mutated: 991 651 145 49 21 10 4 1 
141|Survivor|8: 991 675 145 49 21 10 4 1 
143|Survivor|1|Mutated: 991 675 117 49 21 10 4 1 
144|Survivor|2: 991 651 137 45 21 10 4 1 
151|Survivor|2|Mutated: 994 651 137 45 21 10 4 1 
173|Child|43|Mutated: 991 651 135 49 21 10 4 1 
180|Child|15|Mutated: 991 608 137 45 21 10 4 1 
181|Survivor|2: 991 651 148 45 21 10 4 1 
195|Child|17|Mutated: 928 731 137 45 21 10 4 1 
204|Survivor|6|Mutated: 991 641 137 45 21 10 4 1 
207|Child|3|Mutated: 991 651 137 54 23 10 4 1 
221|Child|46|Mutated: 991 653 137 45 21 10 4 1 
242|Child|40|Mutated: 988 651 137 45 21 10 4 1 
259|Child|32|Mutated: 998 651 137 45 21 10 4 1 
276|Child|15|Mutated: 936 651 137 45 21 10 4 1 
303|Child|7|Mutated: 988 756 137 45 21 10 4 1 
321|Survivor|1|Mutated: 988 570 137 45 21 10 4 1 
330|Child|13: 973 651 139 45 21 10 4 1 
337|Child|14|Mutated|Validated: 972 651 137 45 21 10 4 1 
350|Survivor|8|Mutated: 988 646 137 45 21 10 4 1 
391|Child|20|Mutated: 988 651 148 45 21 10 4 1 
397|Child|28|Mutated: 988 647 137 54 23 10 4 1 
407|Child|3: 942 651 137 45 21 10 4 1 
412|Child|37|Mutated: 988 667 137 45 21 10 4 1 
415|Child|26|Mutated: 988 614 137 45 21 10 4 1 
450|Child|36|Mutated: 988 641 137 45 21 10 4 1 
453|Child|31|Mutated: 952 651 137 45 21 10 4 1 
477|Child|27|Mutated: 985 651 137 45 21 10 4 1 
480|Child|49|Mutated: 988 648 137 45 21 10 4 1 
496|Survivor|4|Mutated: 988 753 137 49 21 10 4 1 
501|Child|44|Mutated: 988 651 163 49 21 10 4 1 
514|Child|36|Mutated: 988 651 140 45 21 10 4 1 
515|Survivor|2: 988 649 137 45 21 10 4 1 
516|Child|19|Mutated: 976 651 137 45 21 10 4 1 
521|Child|30: 971 651 137 45 21 10 4 1 
522|Survivor|2: 988 737 137 45 21 10 4 1 
523|Child|17|Mutated: 999 651 137 45 21 10 4 1 
530|Child|1|Mutated: 922 651 137 45 21 10 4 1 
533|Child|43|Mutated: 988 738 137 45 21 10 4 1 
535|Child|10|Mutated: 988 715 163 49 21 10 4 1 
545|Child|32|Mutated: 988 659 137 45 21 10 4 1 
551|Child|21|Mutated|Validated: 946 582 137 45 21 10 4 1 
561|Child|49|Mutated: 988 529 137 45 21 10 4 1 
564|Child|43|Mutated: 917 651 145 45 21 10 4 1 
567|Child|15|Mutated: 988 781 137 45 21 10 4 1 
574|Child|18|Mutated: 938 694 137 45 21 10 4 1 
586|Child|8|Mutated: 988 651 137 49 21 10 4 1 
619|Child|37: 988 630 155 45 21 10 4 1 
645|Child|10|Mutated: 988 651 137 46 21 10 4 1 
646|Child|5|Mutated: 988 713 137 45 21 10 4 1 
668|Survivor|9|Mutated: 988 651 124 45 21 10 4 1 
691|Child|44|Mutated: 988 741 137 45 21 10 4 1 
701|Survivor|1: 952 696 137 45 21 10 4 1 
702|Child|25|Mutated: 950 651 137 45 21 10 4 1 
704|Survivor|9|Mutated: 988 647 137 45 21 10 4 1 
713|Child|33|Mutated: 953 651 136 50 21 10 4 1 
715|Child|29|Mutated: 988 651 137 52 24 9 4 1 
717|Survivor|9|Mutated: 912 651 137 45 21 10 4 1 
722|Child|41|Mutated: 988 645 137 45 21 10 4 1 
736|Child|27|Mutated: 988 651 137 53 19 10 4 1 
742|Survivor|8|Mutated: 988 643 139 45 21 10 4 1 
750|Survivor|5|Mutated: 988 651 139 45 21 10 4 1 
771|Child|1|Mutated: 964 651 137 45 21 10 4 1 
790|Child|1|Mutated|Validated: 981 651 137 45 21 10 4 1 
797|Child|7|Mutated: 988 707 130 45 21 10 4 1 
821|Random|22: 623 136 58 23 10 4 1 
822|Survivor|4|Mutated: 988 624 137 45 21 10 4 1 
829|Survivor|4|Mutated: 988 741 137 46 21 10 4 1 
882|Child|24|Mutated|Validated: 884 651 137 45 21 10 4 1 
888|Child|47|Mutated: 988 674 151 45 21 10 4 1 
928|Child|8|Mutated: 944 651 151 45 21 10 4 1 
940|Child|7|Mutated: 988 608 137 45 21 10 4 1 
1004|Child|35|Mutated|Validated: 895 651 137 45 21 10 4 1 
1014|Child|18|Mutated: 988 651 155 45 21 10 4 1 
1017|Child|34|Mutated: 988 583 137 45 21 10 4 1 
1022|Child|13|Mutated: 893 631 137 45 21 10 4 1 
1026|Child|15|Mutated: 988 651 143 45 21 10 4 1 
1036|Child|20|Mutated: 988 535 137 45 21 10 4 1 
1044|Child|48|Mutated: 933 651 137 45 21 10 4 1 
1050|Child|3|Mutated: 988 739 137 45 21 10 4 1 
1066|Child|38|Mutated: 988 651 145 45 21 10 4 1 
1093|Survivor|10|Mutated: 988 631 137 45 21 10 4 1 
1094|Survivor|2: 988 657 137 45 21 10 4 1 
1104|Survivor|4|Mutated: 973 651 137 45 21 10 4 1 
1126|Child|35|Mutated: 988 766 137 45 21 10 4 1 
1133|Child|11|Mutated: 988 629 137 45 21 10 4 1 
1147|Child|28|Mutated: 988 651 154 45 21 10 4 1 
1149|Child|20|Mutated: 988 632 137 45 21 10 4 1 
1163|Child|6|Mutated: 988 656 156 50 21 10 4 1 
1169|Child|22|Mutated: 988 746 137 45 21 10 4 1 
1174|Child|20|Mutated: 988 736 137 45 21 10 4 1 
1191|Child|25|Mutated: 977 651 137 45 21 10 4 1 
1197|Child|24|Mutated: 988 776 137 45 21 10 4 1 
1212|Child|32|Mutated|Validated: 943 651 137 45 21 10 4 1 
1252|Child|19|Mutated: 988 630 137 45 21 10 4 1 
1286|Child|23|Mutated: 988 675 137 45 21 10 4 1 
1293|Survivor|9|Mutated: 988 651 137 53 17 10 4 1 
1301|Child|46: 988 747 137 45 21 10 4 1 
1303|Child|35|Mutated: 988 602 137 45 21 10 4 1 
1334|Child|27|Mutated: 988 743 137 45 21 10 4 1 
1349|Survivor|3|Mutated: 988 606 137 45 21 10 4 1 
1354|Child|11|Mutated: 988 656 137 45 21 10 4 1 
1355|Survivor|2: 902 612 137 45 21 10 4 1 
1389|Child|46|Mutated|Validated: 961 651 137 45 21 10 4 1 
1392|Child|18|Mutated: 860 651 137 45 21 10 4 1 
1422|Child|12|Mutated: 988 717 161 45 21 10 4 1 
1436|Child|48|Mutated: 929 624 137 45 21 10 4 1 
1445|Child|40|Mutated: 988 658 137 45 21 10 4 1 
1468|Child|26|Mutated: 988 594 137 45 21 10 4 1 
1479|Child|42|Mutated: 937 651 137 45 21 10 4 1 
1486|Child|16|Mutated: 988 651 137 54 23 10 4 1 
1506|Child|37|Mutated: 988 703 137 45 21 10 4 1 
1508|Child|40|Mutated: 988 662 137 45 21 10 4 1 
1511|Survivor|10|Mutated: 988 625 137 45 21 10 4 1 
1522|Survivor|9|Mutated: 988 725 137 45 21 10 4 1 
1528|Survivor|9|Mutated: 987 651 137 45 21 10 4 1 
1536|Child|19|Mutated: 928 651 137 45 21 10 4 1 
1588|Child|28|Mutated: 988 702 137 45 21 10 4 1 
1596|Child|43|Mutated: 988 750 163 45 21 10 4 1 
1607|Child|45|Mutated: 988 717 137 45 21 10 4 1 
1621|Child|39|Mutated: 988 651 115 45 21 10 4 1 
1626|Child|8|Mutated: 935 651 137 45 21 10 4 1 
1627|Child|19|Mutated: 988 666 137 45 21 10 4 1 
1672|Child|42|Mutated: 988 757 137 45 21 10 4 1 
1692|Survivor|9|Mutated: 988 651 151 45 21 10 4 1 
1727|Child|49|Mutated: 988 698 137 45 21 10 4 1 
1735|Child|49|Mutated: 988 600 137 45 21 10 4 1 
1745|Child|16|Mutated: 988 715 137 45 21 10 4 1 
1808|Child|35|Mutated: 988 630 155 49 21 10 4 1 
1819|Child|29|Mutated: 904 651 137 45 21 10 4 1 
1822|Child|11|Mutated: 988 655 137 45 21 10 4 1 
1833|Survivor|8|Mutated: 988 653 137 45 21 10 4 1 
1847|Child|29|Mutated: 988 729 137 45 21 10 4 1 
1851|Child|42|Mutated: 980 651 137 45 21 10 4 1 
1873|Child|48|Mutated: 988 734 137 45 21 10 4 1 
1911|Child|26|Mutated: 967 651 137 45 21 10 4 1 
1935|Child|18|Mutated: 988 651 152 45 21 10 4 1 
1939|Child|29|Mutated: 967 651 142 54 23 10 4 1 
1990|Child|12|Mutated: 919 651 137 45 21 10 4 1 
1994|Child|20|Mutated: 988 643 137 45 21 10 4 1 
1996|Child|44|Mutated: 988 670 137 45 21 10 4 1 
2025|Survivor|9|Mutated: 971 765 145 45 21 10 4 1 
2051|Child|29|Mutated: 988 763 137 45 21 10 4 1 
2091|Child|42|Mutated: 988 622 154 45 21 10 4 1 
2133|Child|44|Mutated: 988 603 158 45 21 10 4 1 
2154|Survivor|8|Mutated: 988 708 149 45 21 10 4 1 
2162|Child|8|Mutated: 988 651 133 45 21 10 4 1 
2169|Survivor|6|Mutated: 910 651 137 45 21 10 4 1 
2207|Child|10|Mutated: 924 651 137 45 21 10 4 1 
2214|Child|5|Mutated: 988 762 137 45 21 10 4 1 
2224|Child|15|Mutated: 993 651 137 45 21 10 4 1 
2237|Child|9|Mutated: 988 745 137 45 21 10 4 1 
2275|Child|46|Mutated: 988 609 137 45 21 10 4 1 
2288|Child|18|Mutated: 979 651 137 54 23 10 4 1 
2295|Child|11|Mutated: 966 651 137 45 21 10 4 1 
2297|Survivor|5|Mutated: 982 651 137 45 21 10 4 1 
2327|Child|33|Mutated: 988 680 137 45 21 10 4 1 
2343|Child|9|Mutated|Validated: 927 699 137 45 21 10 4 1 
2346|Survivor|9|Mutated: 988 651 138 49 21 10 4 1 
2357|Child|7|Mutated: 988 678 137 45 21 10 4 1 
2371|Survivor|8|Mutated: 970 627 137 45 21 10 4 1 
2377|Child|46|Mutated: 988 652 137 45 21 10 4 1 
2412|Survivor|2|Mutated: 993 651 124 45 21 10 4 1 
2427|Child|16|Mutated: 988 755 137 45 21 10 4 1 
2441|Child|48|Mutated: 988 742 137 45 21 10 4 1 
2445|Survivor|8|Mutated: 988 750 137 45 21 10 4 1 
2451|Child|15: 988 623 145 45 21 10 4 1 
2453|Child|49|Mutated: 963 651 137 45 21 10 4 1 
2466|Survivor|2|Mutated: 963 651 137 49 21 10 4 1 
2483|Child|43|Mutated: 988 760 137 45 21 10 4 1 
2528|Survivor|10|Mutated: 938 651 137 45 21 10 4 1 
2543|Child|8|Mutated: 913 651 137 45 21 10 4 1 
2566|Child|37|Mutated: 931 651 137 45 21 10 4 1 
2580|Child|11|Mutated: 930 651 137 45 21 10 4 1 
2621|Child|30|Mutated: 962 651 137 45 21 10 4 1 
2624|Child|35|Mutated: 988 627 137 45 21 10 4 1 
2635|Child|43|Mutated: 864 651 137 45 21 10 4 1 
2660|Survivor|8|Mutated: 988 651 131 48 21 10 4 1 
2681|Child|48|Mutated: 983 651 137 45 21 10 4 1 
2721|Survivor|10|Mutated|Validated: 953 651 137 45 21 10 4 1 
2732|Child|3|Mutated: 988 623 137 45 21 10 4 1 
2737|Child|20|Mutated: 988 634 137 45 21 10 4 1 
2748|Child|32|Mutated: 988 651 144 45 23 10 4 1 
2787|Child|49|Mutated: 988 603 137 45 21 10 4 1 
2834|Child|40|Mutated: 988 651 160 45 21 10 4 1 
2865|Child|28|Mutated: 992 651 137 45 21 10 4 1 
2873|Child|32: 988 712 137 45 21 10 4 1 
2876|Child|10|Mutated: 988 663 137 45 21 10 4 1 
2884|Child|44|Mutated|Validated: 944 651 137 45 21 10 4 1 
2920|Survivor|4|Mutated: 954 651 137 45 21 10 4 1 
2936|Child|21|Mutated: 988 723 137 45 21 10 4 1 
2938|Child|30: 988 663 154 45 21 10 4 1 
2939|Survivor|4|Mutated: 988 633 137 45 21 10 4 1 
2983|Survivor|4|Mutated: 949 651 137 45 21 10 4 1 
3002|Child|1|Mutated: 988 690 137 45 21 10 4 1 
3042|Child|13|Mutated: 974 651 137 45 21 10 4 1 
3045|Child|35|Mutated: 946 651 137 45 21 10 4 1 
3051|Child|33|Mutated: 946 720 137 45 21 10 4 1 
3067|Child|4: 946 741 137 45 21 10 4 1 
3069|Survivor|7|Mutated: 937 651 148 45 21 10 4 1 
3092|Child|50|Mutated: 969 651 137 45 21 10 4 1 
3096|Child|42|Mutated: 946 655 137 45 21 10 4 1 
3107|Child|2|Mutated: 924 606 137 45 21 10 4 1 
3139|Child|12|Mutated: 946 651 161 45 21 10 4 1 
3140|Survivor|6|Mutated: 946 718 137 45 21 10 4 1 
3143|Child|11|Mutated: 946 651 137 54 19 10 4 1 
3151|Child|10|Mutated: 946 651 137 46 21 10 4 1 
3168|Child|32|Mutated: 946 641 137 45 21 10 4 1 
3171|Survivor|10|Mutated: 946 604 137 45 21 10 4 1 
3182|Child|9|Mutated: 946 651 139 45 21 10 4 1 
3191|Child|23|Mutated: 934 651 137 45 21 10 4 1 
3193|Survivor|1|Mutated: 946 656 137 45 21 10 4 1 
3233|Survivor|8|Mutated: 946 618 137 45 21 10 4 1 
3237|Child|5|Mutated: 932 651 137 45 21 10 4 1 
3245|Child|20|Mutated: 957 651 137 45 21 10 4 1 
3248|Survivor|4: 945 651 137 45 21 10 4 1 
3254|Child|39|Mutated: 853 651 137 45 21 10 4 1 
3271|Child|47|Mutated: 945 651 137 54 23 10 4 1 
3279|Child|42|Mutated: 945 741 137 45 21 10 4 1 
3287|Child|31|Mutated: 945 651 145 45 21 10 4 1 
3288|Child|17|Mutated: 945 651 151 45 21 10 4 1 
3293|Child|34|Mutated: 945 666 137 45 21 10 4 1 
3306|Child|7: 945 604 137 45 21 10 4 1 
3332|Child|7|Mutated: 945 651 124 49 21 10 4 1 
3335|Child|43|Mutated: 945 651 125 45 21 10 4 1 
3345|Child|7|Mutated: 914 651 137 45 21 10 4 1 
3368|Child|32|Mutated: 945 651 130 45 21 10 4 1 
3373|Survivor|2: 945 677 137 45 21 10 4 1 
3376|Child|22|Mutated: 988 651 137 51 23 10 4 1 
3382|Child|3|Mutated: 945 648 137 45 21 10 4 1 
3401|Child|23|Mutated: 975 651 137 45 21 10 4 1 
3406|Survivor|9|Mutated: 945 700 137 45 21 10 4 1 
3447|Child|18|Mutated: 945 670 137 45 21 10 4 1 
3451|Child|38|Mutated: 945 651 124 45 21 10 4 1 
3457|Child|13|Mutated: 945 651 137 51 19 10 4 1 
3458|Child|42|Mutated: 945 559 137 45 21 10 4 1 
3462|Child|36|Mutated: 945 705 137 45 21 10 4 1 
3482|Child|49|Mutated: 990 651 137 45 21 10 4 1 
3484|Child|8|Mutated: 945 611 137 45 21 10 4 1 
3497|Child|37|Mutated: 945 653 137 45 21 10 4 1 
3517|Child|28|Mutated: 945 651 137 46 21 10 4 1 
3533|Child|18|Mutated: 945 624 137 45 21 10 4 1 
3535|Survivor|2|Mutated: 945 769 137 45 21 10 4 1 
3559|Child|30|Mutated: 940 651 137 45 21 10 4 1 
3570|Child|22|Mutated: 945 651 115 45 21 10 4 1 
3579|Child|32|Mutated: 945 703 137 45 21 10 4 1 
3594|Child|26|Mutated: 945 625 137 45 21 10 4 1 
3607|Child|9|Mutated: 896 651 148 45 21 10 4 1 
3614|Survivor|9|Mutated: 946 579 137 45 21 10 4 1 
3632|Child|26|Mutated: 946 701 137 45 21 10 4 1 
3635|Child|30|Mutated: 946 651 137 53 19 10 4 1 
3644|Child|49|Mutated: 946 651 124 45 21 10 4 1 
3648|Child|19|Mutated: 946 650 137 45 21 10 4 1 
3656|Survivor|8|Mutated: 946 696 137 45 21 10 4 1 
3671|Child|48|Mutated: 946 651 145 45 21 10 4 1 
3687|Survivor|9|Mutated|Validated: 978 651 137 45 21 10 4 1 
3717|Child|45|Mutated: 946 659 137 45 21 10 4 1 
3732|Child|44|Mutated: 946 651 134 45 21 10 4 1 
3764|Child|21|Mutated: 946 631 137 45 21 10 4 1 
3783|Child|3|Mutated: 946 651 140 45 21 10 4 1 
3789|Child|19|Mutated: 946 674 137 45 21 10 4 1 
3802|Child|33|Mutated: 946 651 122 47 21 10 4 1 
3806|Child|47|Mutated: 995 651 137 45 21 10 4 1 
3809|Child|43|Mutated: 946 622 137 45 21 10 4 1 
3831|Child|26|Mutated: 971 744 137 45 21 10 4 1 
3834|Child|47|Mutated: 946 565 137 45 21 10 4 1 
3842|Child|34|Mutated: 946 691 137 45 21 10 4 1 
3844|Child|6: 946 601 137 45 21 10 4 1 
3849|Child|7|Mutated: 946 603 137 45 21 10 4 1 
3856|Child|10|Mutated: 946 699 140 45 21 10 4 1 
3859|Child|1|Mutated: 951 651 137 45 21 10 4 1 
3860|Child|33|Mutated: 954 651 137 46 21 10 4 1 
3879|Child|35|Mutated: 946 671 137 45 21 10 4 1 
3884|Child|46|Mutated: 946 697 137 45 21 10 4 1 
3910|Child|36|Mutated: 946 699 137 45 21 10 4 1 
3922|Child|27|Mutated: 946 651 137 51 23 10 4 1 
3932|Survivor|10|Mutated: 989 651 137 45 21 10 4 1 
3990|Child|23|Mutated: 946 651 133 45 21 10 4 1 
4002|Child|39|Mutated: 946 694 137 49 21 10 4 1 
4005|Child|42|Mutated: 946 704 137 45 21 10 4 1 
4006|Child|21|Mutated: 946 651 132 46 21 10 4 1 
4017|Child|14|Mutated: 946 707 137 45 21 10 4 1 
4021|Random|34: 785 173 54 23 14 4 1 
4037|Child|32|Mutated: 946 670 137 45 21 10 4 1 
4057|Survivor|10|Mutated: 958 651 137 45 21 10 4 1 
4079|Child|10|Mutated: 850 651 137 45 21 10 4 1 
4105|Child|12|Mutated: 971 656 137 45 21 10 4 1 
4115|Child|45|Mutated: 967 651 152 45 21 10 4 1 
4145|Child|6|Mutated: 905 651 137 45 21 10 4 1 
4152|Child|40|Mutated: 946 649 137 45 21 10 4 1 
4164|Child|35|Mutated: 946 651 148 45 21 10 4 1 
4198|Child|16|Mutated: 946 608 137 45 21 10 4 1 
4217|Survivor|5|Mutated: 946 598 137 45 21 10 4 1 
4222|Child|4|Mutated: 988 618 137 45 21 10 4 1 
4241|Child|30|Mutated: 946 581 137 45 21 10 4 1 
4245|Child|46|Mutated: 946 745 137 45 21 10 4 1 
4267|Child|23|Mutated: 946 710 137 45 21 10 4 1 
4285|Child|34|Mutated: 978 667 137 45 21 10 4 1 
4303|Random|17: 802 178 60 23 10 4 1 
4317|Child|28|Mutated: 978 651 154 45 21 10 4 1 
4320|Survivor|6|Mutated: 978 651 137 46 21 10 4 1 
4332|Child|9|Mutated: 978 651 130 45 21 10 4 1 
4348|Survivor|4|Mutated: 978 651 139 45 21 10 4 1 
4353|Survivor|7|Mutated: 944 655 137 45 21 10 4 1 
4357|Child|8|Mutated: 978 741 137 45 21 10 4 1 
4365|Child|1|Mutated: 978 698 137 45 21 10 4 1 
4377|Child|14|Mutated: 978 619 137 45 21 10 4 1 
4384|Child|45|Mutated: 978 663 137 45 21 10 4 1 
4404|Child|44|Mutated: 978 583 137 45 21 10 4 1 
4457|Child|35|Mutated: 978 605 137 45 21 10 4 1 
4477|Survivor|4|Mutated: 963 628 137 45 21 10 4 1 
4489|Child|24|Mutated: 978 680 148 45 21 10 4 1 
4491|Child|48|Mutated: 978 613 137 45 21 10 4 1 
4505|Child|29|Mutated: 978 651 133 45 21 10 4 1 
4541|Child|47|Mutated: 978 651 140 45 21 10 4 1 
4545|Child|9|Mutated: 978 669 137 45 21 10 4 1 
4577|Child|25|Mutated: 978 628 137 45 21 10 4 1 
4582|Child|30: 978 645 124 45 21 10 4 1 
4597|Survivor|10|Mutated: 944 605 137 45 21 10 4 1 
4609|Survivor|6|Mutated: 986 651 137 45 21 10 4 1 
4630|Child|30|Mutated: 944 605 145 51 19 10 4 1 
4647|Child|37|Mutated: 944 605 137 46 21 10 4 1 
4666|Child|7|Mutated: 944 605 144 45 23 10 4 1 
4694|Child|34|Mutated: 944 645 137 45 21 10 4 1 
4712|Child|3|Mutated: 944 627 137 46 21 10 4 1 
4714|Child|34|Mutated: 963 605 137 45 21 10 4 1 
4721|Child|48|Mutated: 944 605 152 45 21 10 4 1 
4734|Child|22|Mutated: 925 605 137 45 21 10 4 1 
4740|Child|30|Mutated: 940 605 137 45 21 10 4 1 
4757|Child|19|Mutated: 947 605 137 45 21 10 4 1 
4759|Child|34|Mutated: 944 650 137 45 21 10 4 1 
4763|Child|9|Mutated: 944 618 137 45 21 10 4 1 
4788|Child|7|Mutated: 944 643 137 45 21 10 4 1 
4793|Survivor|2|Mutated: 944 605 124 49 21 10 4 1 
4807|Survivor|9|Mutated: 957 605 137 45 21 10 4 1 
4825|Survivor|6|Mutated: 944 649 137 45 21 10 4 1 
4831|Child|2|Mutated: 944 649 124 45 21 10 4 1 
4839|Child|33|Mutated: 944 649 148 45 21 10 4 1 
4842|Child|37|Mutated: 973 605 137 45 21 10 4 1 
4856|Child|46|Mutated: 944 627 137 45 21 10 4 1 
4871|Child|15|Mutated: 944 605 116 45 21 10 4 1 
4873|Survivor|1|Mutated: 915 605 137 45 21 10 4 1 
4880|Child|34|Mutated: 944 704 137 45 21 10 4 1 
4884|Child|20|Mutated: 944 572 137 45 21 10 4 1 
4908|Child|32|Mutated: 887 605 137 45 21 10 4 1 
4928|Child|38|Mutated: 944 708 137 45 21 10 4 1 
4937|Child|22|Mutated: 944 690 137 49 21 10 4 1 
4947|Child|17|Mutated: 944 624 137 45 21 10 4 1 
4948|Survivor|2: 944 563 137 45 21 10 4 1 
4950|Child|28|Mutated: 944 605 137 54 23 10 4 1 
4961|Child|49: 944 606 137 45 21 10 4 1 
4976|Child|49|Mutated: 864 605 137 45 21 10 4 1 
4977|Child|19|Mutated: 944 578 137 45 21 10 4 1 
4993|Child|8|Mutated: 944 710 128 45 21 10 4 1 
5009|Child|10|Mutated: 944 719 137 45 21 10 4 1 
5011|Child|6|Mutated: 944 631 137 45 21 10 4 1 
5014|Random|32: 649 139 61 23 10 4 1 
5028|Child|11|Mutated: 957 605 137 51 23 10 4 1 
5035|Child|18|Mutated: 980 605 137 45 21 10 4 1 
5044|Child|39|Mutated: 944 600 137 45 21 10 4 1 
5098|Survivor|2|Mutated: 944 711 137 45 21 10 4 1 
5129|Child|39|Mutated: 944 692 137 45 21 10 4 1 
5135|Child|41|Mutated: 922 605 137 45 21 10 4 1 
5164|Child|45|Mutated: 944 583 137 45 21 10 4 1 
5167|Child|23|Mutated: 944 685 143 45 21 10 4 1 
5170|Child|48|Mutated: 898 605 137 45 21 10 4 1 
5172|Child|25|Mutated: 944 721 137 54 23 10 4 1 
5191|Child|11|Mutated: 944 629 137 45 21 10 4 1 
5204|Child|33|Mutated|Validated: 911 605 137 45 21 10 4 1 
5222|Child|47|Mutated: 944 584 137 45 21 10 4 1 
5237|Child|1|Mutated: 984 605 137 45 21 10 4 1 
5251|Survivor|1|Mutated: 883 605 137 45 21 10 4 1 
5261|Child|17|Mutated: 944 626 137 45 21 10 4 1 
5281|Survivor|8|Mutated: 880 605 137 45 21 10 4 1 
5284|Survivor|3: 944 705 137 45 21 10 4 1 
5293|Child|19|Mutated: 958 605 137 45 21 10 4 1 
5323|Child|22|Mutated: 944 714 137 45 21 10 4 1 
5324|Survivor|10|Mutated: 952 605 137 45 21 10 4 1 
5361|Child|22|Mutated: 979 605 137 45 21 10 4 1 
5368|Survivor|9|Mutated: 905 605 137 45 21 10 4 1 
5379|Child|4|Mutated: 952 657 137 45 21 10 4 1 
5381|Child|44|Mutated: 946 605 137 45 21 10 4 1 
5384|Child|33|Mutated: 976 605 137 45 21 10 4 1 
5401|Child|38|Mutated: 952 605 127 45 21 10 4 1 
5409|Child|37|Mutated: 952 630 137 45 21 10 4 1 
5418|Child|22|Mutated: 923 602 137 45 21 10 4 1 
5437|Child|8|Mutated: 982 605 137 45 21 10 4 1 
5438|Child|31|Mutated: 982 650 137 45 21 10 4 1 
5442|Survivor|8|Mutated: 952 605 137 51 23 10 4 1 
5462|Child|28|Mutated: 950 615 137 45 21 10 4 1 
5465|Child|31|Mutated: 952 721 137 45 21 10 4 1 
5495|Random|40: 775 202 58 23 10 4 1 
5505|Child|2|Mutated: 952 605 137 46 21 10 4 1 
5513|Child|24|Mutated: 926 682 137 45 21 10 4 1 
5515|Child|21|Mutated: 952 605 134 45 21 10 4 1 
5522|Child|18|Mutated: 935 605 137 45 21 10 4 1 
5530|Child|21|Mutated: 952 605 155 45 21 10 4 1 
5534|Child|37|Mutated: 952 653 137 45 21 10 4 1 
5538|Child|17|Mutated: 919 605 137 45 21 10 4 1 
5550|Child|2|Mutated: 952 605 134 45 19 10 4 1 
5552|Child|17: 968 655 137 45 21 10 4 1 
5562|Child|48|Mutated: 912 605 137 45 21 10 4 1 
5565|Child|23|Mutated: 952 604 137 45 21 10 4 1 
5576|Survivor|7|Mutated: 952 655 137 45 21 10 4 1 
5600|Child|32|Mutated: 952 672 137 45 21 10 4 1 
5651|Child|23|Mutated: 952 558 137 45 21 10 4 1 
5653|Child|28|Mutated: 952 699 137 45 21 10 4 1 
5678|Survivor|10|Mutated: 906 605 137 45 21 10 4 1 
5693|Child|48|Mutated: 952 714 137 45 21 10 4 1 
5702|Child|3|Mutated: 952 605 116 45 21 10 4 1 
5710|Child|10|Mutated: 952 625 137 45 21 10 4 1 
5715|Child|23|Mutated: 938 605 137 45 21 10 4 1 
5739|Child|1|Mutated: 952 645 137 45 21 10 4 1 
5743|Child|44|Mutated: 892 605 137 45 21 10 4 1 
5763|Child|21|Mutated: 952 615 137 45 21 10 4 1 
5773|Survivor|7|Mutated: 952 605 164 45 21 10 4 1 
5774|Child|28|Mutated|Validated: 962 605 137 45 21 10 4 1 
5792|Child|8|Mutated: 899 605 137 45 21 10 4 1 
5798|Child|45|Mutated: 952 673 137 45 21 10 4 1 
5799|Child|29|Mutated: 952 605 154 45 21 10 4 1 
5812|Child|35|Mutated: 904 605 137 45 21 10 4 1 
5813|Child|1|Mutated: 906 605 143 45 21 10 4 1 
5827|Child|35|Mutated: 890 601 137 45 21 10 4 1 
5843|Child|16|Mutated: 952 564 137 45 21 10 4 1 
5857|Child|31|Mutated: 952 692 152 45 21 10 4 1 
5876|Child|29|Mutated: 952 605 137 48 21 10 4 1 
5898|Child|11|Mutated: 907 605 137 45 21 10 4 1 
5901|Survivor|8|Mutated|Validated: 985 605 137 45 21 10 4 1 
5906|Child|42|Mutated: 981 605 137 45 21 10 4 1 
5915|Child|29|Mutated: 952 605 133 45 21 10 4 1 
5960|Child|26|Mutated: 952 602 137 45 21 10 4 1 
6015|Child|28|Mutated: 912 653 137 45 21 10 4 1 
6054|Child|20|Mutated: 966 631 137 45 21 10 4 1 
6062|Survivor|2|Mutated: 967 605 137 45 21 10 4 1 
6116|Survivor|6|Mutated: 850 605 137 45 21 10 4 1 
6133|Child|43|Mutated: 952 695 137 45 21 10 4 1 
6138|Survivor|10|Mutated: 952 665 137 45 21 10 4 1 
6145|Child|42|Mutated: 952 605 137 49 21 10 4 1 
6165|Survivor|1: 952 631 137 45 21 10 4 1 
6176|Child|12|Mutated: 965 605 137 45 21 10 4 1 
6182|Child|7|Mutated: 977 605 137 45 21 10 4 1 
6184|Child|21|Mutated: 949 605 137 45 21 10 4 1 
6202|Child|25|Mutated: 952 700 137 45 21 10 4 1 
6231|Child|4|Mutated: 952 605 131 45 21 10 4 1 
6272|Child|14|Mutated: 952 622 137 45 21 10 4 1 
6306|Child|21|Mutated: 952 697 137 46 21 10 4 1 
6313|Child|50|Mutated: 930 605 137 45 21 10 4 1 
6333|Child|1|Mutated: 884 605 116 45 21 10 4 1 
6344|Child|42|Mutated: 952 627 137 45 21 10 4 1 
6381|Child|27|Mutated: 952 697 137 45 21 10 4 1 
6402|Child|39|Mutated: 953 605 137 45 21 10 4 1 
6470|Child|12|Mutated: 952 605 151 54 23 10 4 1 
6486|Child|16|Mutated: 952 609 137 45 21 10 4 1 
6513|Child|21: 952 618 128 45 21 10 4 1 
6521|Child|36: 952 601 137 45 21 10 4 1 
6526|Child|18|Mutated: 888 605 136 49 21 10 4 1 
6542|Child|39|Mutated: 952 614 137 45 21 10 4 1 
6545|Child|22|Mutated: 952 605 136 45 21 10 4 1 
6584|Child|8|Mutated: 954 605 137 45 21 10 4 1 
6604|Child|40|Mutated|Validated: 891 605 137 45 21 10 4 1 
6608|Child|42|Mutated: 955 605 137 45 21 10 4 1 
6609|Child|13|Mutated: 952 624 137 45 21 10 4 1 
6616|Random|11: 738 163 66 32 13 4 1 
6623|Child|28|Mutated: 952 715 137 45 21 10 4 1 
6630|Child|30|Mutated: 941 605 137 45 21 10 4 1 
6637|Child|11|Mutated: 952 716 137 45 21 10 4 1 
6647|Child|12|Mutated: 952 717 137 45 21 10 4 1 
6653|Child|2|Mutated: 952 581 137 45 21 10 4 1 
6682|Child|44|Mutated: 934 605 137 45 21 10 4 1 
6708|Child|32|Mutated: 927 605 137 45 21 10 4 1 
6719|Child|43|Mutated: 952 702 137 45 21 10 4 1 
6728|Child|2|Mutated: 952 605 124 45 21 10 4 1 
6729|Child|13|Mutated: 987 632 137 45 21 10 4 1 
6736|Child|36|Mutated: 946 561 137 45 21 10 4 1 
6739|Child|42|Mutated: 942 605 137 45 21 10 4 1 
6768|Survivor|10|Mutated: 952 560 127 45 21 10 4 1 
6848|Child|34|Mutated: 952 712 137 45 21 10 4 1 
6877|Survivor|10|Mutated: 952 605 125 49 21 10 4 1 
6933|Child|22: 909 605 137 45 21 10 4 1 
6942|Survivor|5|Mutated: 990 605 137 45 21 10 4 1 
6972|Child|35|Mutated: 952 605 142 45 21 10 4 1 
6978|Child|23|Mutated: 952 578 137 45 21 10 4 1 
6990|Child|50|Mutated: 917 605 137 45 21 10 4 1 
7011|Child|28|Mutated: 870 630 113 45 21 10 4 1 
7020|Child|19|Mutated: 952 710 137 45 21 10 4 1 
7033|Child|42|Mutated|Validated: 944 602 137 45 21 10 4 1 
7037|Child|10|Mutated: 983 605 137 45 21 10 4 1 
7063|Survivor|8|Mutated: 972 612 137 45 21 10 4 1 
7069|Survivor|8|Mutated: 952 607 137 45 21 10 4 1 
7071|Child|20: 972 605 137 45 21 10 4 1 
7155|Survivor|6|Mutated|Validated: 971 605 137 45 21 10 4 1 
7172|Child|14|Mutated: 952 647 137 45 21 10 4 1 
7192|Child|18|Mutated: 890 647 137 45 21 10 4 1 
7228|Random|38: 791 173 71 23 10 4 1 
7253|Child|39|Mutated: 985 647 137 45 21 10 4 1 
7264|Child|3|Mutated: 952 741 137 45 21 10 4 1 
7301|Child|15|Mutated: 952 647 149 45 21 10 4 1 
7332|Child|11|Mutated: 865 647 148 45 21 10 4 1 
7334|Child|30|Mutated: 952 666 137 45 21 10 4 1 
7339|Child|32|Mutated: 952 647 157 45 21 10 4 1 
7348|Survivor|8|Mutated: 952 647 154 45 21 10 4 1 
7349|Child|12|Mutated: 958 715 137 45 21 10 4 1 
7354|Child|23|Mutated: 952 635 137 45 21 10 4 1 
7395|Child|16|Mutated: 996 647 137 45 21 10 4 1 
7398|Child|13|Mutated: 902 647 137 45 21 10 4 1 
7405|Child|49|Mutated|Validated: 960 647 137 45 21 10 4 1 
7406|Child|14|Mutated: 953 647 137 45 21 10 4 1 
7407|Child|32: 952 647 116 45 21 10 4 1 
7411|Child|14|Mutated: 952 670 137 45 21 10 4 1 
7416|Child|3|Mutated: 952 647 137 51 23 10 4 1 
7436|Child|8|Mutated: 952 647 137 48 21 10 4 1 
7449|Child|23|Mutated: 964 647 137 45 21 10 4 1 
7456|Child|41|Mutated: 948 703 137 45 21 10 4 1 
7465|Survivor|2|Mutated: 952 670 158 45 21 10 4 1 
7497|Child|9|Mutated: 952 732 151 45 21 10 4 1 
7498|Child|1|Mutated: 952 580 137 45 21 10 4 1 
7503|Child|13|Mutated: 947 647 137 45 21 10 4 1 
