13|Survivor|1: 5449 2162 628 386 153 66 27 10 4 1 
16|Child_Avg|51: 5479 1793 671 309 155 66 27 10 4 1 
18|Child_Avg|39: 5416 1850 644 328 153 66 27 10 4 1 
28|Child_ABC2|17: 4680 1221 533 278 142 62 27 10 4 1 
37|Child_ABC1|40: 4731 1287 541 277 130 62 27 10 4 1 
38|Child_ABC2|5: 5064 1278 542 282 127 62 27 10 4 1 
39|Child_ABC2|29: 4653 1283 547 272 137 62 27 10 4 1 
40|Child_ABC1|16: 4907 1316 566 289 120 62 27 10 4 1 
45|Child_ABC2|29: 4854 1316 566 289 120 62 27 10 4 1 
46|Child_ABC2|17: 4842 1321 558 292 121 62 27 10 4 1 
47|Child_ABC1|28: 4841 1314 565 287 118 62 27 10 4 1 
50|Survivor|1|Mutated: 4841 1314 656 287 118 62 27 10 4 1 
51|Child_ABC1|4: 4856 1314 582 289 118 62 27 10 4 1 
73|Child_Cross21|38|Mutated: 4976 1314 656 287 118 62 27 10 4 1 
74|Child_Avg|15: 4908 1314 656 287 118 62 27 10 4 1 
116|Child_Cross12|1|Mutated: 4841 1447 656 287 118 62 27 10 4 1 
160|Child_ABC2|17|Mutated: 4674 1314 656 287 118 62 27 10 4 1 
161|Child_Avg|51: 4757 1314 656 287 118 62 27 10 4 1 
163|Child_ABC2|41: 4713 1314 656 287 118 62 27 10 4 1 
165|Child_Cross21|38: 4761 1314 656 287 118 62 27 10 4 1 
166|Child_ABC2|5: 4727 1314 656 287 118 62 27 10 4 1 
167|Child_ABC1|16: 4828 1314 656 287 118 62 27 10 4 1 
168|Child_Avg|3: 4794 1314 656 287 118 62 27 10 4 1 
172|Child_ABC1|28: 4742 1314 656 287 118 62 27 10 4 1 
173|Child_Cross21|50: 4744 1314 656 287 118 62 27 10 4 1 
181|Child_Cross21|38: 4742 1401 656 287 118 62 27 10 4 1 
562|Child_Cross21|26|Mutated: 5452 1479 656 287 118 62 27 10 4 1 
571|Child_ABC2|53|Mutated: 5114 1437 656 287 118 62 27 10 4 1 
572|Child_ABC2|53: 4923 1519 656 287 118 62 27 10 4 1 
578|Child_Cross12|13: 4922 1535 656 287 118 62 27 10 4 1 
579|Child_Cross21|14: 4923 1514 656 287 118 62 27 10 4 1 
627|Child_Cross21|2|Mutated: 4865 1519 656 287 118 62 27 10 4 1 
679|Child_Avg|3|Mutated: 4978 1519 656 287 118 62 27 10 4 1 
680|Child_ABC1|4: 5019 1519 656 287 118 62 27 10 4 1 
681|Child_Avg|3: 4936 1519 656 287 118 62 27 10 4 1 
685|Child_Cross21|50: 4934 1519 656 287 118 62 27 10 4 1 
686|Child_Cross21|2: 4938 1519 656 287 118 62 27 10 4 1 
688|Child_Avg|51: 4930 1519 656 287 118 62 27 10 4 1 
689|Child_ABC1|4: 4937 1519 656 287 118 62 27 10 4 1 
721|Child_Cross12|49|Mutated: 4936 1519 656 287 118 62 24 9 4 1 
841|Child_Cross21|26|Mutated: 4936 1519 656 287 132 62 24 9 4 1 
925|Survivor|1|Mutated: 4936 1704 656 287 118 62 24 9 4 1 
1179|Child_Cross12|13|Mutated: 4915 1519 656 287 118 62 24 9 4 1 
1180|Child_Avg|27: 4925 1519 656 287 118 62 24 9 4 1 
1181|Child_Cross21|38: 4927 1519 656 287 118 62 24 9 4 1 
1196|Child_Cross21|50|Mutated: 5145 1519 656 287 118 62 24 9 4 1 
1636|Child_Avg|15|Mutated: 4936 1473 656 287 118 62 24 9 4 1 
1738|Child_Cross12|37|Mutated: 4936 1488 656 287 118 62 24 9 4 1 
1781|Child_Cross12|1|Mutated: 4814 1519 656 287 141 62 24 9 4 1 
1783|Child_ABC2|29: 4993 1519 656 287 132 62 24 9 4 1 
1927|Child_Cross12|25|Mutated: 4919 1519 656 287 118 62 24 9 4 1 
2558|Survivor|1|Mutated: 4936 1519 656 315 132 62 24 9 4 1 
2620|Child_Avg|27|Mutated: 5036 1519 656 287 118 62 24 9 4 1 
2842|Child_Cross12|49|Mutated: 4936 1534 656 287 118 62 24 9 4 1 
2858|Child_Avg|27|Mutated: 4936 1519 645 287 118 62 24 9 4 1 
2947|Child_ABC2|53|Mutated: 4936 1519 656 291 118 62 24 9 4 1 
4152|Child_Cross21|50|Mutated: 5060 1519 656 287 118 62 24 9 4 1 
4153|Child_ABC1|40: 5039 1519 656 287 118 62 24 9 4 1 
4154|Child_ABC2|17: 5032 1519 656 287 118 62 24 9 4 1 
4156|Child_ABC1|16: 5025 1519 656 287 118 62 24 9 4 1 
4210|Child_ABC2|29|Mutated: 4936 1514 656 287 118 62 24 9 4 1 
4426|Child_Cross12|37|Mutated: 5061 1519 656 287 118 62 24 9 4 1 
4429|Child_Avg|39: 4951 1519 656 287 118 62 24 9 4 1 
4431|Child_Cross12|49|Mutated: 4989 1519 656 287 118 62 24 9 4 1 
4699|Child_Avg|15|Mutated: 4732 1519 656 287 118 62 24 9 4 1 
4700|Child_ABC2|29|Mutated: 5083 1519 656 287 118 62 24 9 4 1 
4701|Child_Cross21|14: 4834 1519 656 287 118 62 24 9 4 1 
4750|Child_Cross21|50|Mutated: 5334 1519 656 287 118 62 24 9 4 1 
4796|Child_Avg|39|Mutated: 4789 1519 656 287 118 62 24 9 4 1 
4893|Child_Avg|15|Mutated: 4999 1519 656 287 118 62 24 9 4 1 
