554|Survivor|1|Mutated: 1016 281 111 61 23 10 4 1 
866|Child_Levy|16: 911 297 124 47 23 10 4 1 
910|Survivor|1: 922 359 136 54 24 11 4 1 
979|Survivor|1: 1020 385 142 56 21 10 4 1 
989|Survivor|1: 739 272 103 49 21 10 4 1 
1155|Survivor|1: 960 352 111 59 24 9 4 1 
1158|Survivor|1: 1055 352 123 59 24 9 4 1 
1159|Survivor|1|Mutated: 1055 306 123 59 24 9 4 1 
1220|Child_Cross|2: 707 273 105 54 25 9 4 1 
1479|Child_Avg|55: 715 276 110 49 24 9 4 1 
1845|Survivor|1: 782 284 122 45 23 10 4 1 
1987|Child_Levy|60|Mutated: 983 279 105 44 24 9 4 1 
2022|Survivor|1: 907 373 133 56 27 10 4 1 
2024|Survivor|1|Mutated: 918 373 133 56 27 10 4 1 
2111|Survivor|1: 950 361 164 63 28 13 4 1 
2231|Child_Levy|24: 1003 278 125 58 23 10 4 1 
2312|Child_Cross|2: 978 293 117 49 24 9 4 1 
2317|Child_Avg|43: 1042 372 138 57 29 9 4 1 
2486|Survivor|1: 817 265 110 52 24 9 4 1 
3128|Child_Cross|49: 927 299 130 56 24 9 4 1 
3174|Child_Avg|47: 1072 296 124 49 28 11 4 1 
3371|Survivor|1: 721 275 108 43 20 9 4 1 
3670|Survivor|1: 924 281 118 43 20 9 4 1 
4160|Survivor|1: 924 244 117 46 24 9 4 1 
4187|Survivor|1: 594 270 115 52 24 9 4 1 
4440|Survivor|1: 1078 333 135 47 23 10 4 1 
4588|Survivor|1|Mutated: 747 270 123 53 19 10 4 1 
4639|Survivor|1: 901 262 122 59 29 9 4 1 
4652|Child_Avg|23: 1465 405 150 52 24 9 4 1 
4670|Survivor|1: 956 342 130 64 29 10 4 1 
4802|Survivor|1: 812 299 132 54 23 10 4 1 
4937|Survivor|1: 1045 277 113 52 25 10 4 1 
4951|Survivor|1|Mutated: 1045 309 113 52 25 10 4 1 
5531|Survivor|1|Mutated: 1787 527 205 71 28 11 4 1 
6016|Survivor|1: 718 227 112 55 21 10 4 1 
6101|Survivor|1: 690 307 133 53 25 9 4 1 
6431|Survivor|1: 720 237 94 44 23 10 4 1 
6490|Survivor|1: 985 301 141 55 23 10 4 1 
6621|Child_Levy|44: 965 315 112 47 23 10 4 1 
6628|Child_Avg|23: 954 304 113 47 23 10 4 1 
7218|Survivor|1: 1479 404 111 61 23 10 4 1 
7222|Child_Avg|55: 1091 333 122 54 23 10 4 1 
7413|Survivor|1: 760 222 105 44 19 10 4 1 
7693|Child_Levy|16|Mutated: 1078 287 114 61 24 9 4 1 
7697|Survivor|1: 932 267 103 50 24 9 4 1 
7776|Survivor|1: 877 266 126 45 21 10 4 1 
7853|Survivor|1: 1116 351 169 67 30 11 5 1 
8028|Survivor|1: 704 263 102 49 24 9 4 1 
8208|Child_Cross|25: 673 254 109 47 25 9 4 1 
8822|Child_Avg|67|Mutated: 711 258 108 53 24 9 4 1 
8913|Survivor|1: 877 308 113 56 21 10 4 1 
8917|Survivor|1: 755 241 114 49 21 10 4 1 
9098|Child_Cross|25: 973 354 120 52 25 10 4 1 
9185|Child_Levy|32: 1025 327 129 61 29 9 4 1 
9397|Survivor|1: 699 270 119 50 24 9 4 1 
9491|Survivor|1: 676 221 114 46 20 9 4 1 
9549|Survivor|1: 784 333 158 52 24 9 4 1 
9658|Survivor|1: 936 327 119 49 27 10 4 1 
9957|Child_Avg|3: 683 257 118 53 27 10 4 1 
9988|Child_Avg|7: 732 313 140 55 24 9 4 1 
10007|Child_Levy|48: 951 255 119 46 20 9 4 1 
10087|Child_Cross|2: 2082 664 260 87 51 19 10 4 1 
10239|Child_Cross|33: 944 319 123 52 24 9 4 1 
10269|Survivor|1|Mutated: 1106 319 153 50 24 9 4 1 
10374|Survivor|1: 715 235 89 55 24 9 4 1 
10934|Survivor|1: 1686 368 164 73 27 14 4 1 
11002|Child_Cross|33: 898 278 117 59 27 10 4 1 
11120|Child_Avg|55: 915 263 123 59 24 9 4 1 
11132|Survivor|1|Mutated: 712 272 109 48 20 9 4 1 
11156|Survivor|1: 780 272 109 48 20 9 4 1 
11260|Survivor|1: 963 290 114 53 25 9 4 1 
11549|Survivor|1: 1000 333 130 45 21 10 4 1 
11674|Child_Cross|25: 785 274 95 46 24 9 4 1 
11831|Child_Avg|59: 709 292 101 49 24 9 4 1 
12137|Survivor|1: 1002 292 150 64 29 9 4 1 
12177|Survivor|1|Mutated: 713 271 102 47 24 9 4 1 
12211|Survivor|1|Mutated: 618 271 102 47 24 9 4 1 
12545|Child_Cross|54: 1569 431 129 51 23 10 4 1 
12689|Child_Cross|54: 675 213 125 56 21 10 4 1 
12783|Survivor|1: 725 249 109 43 24 9 4 1 
12899|Survivor|1: 1727 503 141 68 32 13 4 1 
13044|Child_Avg|23: 975 308 128 55 24 9 4 1 
13295|Child_Levy|16: 697 239 106 46 21 10 4 1 
13375|Child_Avg|27: 709 278 101 43 20 9 4 1 
13445|Child_Levy|52: 735 279 123 50 24 9 4 1 
13696|Survivor|1: 855 266 117 49 21 10 4 1 
13710|Child_Levy|40: 1091 248 115 48 21 10 4 1 
13759|Survivor|1: 772 328 114 55 27 10 4 1 
14164|Child_Cross|50|Mutated: 889 280 109 44 19 10 4 1 
14246|Child_Levy|52: 779 251 102 44 24 9 4 1 
14318|Child_Levy|32: 1093 329 163 59 27 10 4 1 
14374|Survivor|1: 779 301 130 54 23 10 4 1 
14774|Survivor|1: 681 250 102 41 24 9 4 1 
14856|Survivor|1: 822 244 108 43 24 9 4 1 
14950|Child_Avg|39: 949 345 147 55 27 10 4 1 
15087|Survivor|1: 2232 447 170 73 27 10 4 1 
15146|Survivor|1: 1963 558 174 65 28 11 4 1 
15188|Survivor|1: 1418 399 134 58 23 10 4 1 
15296|Child_Cross|49: 729 300 104 45 21 10 4 1 
15412|Survivor|1: 1077 290 123 53 24 9 4 1 
15415|Survivor|1: 728 235 125 52 24 9 4 1 
15603|Survivor|1: 1134 365 126 62 24 9 4 1 
15980|Survivor|1: 643 270 111 47 25 9 4 1 
16091|Child_Cross|46: 1048 307 140 49 24 9 4 1 
16123|Survivor|1: 1048 307 116 49 24 9 4 1 
16212|Survivor|1: 1767 384 151 63 28 9 4 1 
16514|Child_Cross|9: 790 244 111 46 21 10 4 1 
16598|Child_Avg|7: 1077 291 122 58 24 11 4 1 
16745|Survivor|1: 904 308 133 58 23 10 4 1 
16837|Child_Cross|22: 935 283 136 47 24 9 4 1 
16845|Child_Cross|10: 935 283 136 47 23 10 4 1 
16918|Child_Avg|35: 770 257 113 43 20 9 4 1 
16990|Child_Cross|25|Mutated: 977 291 121 53 28 9 4 1 
17174|Survivor|1: 1049 316 150 61 29 9 4 1 
17297|Survivor|1: 1008 349 143 64 29 9 4 1 
17472|Survivor|1: 772 322 138 55 20 9 4 1 
17477|Survivor|1: 897 322 138 55 20 9 4 1 
17851|Child_Avg|59|Mutated: 876 248 107 54 23 10 4 1 
18070|Survivor|1: 966 283 111 48 29 9 4 1 
18090|Survivor|1: 1402 423 132 58 24 9 4 1 
18286|Survivor|1: 790 276 112 55 23 10 4 1 
18457|Child_Cross|50: 788 310 122 57 23 10 4 1 
18626|Survivor|1: 814 344 128 47 24 9 4 1 
18644|Survivor|1: 814 344 128 47 23 10 4 1 
18738|Child_Levy|48: 804 285 108 47 21 10 4 1 
19051|Child_Levy|32: 899 298 129 53 24 9 4 1 
19060|Survivor|1|Mutated: 899 350 129 52 24 9 4 1 
19089|Child_Cross|21: 790 289 128 46 24 9 4 1 
19171|Survivor|1: 1002 279 141 65 25 9 4 1 
19271|Survivor|1: 702 259 112 52 19 10 4 1 
19542|Survivor|1: 793 293 110 47 24 9 4 1 
19685|Survivor|1: 969 385 129 58 25 9 4 1 
19852|Survivor|1: 1036 266 105 43 20 9 4 1 
20063|Survivor|1: 728 270 125 60 27 10 4 1 
20603|Survivor|1: 976 285 158 49 24 9 4 1 
20604|Child_Avg|19: 1040 307 118 50 24 9 4 1 
20644|Child_Avg|7: 688 325 114 53 24 9 4 1 
20659|Child_Levy|4: 683 280 113 46 24 9 4 1 
20739|Child_Avg|31: 684 271 132 58 24 9 4 1 
20902|Survivor|1|Mutated: 1729 415 169 63 25 14 4 1 
20905|Survivor|1|Mutated: 1729 435 169 63 25 14 4 1 
22072|Survivor|1: 855 241 101 51 23 10 4 1 
22359|Child_Cross|34: 969 287 112 47 23 10 4 1 
22654|Child_Cross|22: 1041 296 122 59 27 10 4 1 
22893|Child_Cross|22: 783 257 106 44 24 9 4 1 
23071|Survivor|1: 894 271 102 47 21 10 4 1 
23214|Survivor|1: 776 294 118 45 23 10 4 1 
23359|Survivor|1: 916 279 111 47 24 9 4 1 
23513|Child_Levy|28: 1022 281 126 45 21 10 4 1 
23561|Survivor|1: 897 281 118 53 24 9 4 1 
24364|Survivor|1: 747 310 105 49 24 9 4 1 
24495|Survivor|1: 1794 434 131 52 20 9 4 1 
24805|Child_Cross|42: 757 307 124 51 19 10 4 1 
