8|Survivor|1: 406 82 27 10 4 1 
10|Child_Cross|41: 188 56 21 10 4 1 
13|Survivor|1: 213 49 24 9 4 1 
18|Child_Cross|18: 206 59 21 10 4 1 
22|Survivor|1: 182 51 19 10 4 1 
29|Child_Levy|28: 221 55 24 9 4 1 
32|Survivor|1: 191 56 21 10 4 1 
36|Child_Cross|61: 155 51 19 10 4 1 
43|Child_Cross|9: 139 45 19 10 4 1 
48|Child_Levy|28: 188 51 19 10 4 1 
62|Survivor|1: 301 70 27 10 4 1 
63|Child_Avg|63: 319 72 27 10 4 1 
73|Survivor|1: 214 50 24 9 4 1 
77|Survivor|1: 153 46 20 9 4 1 
85|Child_Avg|51: 146 50 19 10 4 1 
87|Child_Levy|68: 145 51 19 10 4 1 
105|Survivor|1: 137 48 20 9 4 1 
116|Survivor|1: 203 53 19 10 4 1 
125|Survivor|1: 141 43 17 10 4 1 
132|Child_Cross|29: 144 59 20 9 4 1 
136|Child_Levy|64|Mutated: 202 58 24 9 4 1 
158|Survivor|1: 207 68 21 10 4 1 
198|Child_Cross|18: 150 63 19 10 4 1 
216|Child_Avg|23: 148 51 19 10 4 1 
224|Survivor|1: 176 51 19 10 4 1 
227|Child_Avg|27: 190 61 29 9 4 1 
234|Survivor|1: 228 71 23 10 4 1 
236|Child_Cross|50: 217 58 23 10 4 1 
241|Survivor|1: 192 53 19 10 4 1 
245|Survivor|1: 157 53 19 10 4 1 
256|Survivor|1: 142 46 20 9 4 1 
280|Child_Levy|52: 213 58 24 9 4 1 
340|Survivor|1: 213 52 24 9 4 1 
377|Random|14: 296 67 21 10 4 1 
394|Survivor|1: 220 59 21 10 4 1 
406|Survivor|1: 227 59 21 10 4 1 
437|Survivor|1: 242 65 24 9 4 1 
519|Child_Avg|35: 275 68 24 9 4 1 
616|Random|18: 321 74 23 10 4 1 
812|Survivor|1: 377 85 32 13 4 1 
861|Random|31: 195 69 21 10 4 1 
928|Random|21: 212 58 23 10 3 1 
1034|Random|8: 218 62 24 11 4 1 
1040|Survivor|1: 175 51 19 10 4 1 
1070|Survivor|1: 457 377 79 32 13 4 1 
1091|Random|21: 431 181 53 19 10 4 1 
1174|Survivor|1: 362 78 24 11 4 1 
1265|Survivor|1: 318 74 29 10 4 1 
1300|Survivor|1: 136 49 17 10 4 1 
1318|Random|10: 368 99 27 14 4 1 
1328|Random|25: 332 79 32 13 4 1 
1422|Survivor|1: 241 68 24 9 4 1 
1439|Random|25: 364 85 27 14 4 1 
1611|Survivor|1: 436 97 33 14 4 1 
1630|Survivor|1: 235 56 25 9 4 1 
1647|Survivor|1|Mutated: 386 99 27 10 4 1 
1682|Survivor|1: 349 78 24 11 4 1 
1846|Child_Cross|49: 139 43 15 9 4 1 
1881|Survivor|1: 348 91 23 10 4 1 
1925|Survivor|1: 261 67 24 9 4 1 
1996|Survivor|1: 366 85 24 9 4 1 
2122|Survivor|1: 378 77 23 10 4 1 
2256|Survivor|1: 334 79 28 13 4 1 
2268|Survivor|1: 293 79 24 9 4 1 
2271|Survivor|1: 394 86 29 9 4 1 
2285|Random|20: 382 80 28 9 4 1 
2301|Survivor|1: 337 70 24 9 4 1 
2336|Survivor|1|Mutated: 337 74 24 9 4 1 
2364|Random|14: 340 81 23 10 4 1 
2479|Survivor|1: 305 84 23 10 4 1 
2557|Survivor|1: 337 78 31 10 4 1 
2613|Random|6: 319 80 24 11 4 1 
2627|Survivor|1|Mutated: 319 80 24 11 5 1 
2760|Survivor|1: 158 54 19 10 4 1 
2796|Survivor|1: 235 67 21 10 4 1 
2834|Random|22: 220 77 24 9 4 1 
2986|Random|9: 403 90 29 14 4 1 
3053|Random|24: 437 99 27 10 4 1 
3106|Child_Avg|3|Mutated: 314 65 24 9 4 1 
3114|Survivor|1: 325 66 29 9 4 1 
3488|Survivor|1: 387 88 31 14 4 1 
3505|Survivor|1: 283 81 23 10 4 1 
3930|Random|31: 384 97 28 11 4 1 
4051|Random|9: 477 285 62 24 9 4 1 
4273|Child_Avg|27: 143 49 21 10 4 1 
4532|Survivor|1: 298 61 29 9 4 1 
4639|Random|31: 368 93 27 10 4 1 
4846|Survivor|1: 335 75 27 10 4 1 
4907|Survivor|1: 377 88 31 14 4 1 
5015|Survivor|1: 279 65 24 9 4 1 
5067|Random|19: 444 92 29 10 4 1 
5112|Survivor|1: 153 64 29 9 4 1 
5121|Survivor|1: 142 48 20 9 4 1 
5129|Survivor|1: 367 79 33 9 4 1 
5280|Survivor|1: 336 90 28 13 4 1 
5371|Child_Avg|27: 216 52 19 10 4 1 
5682|Survivor|1: 292 82 27 10 4 1 
5702|Survivor|1: 361 80 31 14 4 1 
5748|Random|7: 285 60 23 10 4 1 
5828|Random|5: 333 72 27 14 4 1 
5983|Survivor|1: 349 106 27 10 4 1 
5995|Survivor|1: 386 83 29 14 4 1 
6013|Survivor|1: 275 71 23 10 4 1 
6124|Random|17: 337 80 27 10 4 1 
6143|Survivor|1: 337 80 29 10 4 1 
6166|Survivor|1: 290 60 21 10 4 1 
6406|Random|26: 209 58 21 10 4 1 
6551|Survivor|1: 198 73 24 9 4 1 
6601|Survivor|1: 173 73 24 9 4 1 
6603|Random|19: 362 88 28 11 4 1 
6614|Survivor|1: 315 88 28 11 4 1 
6617|Survivor|1: 199 71 23 10 4 1 
6701|Survivor|1: 379 100 29 10 4 1 
6724|Random|25: 328 79 27 10 4 1 
6771|Survivor|1: 207 76 27 10 4 1 
6913|Random|6: 205 59 21 10 4 1 
6925|Survivor|1: 191 49 21 10 4 1 
6940|Survivor|1: 166 49 21 10 4 1 
7027|Child_Avg|23: 312 74 24 9 4 1 
7036|Survivor|1: 338 83 27 10 4 1 
7188|Random|30: 325 77 21 10 4 1 
7197|Survivor|1: 325 66 21 10 4 1 
7238|Random|11: 385 94 31 14 4 1 
7259|Random|8: 356 76 31 11 4 1 
7345|Survivor|1: 298 76 21 10 4 1 
7351|Survivor|1: 345 74 29 10 3 1 
7429|Survivor|1: 211 81 28 11 4 1 
7514|Survivor|1: 330 77 21 10 4 1 
7526|Survivor|1: 323 69 21 10 4 1 
7716|Random|18: 302 69 27 10 4 1 
7750|Survivor|1|Mutated: 299 69 27 10 4 1 
7942|Survivor|1: 350 77 24 11 4 1 
8031|Survivor|1: 349 71 24 9 4 1 
8036|Survivor|1: 349 80 24 9 4 1 
8045|Survivor|1: 430 88 32 13 4 1 
8228|Child_Avg|39: 189 59 24 9 4 1 
8259|Random|23: 211 61 29 10 4 1 
8374|Random|24: 454 320 71 24 9 4 1 
8384|Survivor|1|Mutated: 454 374 71 24 9 4 1 
8393|Survivor|1: 358 82 29 14 4 1 
8618|Survivor|1: 139 43 17 10 4 1 
8680|Survivor|1: 183 59 20 9 4 1 
8716|Survivor|1: 230 62 19 10 4 1 
8765|Survivor|1: 137 42 17 10 4 1 
8861|Survivor|1: 211 62 19 10 4 1 
8915|Survivor|1: 148 43 17 10 4 1 
9313|Random|16: 206 56 24 9 4 1 
9402|Survivor|1: 211 68 23 10 4 1 
9503|Random|8: 454 255 80 21 10 4 1 
9601|Survivor|1|Mutated: 202 53 17 10 4 1 
9607|Survivor|1: 462 168 55 21 10 4 1 
9677|Survivor|1: 249 58 24 9 4 1 
9801|Survivor|1: 429 98 25 14 4 1 
9819|Survivor|1|Mutated: 328 68 21 10 4 1 
9952|Random|7: 300 67 23 10 4 1 
9982|Child_Cross|41|Mutated: 141 43 15 9 4 1 
9991|Child_Avg|51: 146 60 19 10 4 1 
10446|Survivor|1: 377 77 21 10 4 1 
10485|Random|5: 410 111 29 14 4 1 
10604|Survivor|1: 216 67 24 9 4 1 
10667|Random|16: 416 96 27 10 4 1 
10724|Survivor|1: 312 86 24 11 4 1 
10754|Random|22: 208 77 24 11 4 1 
10761|Random|21: 367 79 31 10 4 1 
10769|Survivor|1: 289 61 24 9 4 1 
10780|Survivor|1: 207 57 20 9 4 1 
10849|Random|3: 310 87 23 10 4 1 
10981|Survivor|1: 148 48 21 10 4 1 
10995|Survivor|1: 370 98 27 14 4 1 
11025|Survivor|1: 362 76 24 9 4 1 
11030|Random|31: 344 77 30 9 4 1 
11226|Survivor|1: 316 89 27 10 4 1 
11284|Random|24: 333 81 32 13 4 1 
11395|Survivor|1: 362 99 31 10 4 1 
11399|Survivor|1: 360 76 28 13 4 1 
11456|Child_Avg|59|Mutated: 139 50 17 10 4 1 
11516|Survivor|1: 189 66 21 10 4 1 
11705|Survivor|1: 281 67 21 10 4 1 
11775|Survivor|1: 163 52 20 9 4 1 
11914|Survivor|1: 229 59 21 10 4 1 
11975|Random|20: 347 78 29 14 4 1 
12010|Survivor|1: 149 43 15 9 4 1 
12015|Survivor|1|Mutated: 450 309 62 29 9 4 1 
12052|Survivor|1: 165 56 21 10 4 1 
12094|Survivor|1: 474 294 75 29 10 4 1 
12111|Survivor|1: 209 54 19 10 4 1 
12442|Survivor|1: 329 68 20 9 4 1 
12479|Survivor|1: 355 77 29 9 4 1 
12650|Survivor|1: 217 81 23 10 4 1 
12747|Random|10: 400 84 29 10 4 1 
12896|Survivor|1: 230 62 24 11 4 1 
12951|Child_Avg|47: 222 52 20 9 4 1 
12993|Random|12: 494 209 62 28 9 4 1 
12998|Survivor|1: 155 53 27 10 4 1 
13008|Survivor|1: 210 53 24 9 4 1 
13032|Survivor|1: 275 61 24 9 4 1 
13231|Survivor|1: 236 62 27 10 4 1 
13574|Random|19: 372 89 31 14 4 1 
13614|Survivor|1: 232 71 24 9 4 1 
13701|Random|3: 351 79 30 9 4 1 
13797|Survivor|1: 365 85 24 9 4 1 
14044|Survivor|1: 455 367 77 27 14 4 1 
14120|Survivor|1: 371 75 23 14 4 1 
14148|Random|8: 386 86 36 13 4 1 
14250|Survivor|1: 209 77 29 9 4 1 
14267|Survivor|1: 286 67 21 10 4 1 
14442|Random|24: 356 78 24 11 4 1 
14493|Survivor|1: 226 54 23 10 4 1 
14557|Survivor|1: 441 94 36 13 4 1 
14707|Random|1: 349 84 23 10 4 1 
14986|Survivor|1: 199 72 29 10 4 1 
15084|Survivor|1: 179 52 20 9 4 1 
15329|Survivor|1: 241 74 23 10 4 1 
15354|Survivor|1: 144 46 17 10 4 1 
15401|Random|10: 200 47 24 9 4 1 
15449|Survivor|1: 141 49 17 10 4 1 
15669|Child_Levy|40|Mutated: 149 44 19 10 4 1 
15738|Random|3: 343 73 24 9 4 1 
15773|Child_Avg|51: 188 52 19 10 4 1 
15786|Survivor|1: 336 91 27 13 5 1 
16121|Random|31: 363 90 23 10 4 1 
16248|Survivor|1: 139 49 17 10 4 1 
16402|Random|28: 317 80 23 10 4 1 
16559|Survivor|1: 445 92 27 10 4 1 
16635|Random|7: 381 86 27 14 4 1 
16711|Survivor|1: 138 42 17 10 4 1 
16831|Random|5: 373 80 21 10 4 1 
16934|Survivor|1: 140 42 17 10 4 1 
16981|Survivor|1: 433 91 31 14 4 1 
17307|Survivor|1: 427 92 28 13 4 1 
17362|Survivor|1: 422 90 25 14 4 1 
17398|Child_Cross|46: 145 43 15 9 4 1 
17411|Survivor|1: 295 64 24 11 4 1 
17567|Random|22: 481 326 68 29 9 4 1 
17615|Survivor|1: 435 141 43 17 10 4 1 
17653|Survivor|1: 149 41 19 10 4 1 
17662|Survivor|1: 420 90 21 10 4 1 
17719|Survivor|1: 459 136 44 29 9 4 1 
17727|Survivor|1|Mutated: 341 99 27 14 4 1 
17733|Survivor|1: 319 87 27 14 4 1 
17756|Survivor|1: 163 73 24 9 4 1 
17800|Survivor|1: 356 73 29 9 4 1 
17839|Survivor|1: 356 88 29 9 4 1 
17855|Survivor|1: 352 83 24 9 4 1 
17872|Survivor|1: 352 86 24 9 4 1 
17938|Survivor|1: 429 98 29 14 4 1 
18016|Survivor|1: 432 210 55 24 9 4 1 
18022|Survivor|1: 460 210 55 24 9 4 1 
18144|Survivor|1: 145 50 17 10 4 1 
18149|Survivor|1: 329 104 32 13 4 1 
18194|Survivor|1: 392 86 31 10 4 1 
18571|Survivor|1: 302 67 24 11 4 1 
18585|Survivor|1: 146 42 17 10 4 1 
18594|Random|14: 462 94 32 13 4 1 
18608|Random|30: 180 68 21 10 4 1 
18678|Child_Avg|15: 183 52 19 10 4 1 
18681|Survivor|1: 202 57 21 10 4 1 
18811|Survivor|1: 225 69 21 10 4 1 
18958|Random|5: 231 71 29 10 4 1 
18985|Survivor|1: 352 79 24 9 4 1 
18997|Random|19: 352 80 23 13 4 1 
19013|Random|5: 145 62 27 10 4 1 
19151|Survivor|1: 372 94 36 13 4 1 
19182|Survivor|1: 240 61 24 9 4 1 
19209|Random|2: 340 80 31 14 4 1 
19224|Survivor|1: 297 73 24 9 4 1 
19328|Survivor|1: 331 106 27 10 4 1 
19361|Survivor|1: 147 43 15 9 4 1 
19467|Survivor|1: 187 49 21 10 4 1 
19528|Random|30: 357 92 29 14 4 1 
19542|Child_Avg|59: 208 55 24 9 4 1 
19634|Random|21: 307 84 23 10 4 1 
19855|Child_Cross|22|Mutated: 145 43 17 10 4 1 
19913|Survivor|1: 362 90 29 10 4 1 
20025|Survivor|1: 351 103 27 10 4 1 
20099|Survivor|1: 181 70 24 9 4 1 
20232|Survivor|1: 304 71 23 14 4 1 
20246|Survivor|1: 354 72 29 10 4 1 
20337|Survivor|1: 350 99 32 13 4 1 
20418|Survivor|1: 192 58 21 10 4 1 
20551|Survivor|1: 288 83 27 10 4 1 
20596|Survivor|1: 369 82 24 11 4 1 
20612|Survivor|1|Mutated: 345 82 24 11 5 1 
20633|Survivor|1: 438 100 29 10 4 1 
20740|Random|12: 391 100 32 13 4 1 
20753|Survivor|1: 490 184 67 24 9 4 1 
20756|Survivor|1: 364 80 29 10 4 1 
20820|Survivor|1: 388 84 23 14 4 1 
20871|Random|7: 406 82 29 14 4 1 
20920|Random|30: 368 102 35 11 4 1 
20950|Random|8: 298 64 23 10 4 1 
21040|Survivor|1|Mutated: 120 51 19 10 4 1 
21181|Survivor|1: 344 79 25 14 4 1 
21185|Survivor|1: 369 81 21 10 4 1 
21213|Survivor|1: 297 76 24 9 4 1 
21235|Survivor|1: 139 48 21 10 4 1 
21247|Random|9: 498 182 61 29 9 4 1 
21391|Survivor|1: 377 79 31 11 4 1 
21408|Child_Avg|15: 227 66 21 10 4 1 
