155|Child|2: 4425 1632 572 253 106 46 22 9 4 1 
178|Child|4: 12007 2949 1107 473 285 123 40 24 9 4 1 
482|Child|1: 5856 2383 748 347 120 57 29 9 4 1 
598|Child|2: 14490 4328 1114 574 233 121 52 19 10 4 1 
599|Child|2: 13847 10232 2442 1032 565 215 121 52 19 10 4 1 
894|Child|1: 10936 2912 1032 721 255 114 61 20 9 4 1 
1649|Child|2: 10404 2643 987 378 158 76 25 14 4 1 
1876|Child|2: 5934 1975 788 416 134 80 23 10 4 1 
1959|Child|2: 5312 1511 610 327 149 68 25 10 4 1 
2291|Child|6: 6147 1938 718 409 132 67 31 10 4 1 
2359|Child|1: 13787 2765 1068 479 193 122 59 20 9 4 1 
2369|Child|18: 14301 3688 1127 647 207 139 52 20 9 4 1 
2370|Child|2: 13787 2765 1068 479 193 139 52 20 9 4 1 
2371|Child|2: 4900 1421 793 295 122 52 20 9 4 1 
2376|Child|2: 13787 2765 1068 479 193 122 52 20 9 4 1 
2393|Child|5: 12559 3126 1531 601 234 97 51 19 10 4 1 
2598|Child|2: 12943 3402 1186 492 253 133 71 19 10 4 1 
2905|Child|3: 13171 3033 912 598 253 139 49 21 10 4 1 
2906|Child|2: 4523 1245 697 288 129 49 21 10 4 1 
3252|Child|5: 6037 1611 908 342 149 52 19 10 4 1 
3255|Child|1: 4627 1360 515 222 102 50 23 8 3 1 
3343|Child|6: 11045 3281 974 568 243 141 46 24 9 4 1 
3366|Child|1: 10365 2200 811 260 108 59 24 9 4 1 
3636|Child|2: 5999 1690 691 265 146 64 25 10 4 1 
4179|Child|1: 4648 1490 570 276 121 67 25 9 4 1 
4207|Child|2: 9949 2314 928 344 140 79 24 9 4 1 
