95|Child_Cross|6: 2054 668 307 132 72 32 13 4 1 
115|Child_Avg|23: 2206 775 333 136 71 30 13 5 1 
121|Child_Levy|48|Mutated: 2561 947 405 145 86 33 12 5 1 
185|Child_Cross|54: 2820 729 297 134 72 32 13 5 1 
288|Child_Cross|46: 6642 1437 572 206 85 47 13 5 1 
336|Child_Cross|50: 2241 833 322 141 59 30 14 5 1 
347|Survivor|1: 1657 674 268 131 63 30 14 5 1 
363|Survivor|1: 1795 674 268 131 63 30 14 5 1 
379|Child_Avg|43: 3034 950 438 153 81 32 13 4 1 
380|Child_Levy|64: 2104 679 305 121 71 31 14 5 1 
397|Survivor|1: 2076 610 331 127 65 32 13 4 1 
406|Child_Levy|64: 2457 733 430 135 75 26 14 5 1 
431|Survivor|1: 1887 733 304 119 74 28 12 5 1 
432|Survivor|1|Mutated: 1793 733 304 119 74 28 12 5 1 
456|Survivor|1: 1771 618 287 115 74 28 12 5 1 
494|Child_Avg|35|Mutated: 2210 714 319 139 89 31 14 4 1 
515|Survivor|1: 1798 645 368 141 75 35 12 5 1 
530|Child_Levy|4: 2077 786 293 121 88 29 16 5 1 
546|Child_Avg|55: 2224 650 364 129 72 27 14 4 1 
581|Child_Avg|31: 2222 921 344 136 69 26 14 5 1 
585|Survivor|1|Mutated: 2504 921 344 136 69 26 14 5 1 
631|Child_Avg|19: 3173 804 355 140 77 33 13 4 1 
653|Survivor|1: 3173 804 355 140 67 31 11 5 1 
676|Survivor|1: 2180 753 377 174 86 36 13 4 1 
682|Child_Avg|43: 2078 755 295 121 74 31 11 4 1 
716|Child_Levy|40: 2151 805 357 141 79 40 12 5 1 
717|Child_Levy|32: 1918 742 321 134 72 35 13 6 1 
750|Survivor|1|Mutated: 2078 744 321 134 72 35 13 6 1 
806|Survivor|1: 2113 748 304 121 69 30 12 5 1 
809|Survivor|1: 2045 772 324 122 79 31 11 4 1 
812|Survivor|1: 2013 767 297 119 81 28 12 5 1 
824|Survivor|1: 2152 852 301 131 76 28 11 4 1 
892|Survivor|1: 2069 822 376 177 75 28 13 4 1 
902|Child_Cross|14: 2183 591 232 96 37 14 6 1 
910|Child_Cross|26: 2836 1106 323 158 85 37 14 6 1 
933|Survivor|1|Mutated: 2836 911 323 158 85 37 14 6 1 
955|Survivor|1: 1369 485 187 94 35 13 5 1 
1027|Child_Levy|52: 4741 1112 506 183 72 27 13 5 1 
1035|Survivor|1: 4741 1255 506 183 84 32 13 5 1 
1045|Survivor|1: 2362 686 282 151 73 30 14 5 1 
1177|Child_Avg|55: 2373 726 328 136 65 30 13 5 1 
1178|Child_Levy|20: 2324 735 317 132 78 32 13 5 1 
1180|Survivor|1|Mutated: 2665 735 317 132 73 32 13 5 1 
1205|Survivor|1: 4092 1132 428 187 82 32 13 4 1 
1211|Child_Levy|60|Mutated: 2897 885 313 156 80 33 12 5 1 
1239|Child_Levy|28: 1269 449 179 97 33 14 6 1 
1418|Child_Levy|44: 2917 1107 358 157 71 34 11 5 1 
1451|Child_Levy|56: 2145 712 280 158 71 33 13 4 1 
1532|Child_Levy|4: 2138 861 331 167 86 40 14 5 1 
1553|Survivor|1: 2427 861 367 167 86 40 14 5 1 
1564|Child_Avg|55: 2195 794 343 158 90 37 13 4 1 
1597|Survivor|1: 1551 518 202 87 36 13 6 1 
1625|Child_Avg|31|Mutated: 3479 1249 443 159 77 31 14 4 1 
1727|Survivor|1: 2032 575 227 105 50 16 5 1 
1747|Child_Cross|2: 1733 694 256 120 72 27 14 6 1 
1870|Child_Levy|4: 4694 1214 377 171 76 29 14 4 1 
2020|Child_Cross|41: 2045 729 335 131 104 37 14 6 1 
2039|Child_Avg|63: 2118 673 293 120 78 35 11 5 1 
2040|Child_Avg|51: 2935 888 397 155 75 38 12 5 1 
2052|Child_Cross|1: 2351 725 337 130 74 31 14 5 1 
2095|Child_Avg|23: 2116 782 302 185 79 32 13 4 1 
2127|Survivor|1|Mutated: 2116 782 302 157 79 32 13 4 1 
2175|Child_Cross|26: 5028 1074 428 193 79 30 13 5 1 
2207|Survivor|1: 5028 1093 437 193 85 30 13 5 1 
2211|Child_Cross|30|Mutated: 4314 922 385 173 64 36 13 4 1 
2261|Child_Cross|45: 3250 904 347 159 82 31 14 5 1 
2271|Child_Avg|47: 2086 738 295 136 65 28 11 4 1 
2339|Child_Levy|48: 2185 686 333 145 68 33 12 5 1 
2340|Child_Cross|41: 1480 534 191 77 31 14 5 1 
2351|Survivor|1: 2270 811 308 135 80 37 14 6 1 
2370|Child_Avg|43: 1972 690 269 119 73 32 13 5 1 
2397|Survivor|1|Mutated: 2082 955 366 177 75 35 11 4 1 
2465|Survivor|1: 4327 1320 449 155 71 35 13 5 1 
2513|Survivor|1: 2112 641 209 99 40 12 5 1 
2532|Survivor|1: 1448 571 212 84 36 13 6 1 
2597|Child_Levy|44: 1388 533 197 87 40 12 5 1 
2798|Child_Cross|41: 2388 791 351 133 67 35 11 5 1 
2823|Child_Avg|15: 2653 795 373 151 85 32 13 5 1 
2829|Child_Avg|51: 2224 717 331 133 85 32 13 5 1 
2917|Survivor|1: 3262 870 387 133 70 40 13 5 1 
2940|Child_Levy|24: 2960 873 323 150 85 39 14 6 1 
3053|Child_Levy|16: 2248 799 290 137 72 31 11 4 1 
3056|Child_Levy|28: 2589 965 381 162 101 32 13 5 1 
3059|Survivor|1|Mutated: 2241 965 381 162 101 32 13 5 1 
3073|Survivor|1|Mutated: 2241 904 381 162 101 32 13 5 1 
3083|Survivor|1: 2329 710 251 118 72 27 13 5 1 
3119|Child_Cross|29: 3367 1057 417 191 81 31 14 4 1 
3126|Survivor|1: 2909 806 326 152 67 31 14 5 1 
3212|Survivor|1: 1736 704 308 129 66 31 11 4 1 
3276|Survivor|1: 2122 642 246 111 59 30 13 5 1 
3305|Survivor|1: 2148 666 261 116 69 32 13 4 1 
3406|Child_Avg|27|Mutated: 2441 733 376 130 67 35 12 5 1 
3480|Child_Levy|40: 1912 768 339 181 76 28 13 4 1 
3483|Survivor|1|Mutated: 2046 768 339 181 76 28 13 4 1 
3510|Child_Avg|35|Mutated: 2121 659 316 143 81 40 14 5 1 
3607|Child_Avg|23: 2154 777 368 149 74 28 11 4 1 
3635|Child_Cross|5: 1799 611 239 94 35 13 5 1 
3637|Child_Cross|21: 2308 836 421 173 91 35 18 4 1 
3650|Child_Cross|45: 7249 6489 2663 842 338 163 65 31 11 4 1 
3715|Survivor|1: 2517 813 305 131 65 28 11 4 1 
3781|Child_Cross|21: 2309 844 309 122 69 31 13 4 1 
3790|Survivor|1: 2198 807 305 118 68 32 13 4 1 
3843|Child_Levy|56: 3279 935 439 219 86 35 13 6 1 
3855|Child_Avg|19: 2132 715 318 168 80 33 12 5 1 
3889|Child_Avg|3: 2198 684 305 168 80 33 12 5 1 
3916|Child_Levy|60|Mutated: 2160 821 295 147 93 35 11 5 1 
3924|Survivor|1|Mutated: 2160 783 295 147 93 35 11 5 1 
3959|Child_Levy|8: 2084 935 285 143 83 31 14 5 1 
4040|Child_Cross|1: 2653 837 394 161 76 35 12 5 1 
4057|Survivor|1: 1536 549 193 85 42 13 5 1 
4103|Child_Cross|10: 1549 555 233 94 43 16 6 1 
4145|Child_Levy|48: 2401 811 355 149 72 30 11 5 1 
4175|Survivor|1: 1918 781 306 130 67 31 11 5 1 
4216|Child_Avg|7: 2922 788 355 164 79 30 13 4 1 
4251|Survivor|1: 2868 795 334 197 95 31 14 4 1 
4320|Survivor|1: 2030 780 289 133 80 33 12 5 1 
4385|Survivor|1: 1844 631 356 146 75 36 14 5 1 
4433|Random|18: 4738 1189 539 235 81 36 13 4 1 
4461|Child_Cross|42: 2297 1005 378 157 86 35 11 4 1 
4462|Child_Levy|40: 2163 783 394 143 79 33 12 5 1 
4482|Survivor|1: 2975 792 322 121 75 32 13 4 1 
4566|Survivor|1: 2943 828 307 170 86 32 13 5 1 
4794|Survivor|1: 3395 1046 313 177 87 37 14 4 1 
4864|Child_Levy|8: 3378 849 365 139 76 31 11 5 1 
4931|Survivor|1: 1977 673 317 156 80 29 14 4 1 
4953|Child_Levy|52: 2842 1061 336 216 90 35 13 5 1 
4966|Survivor|1: 2306 1010 419 185 83 27 11 4 1 
4971|Survivor|1|Mutated: 2306 1010 419 185 83 27 13 4 1 
5097|Survivor|1: 2113 741 262 156 68 36 11 5 1 
5188|Child_Cross|14: 2289 753 313 164 83 36 14 5 1 
5195|Survivor|1|Mutated: 2289 753 320 164 83 36 14 5 1 
5251|Child_Cross|5: 4573 1416 401 209 91 35 12 5 1 
5275|Child_Cross|61: 1712 562 243 103 45 14 5 1 
5293|Survivor|1: 1407 447 184 85 40 12 5 1 
5378|Survivor|1: 2145 794 345 130 72 34 11 4 1 
5459|Survivor|1: 1558 591 225 97 36 13 4 1 
5495|Survivor|1: 2327 641 290 137 78 29 16 5 1 
5502|Child_Levy|32|Mutated: 2215 807 284 154 87 35 11 5 1 
5516|Child_Avg|59: 1925 853 293 122 64 27 13 5 1 
5530|Child_Avg|39: 2410 1000 391 174 73 32 12 5 1 
5551|Child_Cross|38: 2186 860 296 164 81 29 14 4 1 
5590|Survivor|1: 2068 703 271 117 69 28 11 4 1 
5607|Child_Cross|25: 2435 827 379 164 79 33 12 5 1 
5628|Child_Levy|64: 2096 740 299 137 73 35 14 6 1 
5660|Survivor|1: 2101 604 286 122 65 30 12 5 1 
5695|Survivor|1: 2285 677 283 126 74 25 11 5 1 
5727|Child_Levy|48: 2402 862 359 157 89 35 13 6 1 
5738|Child_Avg|19: 2330 839 320 136 79 32 13 5 1 
5753|Child_Cross|14: 2069 751 326 133 72 32 13 4 1 
5858|Child_Cross|49: 2749 772 338 164 73 30 11 5 1 
5907|Child_Cross|18: 1802 735 296 144 69 29 13 5 1 
5961|Child_Levy|52: 2271 866 290 127 81 28 12 5 1 
5973|Child_Avg|27: 2162 870 280 144 81 28 12 5 1 
6008|Survivor|1: 2013 873 307 131 63 31 14 4 1 
6045|Child_Cross|62: 1243 515 193 98 40 13 5 1 
6048|Child_Cross|58: 1685 632 215 98 40 13 5 1 
6058|Child_Cross|49: 7170 2368 1010 316 180 91 39 14 6 1 
6084|Child_Cross|10: 1686 463 227 84 40 13 5 1 
6191|Child_Avg|51: 3019 955 384 141 84 35 12 5 1 
6226|Child_Cross|37: 2142 640 311 116 76 35 13 5 1 
6260|Child_Cross|29: 2200 810 296 137 65 30 11 5 1 
6331|Survivor|1: 2303 827 287 138 78 35 11 4 1 
6366|Child_Levy|32: 3186 912 325 167 69 28 12 5 1 
6371|Child_Levy|52: 2327 703 269 138 73 28 12 5 1 
6376|Child_Levy|20: 2256 700 301 147 76 30 12 5 1 
6388|Child_Cross|54: 7254 2215 812 291 127 65 30 12 5 1 
6444|Survivor|1: 2190 699 272 144 74 28 11 4 1 
6479|Survivor|1: 1765 705 279 131 68 33 13 4 1 
6513|Child_Avg|7: 1964 597 290 122 69 28 11 4 1 
6603|Child_Levy|56: 2826 991 360 159 64 29 11 5 1 
6683|Survivor|1: 1984 473 194 77 35 13 5 1 
6733|Child_Levy|60: 2233 852 329 133 76 28 11 4 1 
6764|Child_Cross|5|Mutated: 1753 703 280 126 86 32 13 4 1 
6770|Survivor|1: 1753 703 280 126 85 32 13 4 1 
6795|Child_Cross|9: 1796 593 223 86 42 18 5 1 
6859|Child_Levy|28: 3257 964 401 156 69 26 14 5 1 
6889|Survivor|1: 2085 706 273 121 75 32 13 5 1 
6985|Child_Cross|37: 3006 962 390 138 77 27 13 4 1 
6986|Child_Levy|60: 2256 692 284 127 75 31 14 6 1 
6989|Survivor|1|Mutated: 2256 668 284 127 75 31 14 6 1 
6996|Survivor|1|Mutated: 2256 668 284 127 75 31 16 6 1 
6997|Survivor|1|Mutated: 2256 712 284 127 75 31 16 6 1 
7056|Child_Levy|24: 3400 991 372 162 74 29 11 5 1 
7072|Survivor|1|Mutated: 3400 991 372 160 74 29 11 5 1 
7311|Child_Cross|41: 2127 764 290 130 63 27 11 4 1 
7408|Survivor|1: 2353 852 320 151 77 30 11 5 1 
7420|Child_Cross|25: 2001 722 253 132 76 35 12 5 1 
7562|Survivor|1: 3293 959 346 133 68 33 14 4 1 
7634|Child_Cross|42: 1694 469 192 74 35 12 5 1 
7659|Survivor|1: 2309 678 317 131 67 30 11 5 1 
7680|Survivor|1: 2312 972 317 142 68 36 11 5 1 
7747|Child_Levy|4: 2066 722 276 133 77 30 12 5 1 
7825|Child_Cross|54: 3009 994 444 167 82 37 12 5 1 
7867|Child_Cross|33: 2180 732 321 152 85 32 13 5 1 
7905|Survivor|1: 2227 809 345 150 83 40 12 5 1 
7932|Child_Levy|64: 2119 811 387 148 70 32 11 4 1 
7967|Child_Cross|58: 1675 515 218 91 44 14 5 1 
7980|Child_Cross|2: 1675 515 218 91 40 14 5 1 
7986|Survivor|1: 1675 515 218 91 39 14 6 1 
7997|Child_Cross|10: 2198 668 280 145 72 40 14 5 1 
8037|Child_Levy|28: 2813 845 294 134 66 29 11 5 1 
8063|Child_Levy|44: 2129 786 326 168 86 35 13 5 1 
8091|Survivor|1: 1475 565 248 95 40 12 5 1 
8109|Survivor|1: 2249 852 406 143 75 29 15 4 1 
8111|Child_Levy|40: 1871 736 315 129 69 29 16 5 1 
8113|Survivor|1|Mutated: 1674 736 315 129 69 29 16 5 1 
8133|Child_Avg|3: 1712 688 294 117 62 29 14 4 1 
8184|Child_Levy|64: 2863 817 446 179 81 38 13 5 1 
8186|Child_Levy|40: 2116 650 299 115 72 30 11 5 1 
8201|Survivor|1: 1983 668 290 130 62 35 12 5 1 
8222|Survivor|1: 6707 2629 907 317 125 85 35 12 5 1 
8233|Survivor|1: 6707 2629 958 317 125 85 35 12 5 1 
8293|Survivor|1: 1956 709 333 131 64 33 13 4 1 
8317|Child_Cross|54: 1760 541 228 95 31 14 4 1 
8390|Survivor|1|Mutated: 2040 813 269 126 79 26 14 5 1 
8394|Child_Cross|57: 2068 733 292 126 79 26 14 5 1 
8433|Survivor|1: 2068 733 292 126 65 26 14 5 1 
8491|Child_Cross|26: 1970 623 307 116 63 28 13 4 1 
8496|Survivor|1: 1970 721 307 116 63 28 13 4 1 
8513|Survivor|1: 2561 780 320 137 59 30 11 5 1 
8526|Survivor|1: 2960 828 345 134 59 30 11 5 1 
8557|Survivor|1: 1603 502 204 100 41 13 4 1 
8620|Survivor|1: 2260 748 300 125 81 36 13 6 1 
8678|Survivor|1: 1833 588 203 89 35 12 5 1 
8708|Survivor|1: 2016 805 259 127 79 30 13 5 1 
8737|Survivor|1: 2437 840 326 143 70 29 11 5 1 
8742|Survivor|1: 2437 840 333 143 70 29 11 5 1 
8885|Child_Avg|23: 3128 1078 406 179 86 28 11 4 1 
8912|Child_Cross|9: 2267 964 349 149 87 27 13 5 1 
8982|Survivor|1: 2147 823 343 131 72 30 11 4 1 
8992|Survivor|1: 2147 823 343 131 70 31 11 4 1 
8997|Survivor|1|Mutated: 2147 823 343 131 70 31 11 5 1 
9139|Survivor|1: 3239 843 325 119 76 35 12 5 1 
9186|Child_Cross|62: 2363 728 392 155 77 33 12 5 1 
9191|Survivor|1: 2295 735 361 143 71 32 11 4 1 
9244|Survivor|1: 2007 792 311 143 73 32 11 4 1 
9257|Child_Cross|21: 3325 989 377 191 91 40 13 5 1 
9322|Child_Levy|20: 2485 940 292 138 67 33 12 5 1 
9339|Survivor|1: 2404 974 365 159 84 40 13 5 1 
9372|Child_Levy|24: 1848 794 351 165 85 35 13 5 1 
9406|Survivor|1: 1848 794 351 165 86 35 13 5 1 
9452|Survivor|1: 2145 790 304 147 77 30 14 5 1 
9529|Child_Levy|16: 1805 552 197 97 35 12 5 1 
9548|Child_Cross|29: 6419 1616 551 280 134 66 30 13 5 1 
9589|Survivor|1: 2171 683 285 135 69 31 10 4 1 
9599|Survivor|1: 1889 861 315 137 88 36 14 5 1 
9605|Survivor|1: 1151 502 203 85 36 14 5 1 
9616|Survivor|1: 1323 477 203 82 36 14 5 1 
9627|Survivor|1: 1350 495 188 76 35 13 5 1 
9647|Child_Cross|1: 6072 1536 717 326 160 76 35 13 5 1 
9655|Child_Cross|22: 2091 692 370 131 76 35 13 5 1 
9680|Child_Avg|55: 1800 782 341 160 71 33 12 5 1 
9700|Child_Avg|27: 1790 743 272 150 74 33 12 5 1 
9711|Child_Levy|20: 2211 710 366 152 67 35 11 4 1 
9757|Survivor|1: 2144 798 337 117 67 32 13 5 1 
9764|Child_Levy|8: 1725 693 265 128 69 29 13 6 1 
9908|Child_Cross|58: 2457 876 427 190 104 45 16 6 1 
9917|Child_Avg|31: 2312 808 369 168 95 43 14 6 1 
9931|Survivor|1: 3545 1050 414 185 92 41 13 6 1 
9941|Survivor|1: 2253 720 303 165 91 43 14 6 1 
9970|Child_Cross|57: 1757 505 223 77 35 13 5 1 
9985|Survivor|1: 6835 2612 853 343 153 70 32 11 4 1 
10108|Child_Cross|26: 1641 491 211 81 33 14 6 1 
10119|Survivor|1: 2435 640 398 142 77 33 14 6 1 
10168|Survivor|1: 4321 1271 346 198 95 40 14 5 1 
10200|Child_Cross|17: 5416 1447 461 176 85 33 15 4 1 
10204|Child_Levy|60: 2307 991 342 159 66 25 11 5 1 
10256|Survivor|1: 2147 757 292 120 74 36 11 5 1 
10285|Child_Avg|51: 2347 843 373 215 74 36 15 4 1 
10298|Survivor|1: 2047 755 338 166 71 31 13 4 1 
10317|Child_Cross|37: 1953 960 341 147 75 32 13 4 1 
10478|Survivor|1|Mutated: 2034 641 301 128 80 30 11 5 1 
10480|Child_Cross|37: 2115 612 275 113 40 17 5 1 
10485|Survivor|1: 3269 1208 577 217 113 40 17 5 1 
10541|Survivor|1: 2583 1016 349 153 62 36 14 5 1 
10554|Survivor|1: 2957 776 334 159 78 38 13 5 1 
10582|Child_Levy|52: 2276 671 386 159 84 27 13 5 1 
10654|Survivor|1: 1948 749 318 137 60 29 11 4 1 
10761|Child_Levy|8: 1192 435 182 89 35 13 5 1 
10762|Child_Cross|14: 1852 767 336 119 69 35 13 5 1 
10793|Child_Cross|30: 1277 444 201 85 40 13 5 1 
10813|Survivor|1: 2201 745 295 206 91 37 14 4 1 
10890|Child_Cross|37: 5247 1333 572 162 89 40 17 5 1 
10944|Child_Levy|56: 2709 1048 389 156 81 31 14 5 1 
10964|Survivor|1|Mutated: 2309 1048 389 156 81 31 14 5 1 
10980|Child_Cross|37: 1773 823 305 133 75 27 13 5 1 
11030|Survivor|1: 2292 742 290 119 69 32 11 4 1 
11047|Child_Avg|15: 2688 1107 389 166 105 43 13 5 1 
11065|Survivor|1: 2688 1225 389 166 105 43 13 5 1 
11100|Child_Cross|25: 1314 486 188 85 31 14 5 1 
11119|Child_Avg|19: 2578 935 377 199 76 31 11 5 1 
11123|Child_Cross|46: 1739 758 298 114 72 27 13 5 1 
11169|Child_Cross|18: 2275 936 316 167 78 31 14 5 1 
11172|Survivor|1|Mutated: 2275 936 316 167 70 31 14 5 1 
11195|Survivor|1: 2021 749 269 131 70 31 14 5 1 
11239|Survivor|1: 3261 982 371 145 73 30 11 4 1 
11264|Child_Avg|35|Mutated: 1990 636 319 121 62 27 13 4 1 
11268|Survivor|1|Mutated: 2313 636 319 121 62 27 13 5 1 
11327|Child_Cross|54: 3021 880 394 156 72 27 14 4 1 
11330|Survivor|1|Mutated: 3021 843 394 156 72 27 14 4 1 
11336|Child_Cross|49: 2967 787 355 140 74 36 13 4 1 
11366|Child_Cross|61: 2967 787 355 140 62 24 11 5 1 
11383|Child_Cross|58: 2153 731 322 136 82 35 11 5 1 
11425|Survivor|1: 1386 472 210 85 32 13 4 1 
11442|Child_Levy|40: 1912 785 415 139 74 35 12 5 1 
11499|Child_Levy|44: 2922 972 343 141 67 28 12 5 1 
11506|Survivor|1: 2298 732 289 130 83 31 11 4 1 
11523|Survivor|1: 2070 1060 367 160 89 33 16 6 1 
11527|Child_Levy|40: 2725 964 470 173 87 33 16 6 1 
11531|Survivor|1|Mutated: 2832 834 470 194 87 33 16 6 1 
11548|Survivor|1|Mutated: 2832 834 470 171 87 33 16 6 1 
11554|Child_Cross|30: 2113 716 321 131 87 32 13 4 1 
11622|Child_Cross|58|Mutated: 2991 715 379 182 82 40 17 4 1 
11639|Survivor|1: 2675 662 277 134 68 31 14 5 1 
11708|Child_Levy|36: 2294 993 360 177 68 25 14 4 1 
11769|Child_Avg|39: 3336 846 322 127 83 33 12 5 1 
11803|Survivor|1: 7188 1985 554 229 111 78 28 12 5 1 
11928|Child_Cross|58: 4302 1241 388 153 87 35 12 5 1 
11938|Survivor|1|Mutated: 4302 1241 388 165 87 35 12 5 1 
12055|Survivor|1: 1681 559 220 98 40 13 4 1 
12140|Child_Cross|34|Mutated: 2605 823 383 138 67 24 13 5 1 
12161|Child_Levy|36: 1401 572 213 120 39 16 5 1 
12167|Child_Cross|10: 1619 545 212 97 39 16 5 1 
12168|Child_Avg|43: 1581 640 236 106 39 16 5 1 
12287|Survivor|1: 1573 532 220 85 38 13 5 1 
12423|Survivor|1|Mutated: 2326 834 345 170 64 35 13 5 1 
12455|Child_Cross|17: 3418 987 367 159 83 29 14 4 1 
12468|Child_Cross|45: 3418 987 367 159 75 32 13 5 1 
12475|Survivor|1: 3418 839 338 159 75 32 13 5 1 
12534|Survivor|1: 2918 1031 430 202 89 35 11 5 1 
12542|Child_Avg|39: 2231 796 327 152 89 35 11 5 1 
12548|Child_Levy|32: 1962 747 310 139 60 29 11 5 1 
12615|Child_Levy|32: 3011 962 343 145 74 40 14 5 1 
12646|Child_Cross|1: 2157 755 311 115 78 32 11 4 1 
12682|Child_Cross|9: 1607 486 215 82 37 12 5 1 
12695|Survivor|1: 1736 681 281 132 75 32 13 5 1 
12704|Survivor|1|Mutated: 2063 681 281 132 75 32 13 5 1 
12741|Survivor|1|Mutated: 2023 738 306 133 64 30 11 6 1 
12809|Child_Levy|28: 1565 664 274 113 78 28 12 5 1 
12830|Survivor|1: 2228 735 320 119 73 29 10 4 1 
12924|Survivor|1: 2876 1194 452 175 80 31 12 5 1 
12936|Child_Avg|59: 2606 908 389 155 81 28 12 5 1 
13019|Survivor|1: 5814 1311 440 216 102 35 17 5 1 
13066|Survivor|1: 2108 615 254 101 45 16 5 1 
13111|Child_Avg|63: 2105 785 337 136 75 31 14 5 1 
13114|Survivor|1: 2538 743 319 123 60 32 13 5 1 
13161|Child_Levy|52: 1874 754 317 133 72 27 14 5 1 
13168|Child_Levy|56: 1885 896 352 198 72 35 13 5 1 
13187|Survivor|1: 2326 1039 367 154 72 35 13 5 1 
13195|Child_Avg|63: 2324 765 317 134 77 33 12 5 1 
13212|Child_Avg|11: 1663 650 274 122 74 31 11 4 1 
13300|Survivor|1: 1647 484 235 98 43 17 5 1 
13359|Child_Levy|60: 1977 746 308 125 71 24 11 5 1 
13452|Child_Avg|19|Mutated: 2049 632 261 132 71 30 12 5 1 
13503|Survivor|1: 2111 747 288 110 58 33 12 5 1 
13563|Survivor|1: 1380 517 236 88 32 13 5 1 
13591|Random|32: 5102 1439 543 212 90 33 13 4 1 
13700|Child_Levy|60: 2349 679 331 132 71 31 14 5 1 
13710|Survivor|1: 2349 679 331 132 71 31 17 5 1 
13749|Survivor|1: 2241 770 305 104 71 27 13 5 1 
13756|Child_Levy|12: 2490 877 318 151 63 28 12 5 1 
13945|Survivor|1: 1265 530 213 90 37 13 5 1 
13972|Survivor|1: 5806 1432 959 332 144 84 39 14 6 1 
13991|Survivor|1: 1863 794 340 175 69 31 14 6 1 
13997|Survivor|1: 2192 671 292 153 70 29 11 5 1 
14074|Child_Avg|15: 1958 632 249 113 43 13 5 1 
14225|Survivor|1: 2606 789 308 134 74 35 12 5 1 
14240|Random|17: 3201 889 469 163 77 36 13 4 1 
14293|Survivor|1: 2401 723 288 136 69 28 12 5 1 
14304|Survivor|1|Mutated: 2357 723 288 136 65 28 12 5 1 
14441|Child_Avg|35: 3198 937 420 163 68 29 15 4 1 
14443|Child_Cross|18: 2049 921 311 146 71 31 14 4 1 
14508|Survivor|1: 1430 461 187 77 35 12 5 1 
14557|Survivor|1: 2085 601 264 115 61 30 11 5 1 
14576|Child_Levy|16: 2267 799 313 155 58 24 11 5 1 
14699|Survivor|1: 2473 931 371 145 70 37 12 5 1 
14747|Survivor|1: 2752 771 259 139 75 27 13 4 1 
14777|Survivor|1: 2095 656 315 131 69 27 11 4 1 
14983|Child_Levy|28: 2081 779 311 130 69 27 13 5 1 
15002|Child_Cross|14: 2666 951 385 173 72 30 13 5 1 
15003|Child_Avg|59: 2237 831 305 153 72 28 13 4 1 
15039|Child_Levy|20: 2302 779 338 134 73 33 17 5 1 
15151|Survivor|1: 4413 994 339 172 88 33 12 5 1 
15180|Child_Cross|37: 2150 789 333 188 84 40 13 5 1 
15298|Child_Cross|29: 2917 1190 495 202 78 29 16 5 1 
15315|Survivor|1: 1382 480 184 67 29 16 5 1 
15331|Survivor|1: 1732 699 265 111 67 31 14 4 1 
15434|Child_Cross|26: 1471 576 189 85 35 12 5 1 
15491|Survivor|1: 6447 2748 772 409 140 69 33 13 4 1 
15599|Child_Cross|9: 1984 790 278 119 72 35 13 5 1 
15642|Survivor|1: 2082 691 257 131 69 33 14 6 1 
15653|Survivor|1: 2386 793 327 135 65 32 12 5 1 
15686|Child_Avg|31: 2164 729 301 126 65 31 11 4 1 
15756|Survivor|1: 2210 715 304 134 77 30 12 5 1 
15809|Survivor|1: 2506 876 378 144 71 32 11 4 1 
15992|Survivor|1|Mutated: 2256 944 352 183 75 32 12 5 1 
16001|Survivor|1: 1885 695 272 149 69 31 14 5 1 
16060|Child_Cross|21: 1374 427 191 81 41 16 6 1 
16300|Survivor|1: 1636 471 184 74 40 13 5 1 
16421|Child_Cross|25: 6181 1754 657 327 122 76 35 13 6 1 
16434|Child_Cross|57: 6181 1754 657 327 122 74 33 14 4 1 
16454|Survivor|1: 6181 2095 779 327 122 73 30 11 5 1 
16457|Child_Avg|15: 2000 789 308 110 73 30 11 5 1 
16461|Survivor|1: 3443 841 373 154 97 45 14 5 1 
16469|Survivor|1: 1687 767 303 122 78 30 11 5 1 
16546|Child_Avg|27: 3891 1018 424 179 76 35 13 5 1 
16558|Child_Levy|32: 2406 723 281 137 82 33 12 5 1 
16579|Survivor|1: 1615 628 246 109 63 25 11 5 1 
16648|Survivor|1: 2414 896 326 128 69 28 11 4 1 
16727|Survivor|1|Mutated: 1772 718 306 129 80 30 14 5 1 
16801|Child_Cross|21: 2771 1035 355 192 90 27 13 4 1 
16864|Survivor|1: 2555 925 416 146 69 28 11 4 1 
16890|Survivor|1: 2763 1061 348 145 69 28 11 4 1 
16946|Survivor|1: 2723 859 291 145 82 35 13 5 1 
16963|Survivor|1|Mutated: 2333 859 291 145 82 35 13 5 1 
16983|Child_Cross|38: 5101 1037 392 160 73 32 13 4 1 
16995|Child_Levy|4: 2631 898 337 149 67 31 14 6 1 
16998|Survivor|1: 2479 898 337 149 67 31 14 6 1 
17140|Child_Cross|21: 2230 837 316 130 78 35 11 4 1 
17149|Child_Cross|13: 2230 837 316 130 67 31 14 4 1 
17154|Survivor|1|Mutated: 2230 837 310 130 61 31 14 4 1 
17186|Child_Cross|9: 1695 743 312 113 71 30 13 5 1 
17195|Survivor|1|Mutated: 2558 749 335 164 74 28 13 4 1 
17302|Survivor|1: 1995 683 283 112 62 32 13 5 1 
17357|Survivor|1: 1519 507 209 94 44 14 5 1 
17362|Survivor|1: 1762 512 193 97 36 19 5 1 
17400|Child_Cross|26: 1367 445 181 77 31 14 5 1 
17549|Survivor|1: 1903 577 267 126 65 30 11 5 1 
17575|Child_Cross|50: 4818 1267 603 305 112 63 22 13 5 1 
17623|Child_Avg|39: 2298 930 381 170 87 33 14 4 1 
17863|Survivor|1: 2102 646 233 88 32 13 5 1 
17873|Child_Levy|44: 3493 918 497 158 83 40 13 5 1 
17880|Survivor|1|Mutated: 3493 950 497 158 83 40 13 5 1 
17958|Child_Cross|58: 2064 932 419 130 88 32 13 4 1 
17971|Child_Levy|36: 2188 832 340 139 84 30 13 5 1 
18011|Child_Cross|37: 2047 824 361 145 77 30 12 5 1 
18012|Survivor|1|Mutated: 2047 824 361 145 82 32 12 5 1 
18021|Child_Cross|2: 1877 824 361 136 79 29 13 6 1 
18061|Survivor|1: 1971 784 340 142 64 31 10 4 1 
18116|Survivor|1: 2785 802 282 139 77 34 13 5 1 
18142|Survivor|1: 1766 728 297 132 76 35 12 5 1 
18159|Child_Levy|12: 2093 729 366 173 76 27 13 5 1 
18171|Child_Cross|17: 1573 581 263 86 40 14 5 1 
18242|Child_Cross|42: 1660 581 289 116 66 31 14 6 1 
18245|Survivor|1|Mutated: 1632 645 289 116 66 31 14 6 1 
18250|Survivor|1: 2003 685 282 120 65 29 14 4 1 
18330|Child_Levy|16: 2185 822 496 179 62 35 13 5 1 
18335|Child_Avg|27: 2150 847 370 140 79 33 12 5 1 
18360|Survivor|1: 5530 2057 765 293 143 61 31 14 4 1 
18438|Survivor|1|Mutated: 2454 791 295 122 76 40 13 5 1 
18527|Child_Cross|14: 3074 953 310 133 70 36 11 5 1 
18553|Child_Avg|11: 1610 474 207 80 42 13 6 1 
18591|Child_Avg|39|Mutated: 2201 1080 331 139 72 35 13 5 1 
18609|Child_Avg|11|Mutated: 2303 732 323 142 80 37 13 4 1 
18658|Child_Levy|40: 2348 906 347 131 78 35 12 5 1 
18661|Survivor|1: 2138 799 329 115 78 35 12 5 1 
18732|Survivor|1: 2034 771 265 113 70 30 11 5 1 
18838|Child_Levy|16: 2465 792 350 155 67 31 14 5 1 
18875|Child_Avg|27: 3078 901 327 156 77 37 12 5 1 
18876|Survivor|1|Mutated: 2970 901 327 156 77 37 12 5 1 
18893|Child_Avg|11: 2665 820 322 133 71 32 11 4 1 
18901|Child_Levy|4: 2394 813 488 170 86 35 12 5 1 
18929|Child_Cross|14: 1606 684 303 129 79 35 12 5 1 
18964|Survivor|1: 2611 931 322 131 73 33 12 5 1 
19000|Survivor|1: 1735 564 249 85 35 12 5 1 
19086|Survivor|1: 2096 683 260 142 75 31 14 4 1 
19233|Survivor|1: 3230 1134 441 178 73 36 13 5 1 
19250|Child_Cross|46: 2278 793 326 129 62 32 13 5 1 
19260|Survivor|1: 2278 751 326 129 62 32 13 5 1 
19263|Child_Levy|12|Mutated: 2766 1169 420 209 90 35 12 5 1 
19313|Survivor|1: 2013 807 324 128 69 31 11 4 1 
19334|Child_Levy|48: 2715 758 300 113 63 28 12 5 1 
19480|Survivor|1: 1354 483 182 89 35 11 5 1 
19556|Child_Cross|34|Mutated: 6379 1790 915 316 160 75 29 11 5 1 
19581|Survivor|1: 5432 1636 617 263 142 76 28 11 4 1 
19634|Child_Cross|62: 1685 649 233 87 34 16 5 1 
19817|Survivor|1: 1538 543 201 99 40 15 4 1 
19826|Child_Levy|48: 2430 849 359 143 69 24 11 4 1 
19979|Child_Cross|29: 2126 608 236 126 73 32 13 5 1 
20055|Survivor|1: 4580 1292 559 188 98 42 13 6 1 
20210|Child_Levy|4: 2103 691 288 121 79 32 13 4 1 
20301|Child_Cross|2: 4957 1047 345 139 75 35 13 5 1 
20407|Survivor|1: 6632 1953 658 383 140 61 36 15 4 1 
20414|Child_Cross|22: 6632 1953 658 383 140 77 33 13 4 1 
20430|Survivor|1: 6632 1953 658 324 120 77 33 13 4 1 
20458|Survivor|1: 1954 569 281 119 60 32 13 5 1 
20518|Survivor|1: 2723 668 349 129 77 31 14 5 1 
20552|Child_Levy|64: 4639 1587 545 213 77 37 13 5 1 
20554|Child_Avg|35: 3115 1090 386 167 77 33 12 5 1 
20559|Child_Avg|39: 2294 854 316 149 77 33 12 5 1 
20613|Survivor|1: 2358 810 295 134 70 36 13 4 1 
20619|Child_Cross|26: 2358 810 295 134 62 30 13 5 1 
20647|Survivor|1: 2041 668 301 133 54 28 11 4 1 
20721|Child_Avg|55: 2061 761 319 117 75 35 13 5 1 
20755|Survivor|1: 2058 740 282 147 68 32 11 4 1 
20785|Child_Cross|38: 2291 681 300 146 79 36 14 5 1 
20831|Child_Cross|61: 1452 539 206 99 45 16 5 1 
20837|Child_Levy|56: 2251 857 315 135 82 28 16 5 1 
20866|Child_Levy|4|Mutated: 1780 748 334 162 83 35 14 5 1 
20904|Child_Cross|50: 1984 693 300 122 81 31 14 5 1 
20933|Survivor|1: 2159 650 270 133 68 40 11 5 1 
20951|Child_Avg|15: 2071 770 337 134 81 30 11 5 1 
20964|Survivor|1: 2071 924 332 134 81 30 11 5 1 
21008|Child_Avg|11: 2880 808 337 174 83 33 13 4 1 
21107|Child_Levy|4: 2124 706 414 199 75 37 14 6 1 
21128|Survivor|1: 6326 2021 922 342 142 75 31 15 6 1 
21133|Survivor|1: 4912 1360 646 267 130 77 31 14 6 1 
21205|Survivor|1: 2612 991 519 186 77 41 13 4 1 
21210|Survivor|1: 1968 850 301 158 77 41 13 4 1 
21258|Survivor|1: 1258 475 173 72 40 13 5 1 
21261|Survivor|1: 1287 475 173 72 40 13 5 1 
21333|Survivor|1: 5375 1623 731 283 144 70 40 13 5 1 
21339|Child_Avg|11: 1728 712 281 135 68 38 12 5 1 
21351|Survivor|1|Mutated: 1715 712 303 141 70 32 12 5 1 
21361|Survivor|1: 1715 712 303 141 73 35 12 5 1 
21376|Child_Levy|36: 2333 891 337 155 80 42 13 5 1 
21397|Child_Cross|58: 2138 954 343 169 81 40 14 5 1 
21400|Child_Levy|16|Mutated: 1950 782 296 129 78 30 11 5 1 
21467|Child_Avg|7: 3670 1203 467 212 74 40 13 5 1 
21470|Child_Cross|33: 2872 792 351 108 70 31 14 5 1 
21478|Child_Levy|64: 1905 683 357 130 74 35 12 5 1 
21564|Survivor|1: 1821 743 268 124 74 32 13 5 1 
21587|Child_Levy|36: 2126 770 271 129 62 30 13 5 1 
21609|Survivor|1: 2903 843 338 177 76 31 11 4 1 
21654|Survivor|1: 3312 936 403 158 70 39 11 4 1 
21682|Survivor|1: 2208 673 325 126 69 32 11 4 1 
21708|Child_Avg|23: 2207 649 338 135 65 28 11 4 1 
21828|Child_Avg|15: 2327 821 390 149 67 28 12 5 1 
21862|Child_Avg|59: 1940 732 322 129 67 28 12 5 1 
21867|Child_Cross|26: 1424 532 225 85 32 13 5 1 
21884|Survivor|1: 1416 556 216 81 32 13 5 1 
21899|Survivor|1: 1390 496 189 77 31 14 6 1 
21963|Child_Cross|21: 3292 672 358 137 68 32 13 5 1 
21968|Child_Cross|5: 1991 648 305 135 77 33 12 5 1 
22002|Survivor|1: 1301 460 195 82 33 12 5 1 
22095|Survivor|1: 2387 899 305 139 73 29 10 4 1 
22096|Child_Avg|3|Mutated: 2091 612 275 123 54 24 11 5 1 
22101|Child_Avg|39: 2851 805 321 162 91 35 13 5 1 
22138|Child_Levy|4: 3890 1000 416 212 89 40 13 5 1 
22147|Survivor|1: 3890 1000 416 212 77 40 13 5 1 
22183|Survivor|1: 2382 786 326 141 69 30 11 4 1 
22319|Survivor|1: 1725 634 339 117 69 29 14 4 1 
22368|Child_Cross|42: 1979 691 338 129 66 28 12 5 1 
22386|Child_Cross|22: 3247 1018 393 135 72 31 14 5 1 
22390|Survivor|1: 2614 859 349 138 72 35 13 5 1 
22391|Child_Cross|53: 4904 1030 387 132 72 35 13 5 1 
22497|Survivor|1: 2341 829 329 144 75 37 13 4 1 
22503|Survivor|1: 2376 829 329 144 75 37 13 4 1 
22515|Survivor|1|Mutated: 2239 811 329 156 75 37 13 4 1 
22595|Survivor|1|Mutated: 2266 633 303 172 70 30 11 5 1 
22605|Survivor|1: 2142 813 301 134 71 40 13 5 1 
22726|Child_Levy|20: 1610 592 286 149 68 29 11 5 1 
22805|Survivor|1: 1584 486 198 103 35 13 5 1 
22811|Child_Cross|5: 3159 1280 469 158 98 35 13 5 1 
22988|Child_Avg|39: 2133 758 295 122 74 35 12 5 1 
22996|Child_Cross|38: 2136 734 327 134 81 35 16 6 1 
23049|Survivor|1|Mutated: 2891 791 346 124 78 27 13 5 1 
23053|Survivor|1: 2838 974 477 156 76 27 13 5 1 
23149|Survivor|1: 2057 706 259 125 74 28 12 5 1 
23244|Survivor|1: 1781 595 226 95 37 13 5 1 
23271|Survivor|1: 1593 490 174 84 35 13 5 1 
23280|Child_Levy|60: 1388 615 330 146 62 29 14 6 1 
23420|Child_Cross|9: 3368 1280 328 178 93 35 13 5 1 
23438|Survivor|1: 3416 898 309 150 69 28 11 4 1 
23453|Child_Cross|14: 1813 729 286 131 63 25 11 5 1 
23462|Survivor|1: 1705 791 286 120 63 25 11 5 1 
23513|Survivor|1|Mutated: 1787 638 283 148 81 32 13 5 1 
23522|Survivor|1: 2246 788 284 136 73 35 11 4 1 
23534|Survivor|1: 5191 1131 373 192 74 36 13 4 1 
23602|Child_Avg|15: 2855 829 423 150 83 36 13 4 1 
23711|Child_Avg|55: 2738 730 364 164 95 29 14 4 1 
23746|Child_Avg|43: 2763 950 354 127 78 32 13 4 1 
23815|Child_Levy|32: 2314 789 307 125 72 31 14 5 1 
23883|Child_Cross|30: 1821 720 286 126 72 33 14 4 1 
23914|Survivor|1: 2011 765 391 145 86 30 12 5 1 
23916|Child_Avg|15: 2166 645 281 117 61 30 11 5 1 
24201|Child_Levy|28: 2911 799 312 165 77 40 13 5 1 
24301|Child_Avg|31: 1416 494 218 86 35 13 5 1 
24333|Child_Avg|51: 2243 838 393 154 80 31 14 4 1 
24364|Child_Levy|48: 1675 673 253 123 75 32 13 5 1 
24373|Survivor|1: 3270 879 349 152 77 28 11 4 1 
24392|Child_Cross|58: 2977 904 317 170 78 35 12 5 1 
24432|Survivor|1: 2048 634 327 136 66 28 11 4 1 
24467|Survivor|1: 1669 672 245 121 73 27 13 5 1 
24522|Survivor|1: 2103 664 262 87 38 17 5 1 
24541|Survivor|1: 1805 664 262 87 38 17 5 1 
24558|Child_Levy|24|Mutated: 1831 534 243 91 33 17 5 1 
24569|Survivor|1: 1384 505 192 73 33 17 5 1 
24572|Child_Cross|5: 6500 1732 677 236 153 65 33 12 5 1 
24744|Child_Avg|55: 1765 705 318 131 66 30 11 5 1 
24750|Child_Levy|56|Mutated: 2177 724 305 149 67 28 12 5 1 
24788|Child_Avg|19: 2368 811 366 141 67 33 14 4 1 
24811|Survivor|1|Mutated: 2167 811 366 141 67 33 14 4 1 
24879|Child_Levy|20: 1969 769 304 121 69 30 12 5 1 
24880|Child_Levy|20: 2206 755 344 130 78 35 12 5 1 
24916|Child_Cross|41: 1384 539 200 79 32 13 5 1 
24952|Child_Avg|19: 4203 1175 462 186 81 28 13 4 1 
24956|Child_Avg|31: 2171 731 305 140 83 30 12 5 1 
24974|Survivor|1: 2135 654 298 121 78 32 13 5 1 
25156|Survivor|1: 1935 671 253 106 66 31 14 5 1 
25186|Survivor|1: 1708 713 251 116 61 31 14 6 1 
25333|Child_Cross|2: 2303 769 371 179 92 30 13 5 1 
25335|Child_Cross|1: 2443 951 350 174 76 29 16 5 1 
25343|Child_Levy|4: 2188 802 305 149 74 28 13 6 1 
25380|Survivor|1: 2173 879 283 155 59 30 11 5 1 
25542|Child_Cross|61: 2041 821 281 143 66 40 12 5 1 
25595|Survivor|1: 2451 1012 322 131 81 32 13 5 1 
25603|Survivor|1: 6670 2269 822 355 159 78 32 13 4 1 
25704|Survivor|1: 2873 1137 435 180 86 37 13 4 1 
25714|Survivor|1: 2873 1137 435 180 77 30 14 5 1 
25722|Child_Cross|22: 2335 878 354 143 81 28 13 4 1 
25820|Survivor|1: 2320 975 374 140 61 32 13 5 1 
25829|Child_Cross|25: 2808 770 334 127 61 32 13 5 1 
25838|Survivor|1: 2808 833 334 127 61 30 13 5 1 
25872|Child_Avg|59: 2157 774 267 140 68 25 11 5 1 
25948|Survivor|1: 2708 814 405 161 84 27 13 5 1 
26121|Child_Cross|50: 3130 881 305 162 75 32 13 4 1 
26188|Child_Cross|6: 1717 508 220 101 39 14 5 1 
26267|Survivor|1: 2147 716 299 162 80 37 14 4 1 
26518|Survivor|1: 1839 688 319 129 62 30 11 4 1 
26577|Survivor|1: 1958 699 262 118 39 16 5 1 
26603|Survivor|1: 2290 803 280 134 69 35 11 4 1 
26642|Survivor|1: 3136 867 322 137 68 35 13 5 1 
26706|Child_Levy|20|Mutated: 2695 881 347 143 71 30 13 5 1 
26808|Survivor|1: 1952 649 259 110 61 29 11 5 1 
26854|Child_Cross|6: 2381 748 277 116 59 27 13 5 1 
26889|Survivor|1: 2266 695 288 137 68 30 14 5 1 
26908|Child_Levy|8: 3637 969 419 194 111 41 16 6 1 
26920|Child_Cross|5: 1609 577 220 99 41 16 6 1 
26940|Survivor|1: 1456 481 220 94 35 13 5 1 
26945|Child_Avg|43: 1984 814 371 149 80 35 13 5 1 
26948|Child_Cross|13: 1984 814 371 149 88 32 13 4 1 
27004|Child_Levy|20: 1843 543 201 83 40 14 5 1 
27012|Survivor|1: 2207 868 295 148 77 40 14 5 1 
27051|Child_Levy|28: 1930 840 323 182 73 27 13 5 1 
27052|Survivor|1|Mutated: 1930 840 316 182 73 27 13 5 1 
27063|Survivor|1|Mutated: 2297 840 316 198 73 27 13 5 1 
27086|Child_Cross|61: 2260 634 279 131 73 27 13 5 1 
27105|Survivor|1: 2330 662 333 133 79 32 13 4 1 
27135|Survivor|1: 2298 693 313 145 81 31 13 4 1 
27159|Child_Levy|60: 2234 682 314 123 78 30 13 5 1 
27182|Child_Cross|29: 2234 682 314 123 72 26 14 5 1 
27209|Survivor|1|Mutated: 2129 682 314 123 72 26 14 5 1 
27302|Survivor|1: 1770 619 259 113 70 26 14 5 1 
27346|Child_Cross|37: 1443 441 235 93 45 17 5 1 
27373|Child_Cross|38: 2942 714 398 145 61 31 14 5 1 
27395|Survivor|1: 1964 580 247 119 61 31 14 5 1 
27443|Survivor|1: 2036 793 340 138 78 35 16 6 1 
27491|Survivor|1: 2080 670 278 133 81 37 14 4 1 
27514|Survivor|1: 1324 401 161 75 37 17 6 1 
27520|Child_Levy|44: 2289 689 346 146 83 30 12 5 1 
27527|Child_Cross|30: 2233 983 437 151 105 39 14 6 1 
27580|Child_Cross|45|Mutated: 2225 778 340 131 74 30 12 5 1 
27581|Survivor|1|Mutated: 2225 778 340 149 74 30 12 5 1 
27633|Survivor|1: 2278 621 331 131 79 36 11 6 1 
27642|Child_Cross|33: 2753 766 314 121 58 28 12 5 1 
27674|Child_Levy|32: 2135 703 278 123 62 24 11 5 1 
27741|Survivor|1: 2261 720 293 116 54 24 13 4 1 
27771|Survivor|1: 1808 622 309 168 67 35 13 5 1 
27851|Child_Cross|49: 4548 1325 391 174 72 32 13 4 1 
27939|Child_Cross|57: 1403 499 202 89 34 16 5 1 
27966|Child_Cross|57: 1334 497 202 74 33 16 6 1 
28026|Survivor|1: 1996 705 307 123 80 36 13 4 1 
28125|Survivor|1: 3977 1109 404 193 89 31 14 4 1 
28226|Child_Cross|45: 1733 650 286 94 31 14 6 1 
28229|Child_Cross|46: 1776 607 335 133 84 31 14 5 1 
28249|Child_Levy|16: 2796 922 352 148 79 29 14 6 1 
28280|Survivor|1: 2778 986 422 149 67 30 14 5 1 
28397|Child_Cross|1: 3034 942 418 135 88 32 13 5 1 
28404|Survivor|1: 1726 681 297 116 55 28 13 4 1 
28427|Child_Levy|28: 1988 855 372 170 63 35 13 5 1 
28434|Child_Levy|52: 2011 874 336 192 69 29 14 4 1 
28469|Child_Levy|16|Mutated: 2111 833 351 145 79 32 11 4 1 
28511|Child_Levy|12: 2365 982 425 152 79 34 16 5 1 
28567|Survivor|1: 1807 681 301 115 83 33 12 5 1 
28681|Survivor|1: 2233 689 337 140 69 31 10 6 1 
28689|Child_Levy|32: 2731 843 368 153 82 33 15 4 1 
28750|Child_Levy|12: 2026 594 345 150 77 31 14 5 1 
28805|Child_Avg|19|Mutated: 2174 1022 338 195 77 37 13 5 1 
28839|Child_Avg|55: 2180 895 325 123 71 28 11 4 1 
28899|Child_Avg|27|Mutated: 2274 858 323 142 77 29 14 4 1 
28977|Child_Cross|58: 1627 457 186 83 26 14 5 1 
29152|Survivor|1: 2271 794 348 118 83 30 13 5 1 
29169|Survivor|1|Mutated: 2271 794 316 118 83 30 13 5 1 
29174|Child_Cross|41: 2406 1018 304 149 79 30 13 5 1 
29180|Child_Cross|61: 2406 1018 304 149 70 30 13 5 1 
29183|Survivor|1: 2218 895 297 128 75 31 14 5 1 
29247|Child_Cross|1: 2382 723 263 123 59 28 12 5 1 
29330|Child_Levy|40: 1913 665 291 142 62 30 11 5 1 
29377|Child_Avg|47|Mutated: 2610 959 400 135 72 32 13 4 1 
29388|Survivor|1: 2336 907 365 148 65 31 11 4 1 
29484|Survivor|1: 2905 914 315 144 67 32 11 4 1 
29555|Child_Levy|36: 2683 1064 422 170 70 33 12 5 1 
29556|Child_Levy|52: 2062 787 349 141 75 32 12 5 1 
29684|Survivor|1: 2038 860 327 132 77 37 12 5 1 
29692|Child_Cross|57: 6947 2314 996 358 185 92 33 12 5 1 
29745|Child_Cross|61: 5321 1169 418 148 67 38 13 5 1 
29789|Survivor|1: 1757 717 279 116 81 28 11 4 1 
29816|Child_Avg|3: 2536 898 343 150 84 35 12 5 1 
29831|Child_Cross|21: 6241 1276 544 194 77 33 12 5 1 
29846|Child_Levy|36: 2186 806 333 129 74 29 11 5 1 
29852|Survivor|1|Mutated: 2186 806 333 142 74 29 11 5 1 
29932|Survivor|1: 2774 756 293 109 69 31 14 5 1 
30002|Child_Avg|23: 2563 785 302 130 71 28 11 4 1 
30043|Child_Avg|23: 2903 848 303 129 72 40 13 5 1 
30068|Survivor|1: 1689 633 268 133 70 26 14 5 1 
30108|Survivor|1: 1478 531 202 84 40 13 5 1 
30159|Child_Cross|25: 1706 629 331 155 77 27 13 5 1 
30277|Child_Cross|21: 1586 512 213 80 31 14 5 1 
30360|Child_Cross|50: 1675 598 237 90 37 13 5 1 
30438|Survivor|1|Mutated: 2918 705 336 154 71 36 13 4 1 
30539|Survivor|1: 2871 806 416 136 82 35 13 5 1 
30543|Child_Cross|30|Mutated: 3122 831 336 131 82 35 16 5 1 
30562|Survivor|1|Mutated: 2152 603 247 102 40 14 5 1 
30661|Survivor|1: 2308 1023 350 151 72 28 15 4 1 
30684|Child_Levy|36: 2825 921 353 154 70 30 11 5 1 
30748|Survivor|1: 2369 796 269 132 80 30 13 5 1 
30750|Survivor|1|Mutated: 2018 796 269 132 80 30 13 5 1 
30756|Survivor|1|Mutated: 2018 796 269 132 70 30 13 5 1 
30908|Child_Levy|48: 1895 732 290 136 71 28 12 5 1 
30917|Child_Avg|35|Mutated: 1780 662 270 126 71 28 12 5 1 
30975|Child_Levy|48: 2189 729 374 147 77 26 14 5 1 
30990|Survivor|1: 2142 879 363 181 88 37 13 4 1 
31072|Child_Cross|2|Mutated: 2277 843 364 152 81 37 14 6 1 
31073|Child_Cross|1: 2081 736 273 130 68 33 14 6 1 
31102|Child_Cross|2: 2081 736 273 130 68 35 12 5 1 
31120|Survivor|1: 1978 713 292 127 63 28 12 5 1 
31127|Child_Avg|3: 2770 933 335 133 76 30 13 5 1 
31153|Survivor|1|Mutated: 2805 1009 388 165 71 31 14 5 1 
31155|Child_Levy|60: 2565 1098 340 154 79 35 12 5 1 
31200|Survivor|1: 1543 468 206 79 33 12 5 1 
31224|Survivor|1: 2956 979 342 151 73 30 11 5 1 
31229|Child_Avg|23: 2159 749 268 127 59 29 11 5 1 
31235|Survivor|1|Mutated: 2159 606 268 127 59 29 11 5 1 
31285|Child_Cross|42: 2621 834 348 136 77 33 12 5 1 
31308|Child_Avg|55: 2752 1057 448 182 81 36 11 4 1 
31322|Survivor|1: 2183 802 309 121 68 33 12 5 1 
31410|Survivor|1|Mutated: 1784 571 299 135 70 30 11 5 1 
31429|Survivor|1: 2105 734 326 143 81 32 11 4 1 
31450|Child_Cross|50: 1596 566 212 83 31 14 5 1 
31469|Child_Cross|45|Mutated: 1596 679 215 108 39 14 6 1 
31473|Child_Cross|46: 1487 530 179 80 39 14 6 1 
31499|Survivor|1: 1487 430 179 80 39 14 6 1 
31500|Child_Cross|62|Mutated: 1380 430 179 80 39 14 6 1 
31509|Survivor|1: 1487 430 179 80 31 14 6 1 
31521|Survivor|1: 1736 896 342 126 71 31 14 5 1 
31565|Child_Avg|55|Mutated: 2199 685 322 122 73 37 14 6 1 
31581|Child_Levy|40|Mutated: 2540 945 422 148 77 27 13 5 1 
31584|Child_Cross|38: 5295 1453 746 246 120 77 27 13 5 1 
31585|Child_Avg|19: 2832 1033 418 147 80 33 12 5 1 
31601|Survivor|1: 2222 878 341 127 84 33 13 4 1 
31630|Survivor|1: 1985 712 334 128 73 33 12 5 1 
31655|Survivor|1: 2928 829 352 143 71 28 11 4 1 
31658|Survivor|1: 2586 829 352 143 71 28 11 4 1 
31674|Child_Cross|6: 3252 994 433 198 87 28 11 4 1 
31713|Child_Cross|13: 5800 1645 622 245 123 69 33 13 4 1 
31731|Child_Cross|14: 1671 696 297 131 81 30 11 5 1 
31738|Child_Cross|25: 2584 787 343 131 76 28 13 6 1 
31744|Child_Levy|56: 4178 1449 522 189 116 39 16 5 1 
31747|Child_Cross|21: 1366 559 204 93 39 16 5 1 
31748|Child_Cross|50: 3023 1056 385 151 72 32 13 5 1 
31764|Survivor|1|Mutated: 2437 1056 385 151 62 32 13 5 1 
31772|Child_Levy|32: 1452 598 208 110 45 16 5 1 
31828|Survivor|1: 2046 703 284 112 64 27 13 5 1 
31846|Survivor|1: 2875 825 321 161 62 23 12 5 1 
31859|Random|14: 2193 651 315 149 67 31 11 4 1 
31908|Survivor|1: 2189 656 331 119 63 29 10 4 1 
31935|Child_Levy|8: 2739 897 395 165 92 32 11 4 1 
31936|Child_Avg|31: 2500 910 402 193 94 36 13 4 1 
31941|Child_Cross|13: 2788 858 372 135 91 30 11 5 1 
31973|Survivor|1: 5339 1712 653 259 134 77 30 11 5 1 
31998|Survivor|1: 3286 844 363 169 82 40 13 4 1 
32019|Child_Avg|35|Mutated: 4181 1043 467 169 76 32 13 5 1 
32111|Survivor|1: 2097 746 324 138 71 37 13 4 1 
32113|Child_Levy|48: 2037 908 376 163 72 35 12 5 1 
32123|Child_Levy|56: 2595 857 380 130 71 29 11 5 1 
32139|Survivor|1: 2233 823 329 124 68 29 11 5 1 
32177|Survivor|1: 3165 851 361 141 66 29 11 5 1 
32190|Child_Levy|8: 2282 747 308 129 67 26 14 5 1 
32196|Child_Levy|44: 2218 915 355 152 70 30 13 6 1 
32255|Child_Cross|1: 1635 731 322 117 80 31 14 5 1 
32273|Survivor|1: 6734 4234 944 518 175 87 39 14 5 1 
32287|Survivor|1: 2749 833 451 187 71 36 11 5 1 
32302|Survivor|1|Mutated: 2749 920 451 187 71 36 11 5 1 
32344|Child_Cross|38|Mutated: 2893 792 397 151 71 35 14 5 1 
32389|Survivor|1|Mutated: 1980 861 311 148 71 35 11 5 1 
32496|Child_Avg|47: 2133 880 397 167 76 35 11 5 1 
32505|Child_Levy|36: 3527 1208 393 152 72 31 14 5 1 
32609|Survivor|1: 2051 992 313 172 83 33 12 5 1 
32716|Survivor|1: 6130 2035 730 452 179 72 41 13 4 1 
32796|Survivor|1: 3297 1086 415 206 101 40 13 5 1 
32800|Survivor|1: 2971 802 487 144 74 40 13 5 1 
32866|Child_Avg|11: 2978 982 372 145 79 32 11 4 1 
32920|Survivor|1: 3353 1168 485 175 77 33 14 4 1 
33003|Child_Cross|1: 2628 968 337 182 79 35 12 5 1 
33080|Survivor|1: 3229 985 408 140 89 40 14 5 1 
33082|Child_Cross|17: 1706 590 273 89 40 14 5 1 
33087|Survivor|1|Mutated: 1706 662 273 89 40 14 5 1 
33237|Child_Cross|38: 2359 773 357 148 65 30 14 5 1 
33250|Survivor|1: 3009 835 399 156 77 31 14 4 1 
33304|Child_Cross|17|Mutated: 3723 1034 378 176 85 40 12 5 1 
33312|Child_Avg|55: 2695 760 319 158 84 30 13 5 1 
33320|Survivor|1|Mutated: 2880 760 319 158 84 30 13 5 1 
33327|Survivor|1: 6675 2512 697 352 139 78 31 11 4 1 
33329|Survivor|1: 6675 2512 697 352 139 86 28 12 5 1 
33351|Child_Cross|2: 2292 880 342 118 77 31 14 5 1 
33382|Child_Avg|23: 2632 899 356 165 86 37 13 4 1 
33407|Child_Levy|24: 3405 989 447 139 84 36 14 5 1 
33462|Survivor|1: 2840 858 312 119 68 33 12 5 1 
33474|Survivor|1: 1766 705 245 116 65 35 12 5 1 
33512|Survivor|1: 2217 759 322 124 77 32 11 4 1 
33531|Survivor|1: 1674 635 275 108 74 32 13 5 1 
33611|Child_Cross|38: 2500 735 351 132 71 30 13 5 1 
33647|Survivor|1: 2436 775 296 133 68 31 13 4 1 
33657|Survivor|1: 2562 776 300 133 72 32 13 4 1 
33764|Child_Cross|5: 2113 721 355 129 72 27 13 4 1 
33767|Child_Levy|36: 2014 810 362 131 85 36 14 5 1 
33831|Child_Levy|44: 3185 897 372 162 64 28 13 4 1 
33836|Child_Avg|27: 2335 713 288 129 64 28 13 4 1 
33901|Survivor|1: 1762 657 317 117 75 28 12 5 1 
33935|Survivor|1: 5745 1294 653 260 101 41 14 4 1 
33948|Survivor|1: 2346 831 340 150 83 29 14 4 1 
34086|Child_Cross|18: 1346 589 232 91 45 14 5 1 
34096|Child_Cross|21: 1447 540 187 91 45 14 5 1 
34105|Child_Cross|34: 5211 1351 474 230 87 40 13 5 1 
34139|Child_Cross|17|Mutated: 2368 764 312 131 69 30 11 5 1 
34140|Child_Cross|38: 2684 819 298 141 70 30 11 5 1 
34160|Child_Cross|61: 2684 819 298 141 80 30 12 5 1 
34180|Child_Cross|42: 2684 819 298 141 61 30 13 5 1 
34270|Child_Cross|61: 1964 742 295 126 81 35 13 5 1 
34296|Child_Cross|1: 1379 538 189 93 36 14 5 1 
34359|Survivor|1: 1520 557 225 89 41 19 5 1 
34373|Survivor|1: 1405 484 189 81 38 17 5 1 
34472|Survivor|1: 2082 484 195 85 36 14 5 1 
34477|Child_Cross|46|Mutated: 4282 901 468 189 83 36 14 5 1 
34542|Child_Avg|23|Mutated: 3434 1107 394 184 94 37 14 4 1 
34569|Child_Levy|52: 6721 1953 739 408 151 66 31 10 4 1 
34607|Survivor|1: 1397 486 217 105 34 16 5 1 
34622|Child_Cross|42: 1423 501 211 94 32 13 5 1 
34634|Child_Avg|51: 2406 866 328 121 77 31 14 5 1 
34659|Survivor|1|Mutated: 2380 979 304 173 73 30 12 5 1 
34720|Survivor|1: 2092 778 290 109 71 28 11 4 1 
34739|Survivor|1: 2772 724 361 157 76 33 13 4 1 
34767|Survivor|1: 2570 995 498 172 67 36 15 4 1 
34826|Child_Avg|19: 2470 780 330 161 62 32 13 4 1 
34844|Child_Levy|40: 1807 634 277 128 61 31 14 5 1 
34899|Survivor|1: 2267 657 304 142 66 35 12 5 1 
34918|Child_Cross|57: 5658 1757 761 321 218 79 34 16 5 1 
34936|Child_Avg|19: 6535 1883 726 341 153 87 34 16 5 1 
34953|Survivor|1: 6955 1883 726 341 153 87 34 16 5 1 
34974|Child_Levy|56: 2130 664 287 127 67 29 14 4 1 
34988|Child_Levy|36: 2880 930 387 140 76 27 13 5 1 
35029|Survivor|1: 2880 930 387 140 76 27 13 4 1 
35291|Child_Avg|35: 2934 820 292 147 75 28 13 4 1 
35292|Child_Cross|61: 2211 637 326 159 75 32 13 5 1 
35372|Survivor|1: 3123 752 365 162 67 32 11 4 1 
35374|Child_Avg|35: 2010 891 431 151 80 28 11 4 1 
35389|Survivor|1: 2263 595 269 129 66 28 12 5 1 
35449|Survivor|1: 2381 788 365 137 69 31 13 4 1 
35503|Child_Levy|64: 2381 691 313 143 76 33 12 5 1 
35522|Survivor|1: 3275 1317 387 173 75 31 14 5 1 
35528|Child_Avg|11: 2073 829 294 145 80 31 14 5 1 
35533|Survivor|1|Mutated: 2118 829 247 145 80 31 14 5 1 
35571|Survivor|1: 2876 840 362 185 78 31 10 4 1 
35604|Child_Cross|21: 5480 1189 460 143 77 32 12 5 1 
35623|Survivor|1: 2105 744 358 123 77 32 12 5 1 
35629|Survivor|1: 2052 754 344 123 70 32 12 5 1 
35654|Survivor|1: 1946 692 305 133 74 32 13 4 1 
35718|Child_Cross|49: 1797 645 287 120 63 31 14 5 1 
35814|Child_Avg|47|Mutated: 2378 823 343 159 71 36 13 6 1 
35816|Survivor|1|Mutated: 2020 823 343 159 71 36 13 6 1 
35825|Survivor|1: 1806 752 293 135 68 35 13 5 1 
35901|Survivor|1: 2706 952 343 151 86 34 11 5 1 
36072|Child_Avg|7: 2116 745 352 127 74 35 12 5 1 
36097|Survivor|1: 1981 753 291 122 68 31 11 5 1 
36181|Survivor|1: 2472 721 329 129 72 40 14 5 1 
36234|Survivor|1: 1565 559 231 98 41 13 4 1 
36285|Child_Levy|60: 2546 754 345 149 74 35 12 5 1 
36296|Child_Cross|45: 2732 869 340 143 74 35 12 5 1 
36408|Survivor|1: 1452 566 188 75 31 14 5 1 
36421|Survivor|1: 2136 637 300 117 74 28 12 5 1 
36433|Survivor|1: 2150 676 304 129 77 29 11 5 1 
36438|Survivor|1: 1884 644 273 139 73 35 11 5 1 
36457|Survivor|1: 2019 635 314 134 83 33 14 4 1 
36468|Child_Levy|40: 3064 849 343 144 77 35 12 5 1 
36499|Child_Levy|8: 2141 703 267 121 70 30 11 5 1 
36561|Child_Avg|63: 2067 739 307 134 76 35 13 5 1 
36585|Survivor|1: 2067 739 307 161 76 32 14 5 1 
36592|Child_Avg|43: 1921 845 276 183 81 35 13 5 1 
36607|Survivor|1|Mutated: 3663 969 377 171 85 32 13 4 1 
36609|Survivor|1: 3972 969 377 171 85 32 15 4 1 
36629|Survivor|1: 2001 603 341 129 68 28 13 4 1 
36646|Survivor|1: 3337 1048 392 161 72 32 11 4 1 
36726|Survivor|1: 2145 748 300 128 63 27 10 4 1 
36759|Child_Levy|12: 2992 893 331 133 81 31 11 4 1 
36815|Survivor|1: 4133 1021 397 159 95 44 14 5 1 
36826|Survivor|1: 4096 1021 397 159 95 44 14 5 1 
36830|Survivor|1: 2227 882 508 161 91 30 14 5 1 
36896|Survivor|1: 2266 733 301 150 79 31 11 4 1 
37077|Child_Levy|52: 2006 698 318 205 75 27 13 5 1 
37110|Survivor|1: 2150 733 288 123 78 31 13 4 1 
37134|Child_Cross|34: 2983 1097 432 155 82 36 11 5 1 
37165|Survivor|1: 1552 545 193 96 36 14 5 1 
37184|Survivor|1: 2329 877 342 126 75 28 13 6 1 
37210|Survivor|1: 1730 555 224 90 37 13 4 1 
37292|Survivor|1: 1663 584 239 81 36 14 5 1 
37322|Survivor|1: 1855 675 291 111 61 33 12 5 1 
37351|Survivor|1: 1268 482 235 100 39 16 5 1 
37382|Child_Cross|58: 2064 895 363 134 76 35 14 5 1 
37391|Survivor|1|Mutated: 2288 895 363 134 76 35 14 5 1 
37421|Survivor|1: 1969 617 309 122 71 30 12 5 1 
37482|Survivor|1: 1668 889 352 134 63 36 13 4 1 
37600|Child_Levy|8|Mutated: 5652 1563 579 225 113 39 14 5 1 
37617|Survivor|1|Mutated: 5652 1388 615 225 113 39 14 5 1 
37629|Child_Levy|56: 1578 520 207 95 37 14 6 1 
37644|Survivor|1: 2139 775 326 141 93 36 13 4 1 
37650|Child_Cross|18: 2139 775 326 141 72 30 13 5 1 
37672|Child_Cross|49: 2139 775 326 141 69 30 11 5 1 
37675|Survivor|1|Mutated: 2139 775 321 136 69 30 11 5 1 
37705|Child_Levy|20: 2116 774 342 147 87 32 13 5 1 
37721|Survivor|1: 5391 1089 406 140 87 32 13 5 1 
37727|Survivor|1: 5391 1089 406 140 75 27 13 5 1 
37794|Child_Cross|54: 2065 542 241 82 42 13 6 1 
37795|Child_Levy|28: 1684 480 202 88 43 16 6 1 
37808|Survivor|1|Mutated: 5489 3424 921 327 150 76 32 13 5 1 
37828|Survivor|1: 2748 934 341 149 69 35 13 5 1 
37876|Survivor|1: 2068 678 309 117 62 32 13 5 1 
38007|Child_Cross|14: 2044 735 342 122 69 30 12 5 1 
38022|Child_Cross|41: 2560 1074 394 153 94 32 13 5 1 
38050|Child_Avg|43: 2680 1037 373 137 88 35 12 5 1 
38085|Child_Levy|28: 2160 861 345 177 70 30 12 5 1 
38222|Child_Levy|60: 1349 437 223 76 35 13 5 1 
38353|Child_Cross|29: 2636 898 361 136 70 29 11 5 1 
38369|Child_Levy|56: 1985 685 279 128 68 29 11 5 1 
38450|Child_Levy|24: 2213 752 384 144 73 28 12 5 1 
38459|Child_Cross|50: 1757 735 290 130 83 31 14 5 1 
38480|Survivor|1: 1695 661 276 125 77 28 11 4 1 
38483|Child_Levy|24: 4804 1292 424 169 70 30 14 5 1 
38574|Survivor|1: 2188 654 289 115 74 35 12 5 1 
38607|Child_Cross|17: 1603 468 206 92 31 14 5 1 
38715|Survivor|1: 2397 1063 468 176 77 27 13 5 1 
38721|Child_Cross|62: 2397 1063 468 176 76 27 13 5 1 
38730|Child_Levy|48: 2363 848 373 146 75 26 14 5 1 
38735|Survivor|1|Mutated: 2363 848 373 146 75 31 14 6 1 
38786|Survivor|1: 2053 657 283 120 76 28 11 4 1 
38888|Survivor|1: 2091 724 293 127 65 27 14 4 1 
38969|Survivor|1: 1818 657 273 107 58 28 12 5 1 
38974|Child_Levy|32|Mutated: 2292 826 442 193 89 36 14 5 1 
39009|Child_Levy|44: 2690 761 304 133 78 31 14 5 1 
39029|Survivor|1: 2344 701 301 127 72 27 13 5 1 
39189|Survivor|1: 1316 557 213 87 36 14 5 1 
39194|Survivor|1|Mutated: 1408 557 213 87 36 14 5 1 
39195|Child_Levy|44: 2446 1016 383 157 71 35 13 5 1 
39284|Child_Levy|48: 1714 716 264 142 73 32 13 5 1 
39334|Child_Levy|12: 2989 830 369 154 71 32 11 4 1 
39367|Survivor|1: 1717 496 194 88 37 13 5 1 
39411|Child_Levy|64: 3004 856 304 133 74 32 13 4 1 
39448|Child_Levy|8: 4052 1211 476 174 86 35 13 5 1 
39454|Survivor|1: 2979 974 378 142 86 35 13 5 1 
39499|Survivor|1: 5065 1599 671 277 158 73 30 11 5 1 
39602|Survivor|1: 1400 550 248 91 45 16 5 1 
39604|Child_Cross|18: 1579 527 212 89 45 16 5 1 
39741|Child_Cross|42: 5967 1580 472 169 83 36 15 4 1 
39787|Survivor|1: 2480 814 363 154 73 35 11 5 1 
39824|Child_Cross|53: 2574 802 299 129 67 35 13 5 1 
39833|Survivor|1: 2371 780 283 119 67 35 13 5 1 
39847|Child_Avg|43: 2258 802 365 163 82 32 12 5 1 
39886|Survivor|1: 3061 1218 393 155 87 28 13 6 1 
39908|Child_Levy|64: 2801 821 351 180 74 30 13 5 1 
39918|Child_Levy|16: 2341 624 322 130 74 27 13 5 1 
39928|Survivor|1: 2341 624 322 130 74 27 13 4 1 
39956|Child_Levy|44: 2924 785 331 133 86 35 11 5 1 
39977|Survivor|1: 2924 785 331 133 97 35 11 5 1 
40005|Survivor|1: 1678 640 258 131 75 35 11 5 1 
40055|Survivor|1: 2158 738 269 128 75 29 14 4 1 
40089|Survivor|1: 2185 661 285 128 86 35 12 5 1 
40099|Child_Levy|36: 1863 786 311 169 84 35 11 5 1 
40157|Survivor|1: 1662 605 267 144 74 32 13 5 1 
40241|Survivor|1: 3002 800 347 142 84 30 13 5 1 
40262|Child_Avg|51: 2675 732 313 135 84 30 13 5 1 
40332|Child_Levy|16: 2929 890 394 148 77 28 12 5 1 
40333|Child_Cross|49: 2970 914 399 151 77 35 12 5 1 
40372|Child_Levy|4: 4024 974 447 161 68 30 12 5 1 
40390|Survivor|1: 2021 668 298 116 78 31 14 6 1 
40503|Child_Levy|48: 2158 797 318 136 72 35 13 5 1 
40521|Survivor|1|Mutated: 2269 797 318 136 72 35 13 5 1 
40693|Child_Cross|54: 3096 1289 436 167 80 39 14 4 1 
40698|Survivor|1: 3096 1289 436 167 87 39 14 4 1 
40699|Child_Levy|36: 2501 981 364 147 85 40 12 5 1 
40789|Survivor|1: 2005 652 281 132 64 29 11 5 1 
40833|Child_Levy|4: 2291 672 259 117 70 29 13 6 1 
41094|Survivor|1: 1914 652 271 121 72 32 13 5 1 
41177|Child_Avg|39: 2792 831 371 138 79 35 14 5 1 
41215|Survivor|1: 2907 839 308 139 63 31 14 6 1 
41350|Survivor|1|Mutated: 2090 762 366 164 87 33 13 4 1 
41440|Survivor|1: 2074 723 339 133 84 33 13 4 1 
41516|Child_Cross|38: 3082 854 313 129 73 27 13 5 1 
41542|Child_Cross|18: 1429 519 226 89 33 12 5 1 
41563|Child_Avg|15: 2932 807 270 130 71 29 11 5 1 
41582|Child_Levy|60: 3258 1032 389 166 81 30 12 5 1 
41584|Child_Cross|2: 1783 550 213 95 32 13 5 1 
41596|Child_Cross|10: 2096 907 283 140 81 32 13 5 1 
41647|Child_Levy|8: 2097 733 286 116 69 33 13 4 1 
41697|Survivor|1: 1462 521 192 75 35 12 5 1 
41760|Survivor|1: 2199 649 309 140 64 27 13 4 1 
41826|Survivor|1: 2882 1092 463 226 105 41 14 4 1 
41828|Child_Levy|16: 2841 1061 422 184 101 38 12 5 1 
41832|Child_Cross|29: 2951 1006 346 139 77 35 13 5 1 
41842|Survivor|1: 5395 1165 449 139 77 35 12 5 1 
41882|Child_Avg|7: 4397 1351 529 240 110 36 13 4 1 
41894|Child_Levy|16: 2315 760 307 148 70 25 12 5 1 
41957|Child_Cross|13: 3138 892 331 137 74 31 14 4 1 
41965|Survivor|1: 1761 673 358 149 67 27 11 4 1 
42017|Child_Cross|5: 3494 1010 411 160 99 35 12 5 1 
42028|Child_Cross|22|Mutated: 2323 934 353 139 79 35 12 5 1 
42042|Child_Cross|9: 2351 976 383 174 74 31 11 4 1 
42083|Child_Cross|2: 2411 754 320 133 81 30 14 5 1 
42088|Child_Levy|24: 2231 698 320 134 83 37 13 5 1 
42137|Child_Levy|24: 1977 758 280 119 65 28 12 5 1 
42195|Child_Levy|20: 2020 663 325 131 70 32 12 5 1 
42199|Child_Avg|51: 1934 626 267 137 71 30 13 5 1 
42207|Survivor|1: 1963 672 320 117 71 30 13 5 1 
42216|Child_Avg|59: 2767 706 280 127 78 35 12 5 1 
42247|Survivor|1: 2249 703 301 112 72 31 14 4 1 
42273|Survivor|1: 2145 671 325 142 77 37 13 5 1 
42301|Survivor|1: 2465 721 272 115 78 35 13 5 1 
42310|Child_Avg|35: 2317 867 441 174 86 36 13 4 1 
42407|Child_Levy|48: 1703 627 264 117 73 27 13 5 1 
42425|Survivor|1: 4718 1009 537 168 73 35 14 5 1 
42508|Child_Cross|13: 2380 891 372 162 67 32 11 4 1 
42552|Child_Cross|14: 1441 507 208 88 37 13 4 1 
42586|Child_Avg|3: 3112 1179 386 163 70 32 11 4 1 
42677|Child_Cross|5: 3015 832 388 157 81 36 13 4 1 
42754|Child_Cross|30|Mutated: 5217 1077 481 157 75 31 14 6 1 
42782|Child_Cross|5: 2597 808 304 143 83 35 14 5 1 
42812|Survivor|1|Mutated: 2597 808 304 146 83 30 14 5 1 
42825|Survivor|1|Mutated: 2597 808 304 146 83 30 11 5 1 
42870|Survivor|1: 1367 461 188 88 33 14 4 1 
42876|Child_Cross|29: 4535 1053 417 148 83 33 14 4 1 
42991|Survivor|1: 1996 638 227 105 39 14 5 1 
43093|Survivor|1: 1583 561 201 79 32 13 5 1 
43094|Child_Cross|18: 1379 460 172 79 32 13 5 1 
43281|Survivor|1: 2122 655 253 115 68 31 11 4 1 
43296|Child_Avg|3: 3116 891 351 149 73 27 14 4 1 
43326|Survivor|1: 1337 465 197 98 38 17 5 1 
43359|Child_Cross|25: 2060 573 218 84 40 13 5 1 
43418|Survivor|1: 2099 840 271 125 66 30 11 5 1 
43455|Child_Levy|52: 2906 1065 350 141 67 36 14 5 1 
43456|Child_Cross|38: 2802 840 401 136 89 33 12 5 1 
43583|Survivor|1: 2280 870 445 141 79 33 12 5 1 
43597|Child_Cross|49: 2896 832 398 196 79 33 12 5 1 
43636|Child_Cross|38: 2209 653 288 112 70 30 13 5 1 
43640|Survivor|1|Mutated: 2209 653 258 119 70 27 13 5 1 
43668|Child_Cross|26: 3017 826 262 137 66 31 14 5 1 
43676|Child_Levy|60: 2026 603 293 131 65 28 12 5 1 
43794|Child_Cross|1: 2341 817 349 134 84 40 13 5 1 
43813|Survivor|1: 2252 776 347 132 71 29 11 4 1 
43816|Child_Levy|4: 3101 919 346 140 83 31 14 5 1 
43819|Survivor|1|Mutated: 3101 919 299 130 83 31 14 5 1 
43824|Survivor|1: 3101 793 348 151 83 31 14 6 1 
43837|Child_Avg|27: 2920 884 351 149 93 35 11 5 1 
43863|Survivor|1|Mutated: 2068 791 317 114 72 32 13 5 1 
43880|Survivor|1|Mutated: 2068 844 317 114 72 32 13 5 1 
43905|Child_Avg|59: 2204 714 423 151 71 36 13 4 1 
43911|Child_Levy|56: 2820 1094 422 154 79 34 16 5 1 
43918|Child_Cross|33: 2820 1094 422 154 83 33 13 5 1 
43920|Child_Avg|35: 2305 905 385 163 81 33 13 4 1 
43962|Survivor|1: 2202 681 262 114 70 29 16 5 1 
44126|Survivor|1: 2153 787 334 125 98 32 13 5 1 
44129|Survivor|1: 1339 434 191 94 32 13 5 1 
44150|Child_Cross|42: 1351 436 191 93 32 13 5 1 
44160|Survivor|1: 2608 1196 476 151 80 30 12 5 1 
44163|Survivor|1: 2372 788 342 140 77 30 12 5 1 
44216|Survivor|1: 1700 731 324 127 66 30 13 5 1 
44236|Child_Avg|51: 2682 896 316 133 71 33 13 4 1 
44290|Survivor|1: 2189 746 282 115 69 28 11 4 1 
44309|Survivor|1: 1747 534 226 90 39 14 4 1 
44395|Child_Levy|60: 1613 680 240 119 69 28 12 5 1 
44426|Child_Avg|35|Mutated: 2011 792 284 154 69 30 11 5 1 
44461|Survivor|1: 2070 645 287 111 58 24 11 4 1 
44536|Child_Avg|59: 2622 735 440 169 82 35 11 5 1 
44560|Child_Levy|52: 3004 895 321 148 78 29 11 5 1 
44665|Survivor|1: 1679 761 290 115 69 28 11 4 1 
44678|Survivor|1: 2109 830 322 121 61 23 10 4 1 
44731|Child_Levy|32: 2362 840 296 157 77 27 13 5 1 
44732|Survivor|1|Mutated: 2646 840 296 157 77 27 13 5 1 
44748|Survivor|1: 2597 913 394 165 70 33 12 5 1 
44852|Child_Cross|13: 2605 975 449 177 80 36 13 4 1 
44861|Survivor|1|Mutated: 3047 975 449 177 80 36 13 4 1 
44878|Child_Levy|56: 2202 761 300 128 70 31 11 5 1 
44882|Survivor|1: 2202 761 300 128 70 31 10 6 1 
45044|Child_Cross|50: 2188 742 287 156 76 30 11 5 1 
45049|Child_Cross|5: 2050 758 314 120 61 27 14 4 1 
45103|Survivor|1: 1913 630 321 121 74 28 13 4 1 
45150|Child_Cross|17: 2759 1011 316 175 98 31 14 5 1 
45165|Survivor|1: 1579 654 307 139 86 28 12 5 1 
45175|Survivor|1: 1579 654 307 139 54 28 12 5 1 
45203|Child_Levy|64: 2272 895 319 149 75 29 11 5 1 
45230|Child_Cross|26: 1737 677 304 126 67 35 13 5 1 
45250|Child_Cross|5: 3047 853 339 141 70 33 12 5 1 
45278|Child_Cross|49: 1980 698 309 113 70 32 12 5 1 
45297|Child_Levy|40: 1591 679 288 119 63 27 13 5 1 
45340|Survivor|1: 1631 566 234 103 45 12 5 1 
45359|Child_Levy|40: 1421 535 207 80 31 14 5 1 
45379|Child_Cross|62: 3184 927 416 185 80 31 14 5 1 
45394|Survivor|1|Mutated: 3184 927 474 185 80 31 14 6 1 
45466|Survivor|1|Mutated: 2161 885 314 138 83 30 11 5 1 
45498|Survivor|1: 2378 771 308 133 60 28 11 4 1 
45559|Survivor|1: 2031 634 281 110 63 30 12 5 1 
45571|Child_Cross|18|Mutated: 4282 1337 432 198 74 45 14 5 1 
45586|Child_Cross|58: 1397 483 196 94 40 15 4 1 
45613|Child_Cross|57: 6518 2240 821 410 119 81 35 13 5 1 
45623|Child_Avg|7: 2276 1046 458 189 87 33 14 4 1 
45624|Child_Levy|56: 1974 798 365 139 72 30 13 5 1 
45652|Survivor|1: 2113 798 365 137 73 30 12 5 1 
45747|Child_Cross|61: 2096 794 343 122 63 35 13 5 1 
45830|Child_Cross|58: 6895 1756 605 173 76 35 13 5 1 
45834|Survivor|1|Mutated: 6895 1756 599 173 86 35 13 5 1 
45839|Survivor|1|Mutated: 6208 1886 491 173 86 35 13 5 1 
45888|Survivor|1: 1381 440 175 81 40 12 5 1 
45893|Survivor|1: 1704 599 275 132 67 35 13 5 1 
45933|Child_Cross|37: 1720 616 280 147 74 28 12 5 1 
45970|Child_Avg|59: 1726 666 255 127 74 28 12 5 1 
46005|Child_Levy|48: 2249 997 358 176 70 25 12 5 1 
46006|Child_Cross|5: 3333 786 319 150 71 33 12 5 1 
46019|Child_Cross|34: 6724 1951 594 291 117 70 27 13 5 1 
46079|Survivor|1: 2217 582 272 150 73 33 12 5 1 
46149|Child_Cross|57: 5183 1615 563 353 149 77 35 13 5 1 
46162|Child_Avg|3: 1700 637 260 111 69 30 11 5 1 
46213|Child_Levy|40: 3286 1351 522 259 117 41 14 6 1 
46219|Child_Cross|38: 2271 946 367 149 67 36 11 4 1 
46234|Survivor|1: 1546 555 228 87 35 12 5 1 
46298|Child_Cross|21: 2049 593 351 146 75 35 12 5 1 
46320|Child_Levy|60: 2191 632 269 119 73 32 13 5 1 
46331|Survivor|1|Mutated: 2133 632 269 119 73 32 13 5 1 
46335|Child_Avg|39: 3235 848 286 137 67 28 12 5 1 
46342|Survivor|1|Mutated: 3235 848 311 137 67 28 12 5 1 
46365|Child_Cross|34: 1688 664 295 137 77 36 14 5 1 
46384|Survivor|1: 1688 664 295 130 77 30 14 5 1 
46406|Survivor|1: 3109 752 311 133 84 31 14 5 1 
46470|Survivor|1: 3034 1076 509 209 77 39 14 4 1 
46517|Child_Levy|20: 3226 881 413 247 92 41 16 6 1 
46532|Survivor|1: 2259 695 292 119 78 31 11 6 1 
46552|Survivor|1: 1802 551 206 101 36 15 4 1 
46572|Survivor|1: 1637 573 228 89 36 15 4 1 
46573|Child_Levy|36: 2156 815 415 143 74 32 13 5 1 
46588|Survivor|1: 1781 709 315 134 74 32 13 5 1 
46644|Survivor|1: 1858 592 304 161 70 27 13 5 1 
46686|Survivor|1: 1771 519 200 97 35 12 5 1 
46759|Survivor|1: 2721 878 353 126 83 33 12 5 1 
46772|Child_Cross|46: 2008 775 316 146 77 33 12 5 1 
46778|Child_Levy|44: 2181 717 268 131 73 28 12 5 1 
46780|Survivor|1|Mutated: 2350 717 268 131 73 28 12 5 1 
46857|Child_Cross|50: 2914 832 339 167 76 31 11 4 1 
46874|Survivor|1: 1770 824 371 156 70 30 13 5 1 
46886|Survivor|1: 1770 916 371 156 70 30 13 5 1 
46889|Child_Cross|33: 3013 1198 445 209 78 37 12 5 1 
46900|Child_Levy|8: 2237 933 367 139 86 35 13 6 1 
46976|Child_Cross|5: 7114 3250 816 288 167 69 32 13 5 1 
47045|Survivor|1|Mutated: 1403 498 239 85 41 14 6 1 
47184|Child_Levy|16: 2663 1011 312 148 63 27 13 5 1 
47185|Child_Cross|25: 1859 595 239 90 40 13 5 1 
47224|Survivor|1: 4466 1144 452 170 71 35 13 5 1 
47231|Child_Cross|2: 2801 818 310 121 71 35 13 5 1 
47251|Child_Avg|47: 2305 691 262 117 71 35 13 5 1 
47319|Survivor|1: 2755 839 308 148 88 35 12 5 1 
47346|Survivor|1: 3225 744 432 157 70 33 12 5 1 
47382|Survivor|1: 2193 701 276 109 74 28 13 4 1 
47439|Survivor|1: 3356 898 307 133 67 32 13 4 1 
47443|Survivor|1: 3147 898 307 133 67 32 13 4 1 
47456|Survivor|1: 1856 679 297 150 76 33 13 4 1 
47518|Survivor|1: 2014 857 316 117 74 27 13 5 1 
47522|Survivor|1|Mutated: 2074 857 368 117 74 27 13 5 1 
47654|Survivor|1: 2079 614 279 145 74 28 12 5 1 
47676|Random|10: 4683 1255 480 204 89 31 17 4 1 
47738|Child_Cross|29: 1665 546 247 95 35 13 5 1 
47754|Child_Avg|31: 1688 850 368 151 82 30 14 5 1 
47763|Child_Avg|19: 1694 684 282 136 79 30 13 5 1 
47833|Child_Avg|23: 3020 864 343 150 78 32 11 4 1 
48003|Survivor|1: 5577 1303 513 229 96 40 13 4 1 
48027|Survivor|1: 3169 807 336 162 83 38 13 4 1 
48038|Child_Avg|31|Mutated: 2004 813 349 149 90 37 14 4 1 
48097|Survivor|1: 2419 983 405 145 78 35 12 5 1 
48099|Survivor|1|Mutated: 2419 973 359 145 78 35 12 5 1 
48182|Survivor|1: 6319 1853 543 298 128 81 28 13 4 1 
48197|Child_Avg|31: 6319 1857 597 298 128 81 28 13 4 1 
48221|Child_Cross|49: 1420 452 214 81 36 14 5 1 
48245|Child_Cross|9: 1588 452 214 81 36 14 5 1 
48293|Child_Avg|39: 1978 650 295 132 67 28 12 5 1 
48372|Survivor|1: 4237 1301 379 206 92 31 14 5 1 
48374|Child_Avg|51: 3638 1114 346 169 88 30 13 5 1 
48377|Survivor|1: 2324 947 370 142 75 27 13 5 1 
48392|Child_Cross|33: 2160 678 297 118 75 27 13 5 1 
48495|Survivor|1: 1643 688 288 125 65 28 11 4 1 
48523|Survivor|1: 3130 936 277 138 63 27 10 4 1 
48592|Survivor|1: 1858 853 331 131 89 35 13 5 1 
48609|Child_Avg|59: 2924 820 355 185 69 31 14 5 1 
48626|Child_Cross|33: 2432 724 314 154 69 31 14 5 1 
48752|Survivor|1: 4727 1348 363 160 73 35 12 5 1 
48791|Survivor|1: 2764 841 297 151 71 35 11 5 1 
48814|Survivor|1: 2682 835 398 148 75 32 13 4 1 
48866|Child_Cross|13: 4906 1690 634 240 109 71 28 12 5 1 
48914|Child_Avg|59: 3475 1035 533 171 67 32 13 5 1 
48951|Survivor|1: 2151 729 319 136 71 31 13 4 1 
49009|Survivor|1: 2047 643 332 141 78 33 13 4 1 
49022|Survivor|1: 2032 718 309 161 79 32 12 5 1 
49124|Survivor|1: 1586 617 212 80 31 14 5 1 
49131|Survivor|1: 1586 617 212 80 31 14 6 1 
49139|Child_Cross|61: 2480 771 321 142 72 31 14 6 1 
49222|Child_Avg|15: 3430 983 327 188 75 29 13 6 1 
49256|Survivor|1: 2208 812 355 141 91 45 16 5 1 
49366|Survivor|1: 2015 855 324 133 72 28 13 4 1 
49424|Survivor|1: 2662 747 322 178 74 28 13 4 1 
49448|Survivor|1: 3202 893 327 129 64 35 13 5 1 
49484|Child_Cross|10: 2089 747 318 137 77 36 13 4 1 
49546|Survivor|1: 3025 872 289 128 69 30 11 5 1 
49551|Survivor|1: 2011 793 283 111 69 30 11 5 1 
49610|Child_Levy|20: 2099 795 369 133 67 25 13 5 1 
49708|Survivor|1: 2389 745 310 132 76 31 11 4 1 
49733|Survivor|1: 3055 1001 406 142 69 28 11 4 1 
49773|Survivor|1: 1664 635 213 94 31 14 5 1 
49790|Child_Cross|29: 2071 672 245 113 79 28 12 5 1 
49957|Child_Cross|10: 1680 580 248 115 74 30 13 5 1 
50076|Survivor|1: 1969 837 383 154 65 36 14 5 1 
50117|Child_Cross|18: 2089 816 337 143 80 35 11 4 1 
50136|Survivor|1: 1977 634 289 151 81 30 11 5 1 
50181|Child_Levy|4: 2583 822 344 158 66 29 14 4 1 
50242|Child_Avg|47: 2772 770 314 155 90 35 12 5 1 
50244|Child_Levy|8: 2342 728 293 156 76 32 13 5 1 
50308|Survivor|1: 2050 619 353 124 65 27 13 5 1 
50328|Child_Cross|37: 2079 667 307 121 70 30 11 5 1 
50336|Survivor|1|Mutated: 2079 667 307 126 70 30 11 5 1 
50399|Child_Cross|22: 4316 1303 476 160 70 29 11 5 1 
50407|Survivor|1: 2289 755 340 133 70 29 11 5 1 
50430|Survivor|1|Mutated: 1529 561 229 81 32 13 5 1 
50657|Child_Cross|38: 1762 545 233 76 35 13 5 1 
50664|Child_Cross|9|Mutated: 1762 545 233 76 35 13 6 1 
50721|Survivor|1: 1754 620 273 108 69 31 14 5 1 
50743|Child_Cross|26: 1378 563 198 83 44 15 4 1 
50898|Child_Avg|19: 3027 1090 318 160 72 31 11 4 1 
50922|Survivor|1: 3125 939 373 142 63 36 11 4 1 
50981|Child_Cross|41: 2937 809 351 189 84 32 15 4 1 
50997|Survivor|1|Mutated: 2937 809 351 154 84 32 15 4 1 
51009|Survivor|1: 3172 847 332 168 81 36 11 4 1 
51032|Survivor|1: 2238 835 291 111 81 35 13 5 1 
51073|Child_Levy|4: 1721 633 299 142 75 29 13 5 1 
51077|Child_Levy|16: 1976 643 276 130 74 27 13 5 1 
51118|Survivor|1: 2070 634 273 120 73 28 12 5 1 
51142|Survivor|1: 2841 828 310 146 70 31 11 4 1 
51152|Child_Levy|56: 2147 767 334 131 75 27 10 4 1 
51156|Child_Levy|60: 4453 1082 468 204 74 31 14 4 1 
51191|Survivor|1: 1651 578 207 79 29 13 6 1 
51269|Child_Levy|20: 1664 633 268 127 75 27 13 5 1 
51298|Survivor|1: 2063 683 259 118 62 30 11 5 1 
51314|Survivor|1: 3111 700 433 133 74 32 13 4 1 
51379|Survivor|1: 2759 837 269 128 70 30 13 5 1 
51450|Child_Cross|17: 2174 639 295 152 79 28 13 4 1 
51507|Child_Cross|61: 3323 1031 372 152 86 35 13 5 1 
51511|Child_Cross|10: 3323 1031 372 152 77 31 14 6 1 
51516|Survivor|1|Mutated: 3323 968 372 152 77 31 14 6 1 
51522|Child_Cross|9: 2204 670 270 129 62 35 13 5 1 
51540|Child_Avg|63: 2204 670 270 129 60 28 11 4 1 
51731|Child_Levy|16: 2005 823 321 125 65 28 12 5 1 
51771|Survivor|1: 1685 530 234 89 40 13 5 1 
51777|Survivor|1: 1685 530 203 89 40 13 5 1 
51832|Survivor|1: 1603 604 222 112 35 13 5 1 
51882|Child_Avg|63: 2564 843 383 163 76 32 15 4 1 
51899|Survivor|1: 6835 1458 594 383 117 56 30 11 5 1 
51938|Survivor|1: 3297 823 327 145 76 28 11 4 1 
51998|Child_Levy|44: 2182 632 287 122 69 35 11 5 1 
52018|Survivor|1: 2223 916 340 154 59 30 11 5 1 
52036|Child_Levy|48: 3110 882 318 157 67 35 13 5 1 
52091|Survivor|1: 1944 697 283 121 74 32 13 4 1 
52146|Survivor|1: 3020 918 321 162 74 28 11 4 1 
52228|Survivor|1: 5463 1496 852 260 137 56 30 12 5 1 
52380|Survivor|1: 1667 477 184 76 35 12 5 1 
52431|Child_Cross|58: 4859 1063 326 135 72 31 14 6 1 
52477|Child_Avg|43: 3427 1028 486 189 75 34 11 4 1 
52544|Survivor|1: 1468 540 205 88 37 13 5 1 
52557|Child_Levy|36|Mutated: 2690 919 368 173 70 29 10 4 1 
52571|Child_Levy|56: 2985 774 314 134 71 27 13 5 1 
52626|Survivor|1|Mutated: 5354 1756 703 221 98 35 13 5 1 
52634|Survivor|1: 3812 1336 511 178 98 35 13 5 1 
52639|Child_Avg|19: 2660 936 363 137 95 35 13 5 1 
52650|Child_Cross|33: 2660 936 363 137 82 35 13 5 1 
52677|Survivor|1: 5153 1324 352 158 81 31 14 6 1 
52692|Survivor|1|Mutated: 5915 1324 352 158 81 31 14 6 1 
52775|Child_Cross|34: 2115 899 350 119 74 35 12 5 1 
52813|Child_Cross|10: 3064 935 411 183 73 35 12 5 1 
52823|Child_Avg|63: 2755 841 364 161 73 35 12 5 1 
52826|Survivor|1|Mutated: 2755 841 376 161 61 35 12 5 1 
52829|Child_Cross|1: 2755 841 376 161 64 27 13 5 1 
52847|Survivor|1|Mutated: 2755 841 376 161 64 27 14 6 1 
52941|Survivor|1: 2241 793 279 158 95 31 14 5 1 
52948|Child_Cross|45: 1965 736 278 130 84 31 14 5 1 
52970|Survivor|1: 1364 403 185 101 36 14 5 1 
53001|Child_Cross|5: 1572 502 190 91 40 14 5 1 
53012|Child_Cross|57: 2534 726 330 167 71 28 12 5 1 
53089|Child_Avg|63: 4681 1288 500 226 83 40 13 5 1 
53093|Survivor|1|Mutated: 5161 1288 500 226 85 40 13 5 1 
53098|Child_Cross|45: 3191 915 367 168 85 40 13 5 1 
53126|Survivor|1: 1273 526 197 85 40 12 5 1 
53233|Child_Cross|33: 2831 767 353 212 87 31 14 5 1 
53237|Child_Cross|9: 1354 494 209 84 31 14 5 1 
53259|Survivor|1: 1876 791 310 158 81 31 14 4 1 
53289|Survivor|1: 2213 967 324 178 74 31 14 4 1 
53300|Survivor|1|Mutated: 1961 637 263 125 72 31 14 5 1 
53316|Survivor|1: 2884 801 376 141 73 35 13 4 1 
53339|Survivor|1: 2261 702 302 127 72 33 12 5 1 
53387|Survivor|1: 3298 715 324 139 74 33 12 5 1 
53424|Child_Levy|40: 2045 924 285 146 67 32 13 5 1 
53470|Survivor|1: 1783 699 289 117 65 28 11 4 1 
53530|Survivor|1: 2129 807 270 125 68 36 14 5 1 
53531|Child_Levy|56: 2699 1061 433 175 76 36 14 5 1 
53599|Survivor|1: 3162 790 351 113 72 32 13 4 1 
53645|Child_Cross|54: 2330 926 368 173 71 28 11 4 1 
53669|Child_Levy|40: 2947 845 317 144 70 30 11 5 1 
53703|Survivor|1: 1815 494 195 99 41 14 6 1 
53737|Child_Cross|54: 2074 595 274 127 66 32 13 5 1 
53789|Child_Avg|19: 2318 931 302 162 73 30 11 5 1 
53805|Survivor|1: 2037 751 325 141 84 33 13 4 1 
53806|Child_Cross|17: 1756 743 295 145 73 32 13 5 1 
53828|Child_Levy|16: 3044 1063 374 185 96 29 16 5 1 
53877|Survivor|1: 2147 660 271 133 56 27 10 4 1 
53878|Child_Cross|57: 2147 660 271 133 70 31 11 4 1 
53897|Survivor|1: 2139 793 322 137 67 31 10 4 1 
53907|Child_Cross|29: 2139 793 322 137 85 39 14 4 1 
54044|Survivor|1: 2105 919 356 152 80 37 13 5 1 
54088|Child_Cross|54: 2007 617 248 108 39 14 6 1 
54122|Child_Cross|34: 2173 796 294 130 79 33 12 5 1 
54131|Survivor|1|Mutated: 2903 816 449 182 86 29 13 6 1 
54149|Survivor|1: 2766 789 307 126 78 29 11 5 1 
54164|Child_Avg|19: 2375 809 341 164 77 31 11 4 1 
54190|Child_Cross|22: 2532 777 320 136 74 33 14 4 1 
54225|Child_Cross|61: 2113 1176 353 139 73 35 12 5 1 
54235|Child_Avg|39: 2284 1186 369 159 78 40 12 5 1 
54357|Survivor|1|Mutated: 4802 1311 618 209 83 36 14 5 1 
54365|Child_Levy|16: 2187 783 317 143 88 35 12 5 1 
54388|Survivor|1: 4297 1194 453 186 86 45 13 4 1 
54439|Survivor|1: 2200 677 273 124 77 28 12 5 1 
54443|Survivor|1|Mutated: 2200 677 273 116 77 28 12 5 1 
54459|Child_Avg|43: 2689 902 388 171 87 36 13 4 1 
54466|Survivor|1: 3001 902 388 171 87 36 13 4 1 
54471|Child_Cross|61: 1637 611 218 91 32 13 5 1 
54652|Survivor|1: 1300 513 199 80 33 12 5 1 
54686|Child_Levy|16: 1681 624 309 152 93 26 14 5 1 
54689|Child_Avg|63|Mutated: 1623 731 298 147 86 40 14 5 1 
54732|Survivor|1: 1661 525 208 84 35 12 5 1 
54761|Child_Cross|45: 5224 1423 417 159 84 35 12 5 1 
54785|Child_Cross|18: 2082 724 258 127 65 28 12 5 1 
54809|Survivor|1: 1951 690 264 118 68 35 12 5 1 
54845|Survivor|1: 2698 1009 484 168 91 40 12 5 1 
54870|Child_Cross|53: 1654 575 208 83 36 13 6 1 
54939|Child_Avg|55: 2154 854 286 117 71 35 13 5 1 
55024|Child_Cross|21: 2222 973 368 147 67 31 14 5 1 
55083|Survivor|1|Mutated: 2222 973 428 133 67 31 14 5 1 
55143|Survivor|1|Mutated: 2959 830 299 123 62 30 13 5 1 
55239|Child_Avg|15|Mutated: 1640 446 198 91 35 13 6 1 
55291|Child_Levy|20: 1644 402 191 93 35 13 5 1 
55333|Child_Avg|15: 2790 883 364 158 69 32 13 4 1 
55356|Survivor|1: 2585 1039 365 139 79 32 11 4 1 
55431|Survivor|1: 2231 693 298 136 86 35 11 5 1 
55438|Random|31: 5286 1064 482 197 87 31 11 4 1 
55460|Survivor|1: 2027 935 300 133 76 27 14 4 1 
55461|Child_Cross|38: 2646 902 366 139 66 32 13 4 1 
55550|Survivor|1: 2392 736 335 130 68 36 11 5 1 
55594|Survivor|1: 1809 629 271 119 57 25 11 5 1 
55624|Survivor|1: 2703 888 463 210 93 35 13 5 1 
55628|Survivor|1|Mutated: 2814 888 463 178 93 35 13 5 1 
55654|Survivor|1: 1709 728 284 138 75 31 14 4 1 
55810|Child_Cross|46: 2004 852 342 169 78 35 12 5 1 
55873|Child_Cross|13: 2176 735 327 146 67 27 11 4 1 
55945|Child_Cross|37: 1668 503 220 73 40 12 5 1 
56082|Child_Levy|12: 1389 503 186 79 32 13 5 1 
56085|Survivor|1: 1754 814 310 146 76 37 14 6 1 
56101|Child_Avg|63: 2517 782 339 158 88 32 13 5 1 
56115|Child_Avg|11: 2126 681 296 141 81 32 13 5 1 
56148|Child_Avg|3|Mutated: 1712 745 265 133 71 28 12 5 1 
56386|Child_Cross|37: 1779 499 207 77 35 13 5 1 
56401|Survivor|1: 1779 499 207 77 35 16 6 1 
56409|Child_Levy|36: 2037 785 323 142 77 33 13 5 1 
56417|Child_Cross|50: 2037 785 323 142 63 32 13 5 1 
56523|Child_Levy|8: 3134 921 392 163 91 37 12 5 1 
56618|Child_Cross|37: 1588 604 242 83 33 14 4 1 
56790|Child_Cross|14: 3318 1162 419 186 76 33 17 5 1 
56839|Child_Levy|36: 2804 1020 337 172 95 31 14 5 1 
56860|Child_Avg|3: 2263 793 320 152 77 29 11 5 1 
56916|Child_Cross|21: 1876 852 357 143 82 30 14 5 1 
56933|Child_Avg|47: 1795 816 287 139 81 28 12 5 1 
56944|Child_Avg|39: 2844 825 373 184 85 29 11 5 1 
56957|Child_Cross|37: 1796 649 255 133 74 28 12 5 1 
56983|Survivor|1: 3132 939 469 227 118 36 14 5 1 
56986|Child_Cross|37: 3464 1020 352 174 99 37 14 6 1 
56999|Child_Cross|42: 1492 517 246 90 37 14 6 1 
57046|Survivor|1: 2730 957 372 167 85 32 13 4 1 
57176|Survivor|1: 2701 759 390 152 67 40 12 5 1 
57224|Child_Levy|16: 2449 911 320 148 76 35 14 5 1 
57274|Survivor|1: 1970 685 288 116 79 32 13 4 1 
57283|Child_Levy|12: 2061 900 352 149 84 33 14 6 1 
57411|Child_Cross|42: 2974 921 287 143 91 33 12 5 1 
57439|Child_Cross|45: 5635 1320 453 149 87 35 12 5 1 
57441|Child_Cross|46: 2579 1082 401 171 77 40 13 5 1 
57467|Child_Levy|12: 2131 781 293 127 77 30 12 5 1 
57565|Child_Cross|26: 2228 695 321 135 66 37 18 5 1 
57691|Survivor|1: 2877 848 374 144 75 34 11 4 1 
57890|Child_Avg|51: 3120 1219 391 156 75 35 13 5 1 
57918|Child_Cross|62: 1925 507 188 76 35 13 5 1 
