203|Child|1: 1236 376 146 57 23 10 4 1 
375|Child|2: 1627 471 129 53 24 9 4 1 
503|Child|3: 1456 395 172 63 27 14 4 1 
835|Child|2: 1714 453 126 62 24 9 4 1 
1063|Child|1: 1643 360 107 52 20 9 4 1 
1217|Child|1: 1518 361 154 47 23 10 4 1 
1350|Child|8: 1445 323 113 60 28 9 4 1 
1977|Child|1: 1385 304 122 53 17 10 4 1 
2000|Child|2: 1750 547 161 55 24 9 4 1 
2505|Child|2: 1311 265 108 62 24 9 4 1 
2799|Child|24: 1625 454 143 53 24 9 4 1 
2884|Child|2: 1772 417 141 68 25 14 4 1 
3728|Child|2: 1779 461 127 65 27 10 4 1 
4108|Child|2: 1632 443 145 53 27 10 4 1 
4499|Child|4: 1592 444 137 55 24 9 4 1 
4846|Child|29: 1522 393 170 65 24 9 4 1 
4855|Child|19: 1478 317 151 48 23 10 4 1 
5127|Child|1: 1519 364 160 61 27 14 4 1 
6946|Child|27: 1422 368 131 55 27 10 4 1 
7133|Child|1: 1498 348 156 59 27 10 4 1 
7360|Child|2: 1498 365 114 59 24 9 4 1 
7362|Child|1: 1457 378 138 53 29 10 4 1 
7730|Child|2: 1537 318 147 61 29 10 4 1 
8605|Child|1: 1492 330 131 58 27 10 4 1 
8632|Child|2: 1326 273 102 43 24 9 4 1 
8748|Child|6: 1859 400 151 59 21 10 4 1 
8754|Child|2: 1751 410 136 53 24 9 4 1 
9233|Child|4: 1844 437 163 72 28 13 4 1 
9278|Child|25: 1726 395 149 65 25 9 4 1 
9323|Child|17: 1435 349 149 68 24 9 4 1 
9735|Child|22: 1343 343 149 73 27 10 4 1 
9896|Child|2: 1595 352 114 49 21 10 4 1 
10044|Child|2: 1681 477 167 66 27 10 4 1 
10286|Random|88: 1498 435 181 61 29 9 4 1 
11264|Child|1: 1619 485 147 72 27 10 4 1 
11623|Child|3: 1541 329 124 49 21 10 4 1 
11959|Child|2: 1825 481 139 52 24 9 4 1 
12010|Child|2: 1492 436 141 62 29 14 4 1 
12873|Child|2: 1500 322 142 62 29 14 4 1 
13187|Child|1: 1493 335 114 53 29 9 4 1 
13263|Child|6: 1439 316 115 70 21 10 4 1 
14280|Child|12: 1906 494 143 61 29 9 4 1 
14318|Child|1: 1408 331 167 63 27 10 4 1 
14324|Child|2: 1661 447 145 59 24 9 4 1 
14935|Child|7: 1501 400 144 58 33 9 4 1 
15791|Child|1: 1420 318 149 56 21 10 4 1 
15808|Child|6: 1492 342 135 57 23 10 4 1 
16487|Child|2: 1361 398 149 59 27 10 4 1 
17968|Random|86: 1510 314 156 55 21 10 4 1 
18976|Child|1: 1562 368 164 63 27 10 4 1 
19260|Child|1: 1459 318 122 59 27 10 4 1 
19549|Child|13: 1606 403 171 76 25 14 4 1 
20560|Child|2: 1303 280 106 51 23 10 4 1 
21666|Child|10: 1659 393 143 53 29 9 4 1 
22439|Child|5: 1880 526 143 65 24 9 4 1 
22440|Child|2: 1488 376 138 53 24 9 4 1 
24016|Child|1: 1667 415 126 56 27 10 4 1 
24297|Child|1: 1261 391 132 62 24 9 4 1 
24920|Child|13: 1696 439 139 63 29 10 4 1 
25198|Child|35: 1401 442 133 55 24 9 4 1 
25604|Child|2: 1270 345 129 61 24 9 4 1 
26333|Child|10: 1394 372 121 60 23 10 4 1 
26842|Child|4: 1725 484 175 69 29 14 4 1 
27613|Child|3: 1482 314 147 64 23 10 4 1 
28124|Child|2: 1531 443 170 56 25 9 4 1 
28236|Child|9: 1804 409 150 71 27 14 4 1 
28498|Child|18: 1249 352 118 57 23 10 4 1 
28938|Child|1: 1442 372 145 54 19 10 4 1 
29008|Child|3: 1838 433 193 61 29 9 4 1 
29456|Child|8: 1567 411 121 51 23 10 4 1 
29665|Child|2: 1882 486 145 57 23 10 4 1 
29704|Child|4: 1684 337 157 59 24 9 4 1 
30114|Child|28: 1513 332 129 58 24 9 4 1 
30173|Child|2: 1433 385 134 49 24 9 4 1 
31651|Child|43: 1806 526 176 72 27 10 4 1 
31755|Child|14: 1934 1522 458 145 55 24 9 4 1 
32208|Child|2: 1595 361 117 47 21 10 4 1 
32447|Child|3: 1382 333 138 53 24 9 4 1 
32890|Child|1: 1355 309 118 43 20 9 4 1 
32965|Child|4: 1574 475 155 61 24 9 4 1 
33341|Child|7: 1353 407 141 49 24 9 4 1 
33471|Random|87: 1463 421 153 57 23 10 4 1 
34019|Child|2: 1329 293 118 47 25 9 4 1 
34032|Child|1: 1329 293 118 47 25 10 4 1 
34670|Child|28: 1479 412 153 65 29 10 4 1 
35113|Child|30: 1464 325 129 53 25 9 4 1 
35118|Child|11: 1464 325 129 53 27 8 3 1 
36517|Child|7: 1420 370 149 80 27 10 4 1 
37201|Child|2: 836 242 105 45 19 10 4 1 
37577|Child|1: 1661 443 147 58 24 9 4 1 
37798|Child|21: 1527 365 132 63 27 10 4 1 
39407|Child|1: 1334 314 105 55 24 9 4 1 
40591|Child|2: 1788 403 149 68 29 9 4 1 
41078|Child|6: 1423 336 137 51 29 10 4 1 
41588|Child|4: 1752 365 157 67 24 9 4 1 
41718|Child|1: 1538 331 146 47 23 10 4 1 
42076|Child|2: 1667 384 118 47 21 10 4 1 
42197|Child|3: 1666 430 166 62 27 10 4 1 
42396|Child|8: 1358 319 121 56 24 9 4 1 
42690|Child|2: 1590 352 119 52 29 9 4 1 
43323|Random|96: 1457 382 179 57 23 10 4 1 
