4462|Survivor|1: 2210 724 352 145 68 28 13 4 1 
20769|Survivor|1: 2667 818 366 166 67 30 11 5 1 
20777|Survivor|1|Mutated: 2667 818 405 166 67 30 11 5 1 
22353|Survivor|1: 2096 686 291 122 69 30 11 5 1 
23891|Survivor|1|Mutated: 2005 785 373 147 64 27 13 5 1 
26215|Survivor|1: 2095 734 320 150 73 35 13 5 1 

1366|Survivor|1: 5407 1278 434 161 76 35 12 5 1 
6462|Child_Cross|34: 2050 758 337 164 77 28 12 5 1 
11466|Survivor|1: 5511 1290 520 203 102 40 13 5 1 
15403|Survivor|1: 2346 778 358 150 81 32 13 5 1 
17839|Survivor|1: 2744 829 412 146 69 31 14 5 1 
20446|Survivor|1: 2336 920 348 169 72 27 13 5 1 
25687|Survivor|1: 3251 967 418 157 60 28 11 4 1 
26226|Survivor|1: 2366 908 348 162 63 28 11 4 1 
38603|Survivor|1: 6426 1978 803 352 132 73 23 12 5 1 
46266|Child_Levy|64: 2025 841 327 148 73 30 11 5 1 
48279|Survivor|1: 2137 702 418 163 77 28 12 5 1 
54460|Child_Levy|12: 2075 711 293 133 74 28 12 5 1 
60304|Survivor|1: 2473 912 353 161 75 28 12 5 1 
64974|Survivor|1: 2109 640 313 114 65 28 11 4 1 
65989|Survivor|1: 2441 781 368 145 73 30 11 5 1 
66155|Child_Levy|24: 2158 745 302 142 70 29 11 5 1

173|Child_Cross|5: 2203 928 319 157 66 28 12 5 1 
2717|Child_Cross|18: 2393 706 302 145 60 28 11 4 1 
3546|Survivor|1: 2014 711 299 147 77 30 11 5 1 
3629|Survivor|1: 2260 898 367 134 85 29 16 5 1 
6809|Child_Levy|12: 2082 697 325 149 67 24 11 4 1 
8609|Survivor|1: 3008 1001 475 161 80 35 13 5 1 
13420|Survivor|1|Mutated: 3281 893 346 156 72 31 14 5 1 
14721|Child_Levy|12: 2180 646 330 134 63 29 11 5 1 
19463|Child_Cross|13: 2366 1055 356 149 77 31 14 5 1 
19710|Survivor|1: 1694 624 340 129 67 28 12 5 1 
21194|Survivor|1: 2174 683 313 132 77 23 12 5 1 
21768|Survivor|1: 2066 768 405 198 85 32 13 4 1 
22401|Child_Cross|57: 5531 1678 710 351 134 70 30 11 5 1 
24416|Survivor|1: 2330 734 259 124 66 24 11 5 1 
25254|Survivor|1|Mutated: 2181 791 324 142 86 27 13 5 1 
25555|Child_Cross|50: 2238 803 357 165 74 28 12 5 1 
28764|Survivor|1: 7362 6240 4311 993 395 187 74 31 14 5 1 
29923|Child_Avg|27: 3367 1004 454 162 75 35 11 4 1 
30207|Survivor|1: 6516 2126 651 282 142 62 24 11 5 1 
32528|Survivor|1: 2127 670 308 136 61 28 12 5 1 
33046|Survivor|1: 2351 764 318 149 77 30 11 5 1 
34973|Survivor|1: 2151 833 365 121 64 30 12 5 1 
35913|Survivor|1: 2393 837 429 173 86 40 14 5 1 
38486|Survivor|1: 2227 829 330 125 64 30 12 5 1 
38690|Survivor|1: 2128 780 279 134 71 28 11 4 1 
39196|Survivor|1: 2145 809 317 130 64 29 10 4 1 
40456|Survivor|1: 2124 829 283 151 65 27 13 5 1 
40517|Survivor|1: 2001 767 281 139 77 24 11 5 1 
40712|Child_Levy|40: 2088 905 365 166 86 30 11 5 1 
40731|Child_Cross|26: 2088 905 365 166 78 30 11 5 1 
44068|Child_Cross|5: 5832 2136 994 449 154 78 35 12 5 1 
44116|Child_Cross|33: 2159 725 310 137 71 28 12 5 1 
44570|Survivor|1: 2328 831 310 133 80 30 11 5 1 
45351|Survivor|1: 6511 1537 717 317 142 69 27 10 4 1 
46167|Child_Cross|53: 2572 778 313 131 71 27 13 5 1 
47064|Survivor|1|Mutated: 2016 758 337 131 68 32 13 5 1 
49043|Child_Cross|13: 4524 1059 405 148 77 28 12 5 1 
49328|Survivor|1: 2246 680 325 161 78 31 14 5 1 
49503|Survivor|1: 3214 1047 388 165 78 27 13 5 1 
50055|Child_Levy|48: 2967 886 350 157 90 28 12 5 1 
50379|Child_Cross|13: 1988 772 326 160 85 28 12 5 1 
50800|Survivor|1|Mutated: 2024 678 293 136 78 30 11 5 1 
51256|Child_Avg|59: 2992 906 407 141 70 30 12 5 1 
52808|Survivor|1: 2145 679 310 127 76 29 14 4 1 
55299|Child_Levy|24: 3257 897 365 157 79 32 13 5 1 
56827|Child_Avg|43: 2354 817 282 160 69 28 12 5 1 
57656|Survivor|1: 2198 663 354 138 73 24 11 5 1 
60410|Child_Levy|44: 2957 1025 384 157 67 28 12 5 1 
60671|Survivor|1: 2887 807 333 160 76 25 14 4 1 
61688|Survivor|1: 2336 736 374 183 83 30 11 5 1 
62491|Survivor|1: 1712 778 315 129 73 27 13 5 1 
63479|Survivor|1: 2967 888 347 132 59 30 11 5 1 
64351|Survivor|1: 2344 847 336 151 72 28 13 4 1 
64763|Survivor|1: 2929 878 309 145 69 35 13 6 1 
64944|Survivor|1|Mutated: 3189 980 339 142 67 32 13 4 1 
66506|Survivor|1: 6695 1682 670 383 135 67 35 13 5 1 
68671|Survivor|1: 2201 822 359 144 69 29 14 4 1 
69191|Survivor|1: 2040 697 316 146 83 28 13 4 1 
69267|Survivor|1: 2023 889 387 174 86 31 14 5 1 
