107|Survivor|1: 1109 380 135 57 28 12 5 1 
461|Child_Levy|4: 1133 345 188 70 33 12 5 1 
563|Child_Cross|38: 1397 530 206 97 31 14 4 1 
712|Child_Cross|38: 1159 370 141 59 32 13 4 1 
849|Child_Cross|34: 1330 479 181 66 28 13 4 1 
1181|Survivor|1: 1120 365 172 66 27 10 4 1 
1281|Survivor|1: 896 320 136 59 28 12 5 1 
1314|Survivor|1: 3575 721 331 123 69 30 11 5 1 
1485|Survivor|1: 1115 394 146 61 29 9 4 1 
1508|Child_Cross|41: 3111 819 321 146 63 28 11 4 1 
1586|Survivor|1: 1444 455 186 76 35 13 5 1 
1864|Survivor|1: 1031 386 150 67 31 11 4 1 
1904|Child_Cross|25: 1434 425 155 81 32 13 4 1 
1908|Survivor|1: 1200 404 168 79 32 13 4 1 
1928|Child_Cross|46: 3639 802 275 132 57 27 13 4 1 
1972|Child_Cross|38: 3888 824 474 142 65 28 11 4 1 
2021|Child_Levy|20: 1326 396 153 82 28 12 5 1 
2071|Child_Cross|14: 1152 427 179 72 31 11 4 1 
2485|Survivor|1: 3885 996 387 161 66 25 11 4 1 
2498|Survivor|1: 3885 996 387 161 59 30 9 5 1 
2641|Survivor|1: 1149 347 142 65 30 11 5 1 
2676|Child_Avg|43: 1407 379 159 64 29 10 4 1 
2804|Survivor|1: 1224 497 183 76 28 13 4 1 
2991|Survivor|1: 2135 631 208 79 32 13 5 1 
3014|Survivor|1: 1400 409 161 67 32 13 5 1 
3126|Survivor|1: 1103 378 148 67 31 11 4 1 
3151|Child_Cross|42: 1036 311 154 59 30 11 5 1 
3457|Child_Levy|60: 1442 525 179 68 32 13 4 1 
3552|Child_Avg|63|Mutated: 1493 518 217 94 32 13 5 1 
3577|Survivor|1: 1127 326 148 63 28 12 5 1 
3997|Child_Cross|41: 1364 410 162 61 30 12 5 1 
4212|Survivor|1: 3159 772 284 131 52 31 11 4 1 
4528|Survivor|1: 3277 732 249 136 62 29 10 4 1 
4626|Survivor|1: 1184 383 146 62 24 11 5 1 
4857|Child_Levy|60: 3700 1366 442 195 77 35 13 5 1 
4873|Survivor|1: 1355 465 156 71 35 13 5 1 
5130|Survivor|1: 3807 915 472 166 69 32 15 4 1 
5152|Survivor|1: 1093 433 199 79 32 13 4 1 
5196|Child_Cross|42: 1394 491 183 73 32 13 4 1 
5215|Child_Avg|35: 3060 789 338 147 72 27 13 5 1 
5551|Survivor|1: 1132 330 154 73 32 13 4 1 
5586|Survivor|1: 1073 389 159 75 29 14 4 1 
5616|Child_Cross|34: 1064 325 155 67 32 13 5 1 
5644|Survivor|1: 939 408 161 63 32 13 5 1 
5795|Survivor|1: 4307 2780 571 265 134 63 28 11 4 1 
5920|Child_Cross|38: 4253 890 327 149 67 28 12 5 1 
6033|Survivor|1: 1180 451 174 81 32 13 4 1 
6081|Child_Cross|17: 1081 419 156 74 32 13 4 1 
6082|Child_Cross|61: 1081 419 156 74 32 13 5 1 
6089|Survivor|1|Mutated: 1284 419 156 74 32 13 5 1 
6219|Child_Cross|14: 3436 749 419 140 67 30 11 5 1 
6283|Child_Levy|16: 2966 830 351 146 75 28 11 4 1 
6352|Survivor|1: 1099 366 146 57 27 13 5 1 
6519|Survivor|1: 1124 363 141 72 32 11 4 1 
6558|Survivor|1: 1495 450 169 65 35 12 5 1 
6677|Child_Avg|27: 1449 432 174 68 31 11 4 1 
6694|Child_Avg|35: 1307 461 169 66 32 13 4 1 
6746|Child_Levy|56: 1135 357 158 66 31 14 5 1 
6782|Survivor|1: 1086 321 137 68 31 11 4 1 
7033|Child_Levy|24: 1149 353 142 64 24 11 5 1 
7046|Survivor|1: 1176 386 157 62 25 11 5 1 
7521|Survivor|1: 1518 491 189 71 28 11 4 1 
7527|Survivor|1: 1144 391 157 65 28 11 4 1 
7891|Child_Cross|33: 3654 1056 295 120 52 27 10 4 1 
8097|Child_Cross|46: 4038 889 311 149 64 29 9 4 1 
8101|Child_Cross|25: 4038 732 353 144 64 35 11 5 1 
8116|Survivor|1|Mutated: 3805 729 353 144 64 35 11 5 1 
8131|Survivor|1: 3007 836 296 114 61 29 10 4 1 
8209|Child_Levy|36: 1143 410 139 69 27 10 4 1 
8296|Child_Cross|5|Mutated: 3436 813 366 124 64 24 11 4 1 
8351|Child_Cross|18: 1144 359 135 63 31 14 5 1 
8365|Survivor|1: 1207 424 154 63 32 13 5 1 
8454|Survivor|1: 1282 390 175 69 28 11 4 1 
8503|Survivor|1: 1473 552 259 101 52 24 11 4 1 
8749|Survivor|1: 1371 420 161 71 35 11 4 1 
8996|Survivor|1: 3833 883 274 138 55 24 9 4 1 
9072|Child_Cross|34: 1193 374 149 63 28 11 4 1 
9190|Survivor|1: 3678 856 336 119 53 25 9 5 1 
9201|Survivor|1|Mutated: 3678 856 336 119 58 25 9 5 1 
9332|Child_Levy|20: 1174 430 169 72 32 11 4 1 
9410|Survivor|1: 1104 391 159 54 28 11 4 1 
9861|Child_Avg|15: 1517 497 194 78 32 11 4 1 
9909|Child_Cross|50: 1580 504 196 81 35 13 5 1 
9952|Survivor|1: 1424 403 151 75 32 13 5 1 
9963|Survivor|1: 1967 561 209 87 37 14 4 1 
10059|Survivor|1: 931 399 185 66 35 12 5 1 
10071|Child_Cross|9|Mutated: 3360 899 337 122 65 35 12 5 1 
10087|Survivor|1: 4438 1158 329 145 63 28 11 4 1 
10113|Survivor|1: 1110 377 145 63 27 10 4 1 
10153|Survivor|1: 1053 367 152 66 32 13 5 1 
10426|Child_Avg|35: 1794 523 208 80 35 13 5 1 
10436|Child_Cross|14: 3929 962 348 181 80 35 13 5 1 
10452|Survivor|1: 1105 347 171 77 35 13 5 1 
10467|Survivor|1: 1105 347 163 77 35 12 5 1 
10519|Child_Cross|1: 1133 370 157 69 27 13 5 1 
10587|Survivor|1: 1187 454 164 69 24 11 5 1 
10704|Survivor|1: 1130 372 153 67 31 14 4 1 
10721|Child_Cross|25: 1130 372 153 67 31 11 4 1 
11060|Survivor|1: 3458 1099 354 129 73 27 14 4 1 
11365|Child_Levy|56: 1972 557 204 74 32 13 5 1 
11448|Child_Cross|50: 4705 3217 824 327 137 55 24 9 4 1 
11480|Child_Cross|34: 4705 3217 824 327 137 64 30 11 5 1 
11483|Child_Cross|41: 4705 3217 824 327 137 87 32 13 5 1 
11734|Child_Cross|1: 974 370 161 79 32 13 5 1 
11865|Survivor|1: 1327 554 199 92 37 13 5 1 
11897|Child_Levy|12: 1143 497 191 79 32 13 5 1 
11917|Survivor|1|Mutated: 1143 497 191 79 32 13 4 1 
12009|Child_Levy|56: 1742 476 219 85 40 13 5 1 
12218|Child_Cross|30: 1161 399 151 65 28 11 4 1 
12244|Child_Cross|33: 1092 383 153 63 29 11 5 1 
12411|Survivor|1: 1405 398 175 77 33 13 4 1 
12633|Survivor|1: 3198 760 280 116 59 28 11 4 1 
12805|Survivor|1: 1392 427 172 71 29 11 5 1 
12807|Child_Avg|39: 1187 388 150 69 28 11 4 1 
12833|Survivor|1: 1091 382 161 70 29 9 4 1 
12910|Survivor|1: 1089 353 156 73 27 14 4 1 
12933|Survivor|1: 1190 367 149 75 28 13 4 1 
12957|Child_Cross|46: 1190 367 149 75 28 11 4 1 
13407|Child_Cross|54: 3672 877 337 113 53 28 11 4 1 
13516|Survivor|1: 1188 455 193 73 35 11 4 1 
13525|Child_Cross|53: 1188 455 193 73 35 11 5 1 
13665|Survivor|1: 2883 767 363 156 68 32 13 4 1 
13805|Survivor|1: 1119 314 150 65 28 11 4 1 
13839|Child_Levy|48: 1450 447 212 67 32 13 4 1 
13913|Child_Cross|29: 1145 451 174 74 30 13 5 1 
14165|Survivor|1: 1150 394 157 70 31 11 4 1 
14399|Survivor|1: 1129 359 159 54 28 12 5 1 
14611|Survivor|1: 1389 440 145 77 35 12 5 1 
14689|Survivor|1: 1153 448 159 68 32 11 4 1 
14783|Child_Cross|21: 1059 431 154 63 27 11 4 1 
14785|Child_Cross|30: 1358 522 192 67 30 11 5 1 
14817|Child_Cross|42: 930 365 134 62 30 11 5 1 
15034|Child_Cross|9: 1447 400 163 77 36 13 4 1 
15056|Child_Levy|28: 1395 407 181 64 35 13 5 1 
15119|Survivor|1: 1083 329 142 65 24 11 5 1 
15198|Child_Levy|56: 1211 473 146 66 30 13 5 1 
15206|Survivor|1: 1111 398 143 64 28 11 4 1 
15486|Survivor|1: 1162 383 175 69 28 11 4 1 
15520|Survivor|1: 1561 369 193 75 35 12 5 1 
15539|Child_Levy|16: 1363 467 184 87 27 13 5 1 
15755|Child_Avg|63: 1299 383 157 64 28 11 4 1 
15966|Survivor|1: 1185 396 175 69 28 11 4 1 
16085|Survivor|1|Mutated: 973 352 131 65 28 12 5 1 
16145|Child_Levy|12: 1418 405 156 76 35 12 5 1 
16458|Survivor|1: 940 379 139 61 30 11 5 1 
16856|Survivor|1: 1065 346 147 70 31 11 4 1 
16923|Child_Avg|7: 1100 393 149 68 31 11 4 1 
16946|Survivor|1: 1100 393 149 68 31 10 4 1 
16990|Child_Avg|31: 1354 433 169 71 36 11 5 1 
17015|Survivor|1: 1165 437 196 59 29 11 5 1 
17205|Child_Cross|26: 2129 823 338 135 52 28 11 4 1 
17279|Survivor|1: 1385 369 157 79 31 11 4 1 
17283|Child_Cross|9: 1099 351 152 69 30 11 5 1 
17286|Survivor|1: 1099 324 152 69 30 11 5 1 
17593|Child_Levy|60: 1073 357 148 78 27 13 5 1 
17782|Survivor|1: 1058 345 148 59 28 12 5 1 
17970|Child_Levy|4: 1136 439 156 62 28 13 4 1 
18059|Survivor|1: 1145 393 177 80 30 11 5 1 
18082|Survivor|1: 1831 547 184 78 30 11 5 1 
18242|Child_Cross|26: 880 343 156 65 28 12 5 1 
18316|Survivor|1: 1110 450 173 64 35 11 4 1 
18424|Survivor|1: 947 407 154 62 27 13 5 1 
18514|Child_Cross|62: 4159 1104 491 131 62 30 11 5 1 
18623|Child_Cross|18: 2785 816 310 139 71 30 12 5 1 
18916|Survivor|1: 968 317 139 62 28 12 5 1 
18928|Survivor|1|Mutated: 902 317 139 62 28 12 5 1 
18941|Child_Levy|4: 1134 445 177 73 35 12 5 1 
19016|Survivor|1: 1050 374 145 74 25 11 5 1 
19112|Survivor|1: 1433 371 141 59 32 13 4 1 
19208|Survivor|1|Mutated: 1468 445 160 72 30 11 5 1 
19214|Child_Avg|51|Mutated: 1309 417 151 73 28 12 5 1 
19219|Child_Cross|61: 1309 402 173 73 32 13 5 1 
19258|Child_Cross|45: 1379 415 162 70 30 13 5 1 
19270|Survivor|1: 3491 975 396 157 68 32 13 4 1 
19320|Survivor|1: 1159 342 147 69 28 11 4 1 
19691|Random|24: 3617 926 424 133 63 29 14 4 1 
20035|Survivor|1: 1441 459 174 67 32 11 4 1 
20046|Child_Cross|62: 1441 459 174 67 32 13 5 1 
20058|Survivor|1|Mutated: 1441 459 174 81 32 13 5 1 
20072|Survivor|1: 1138 373 162 67 35 12 5 1 
20100|Survivor|1: 1088 406 153 63 28 11 4 1 
20278|Child_Avg|19: 1100 336 141 66 28 13 4 1 
20403|Child_Cross|13: 1410 408 172 65 25 14 4 1 
20500|Child_Levy|36: 1548 573 242 94 31 14 5 1 
20518|Survivor|1: 988 365 148 77 29 11 5 1 
20574|Child_Levy|52: 1884 501 172 74 32 13 4 1 
20586|Survivor|1: 1884 559 172 74 32 13 4 1 
20631|Survivor|1: 1455 571 212 89 32 11 4 1 
20778|Survivor|1: 1126 403 163 65 31 10 4 1 
20874|Survivor|1: 1151 436 179 59 27 13 5 1 
20898|Survivor|1|Mutated: 1937 706 328 123 68 30 12 5 1 
20933|Child_Cross|5: 1592 430 201 80 35 11 4 1 
21146|Child_Avg|39|Mutated: 1288 446 205 87 32 13 4 1 
21170|Child_Cross|29: 2103 649 289 121 55 27 10 4 1 
21188|Child_Levy|4: 1037 369 148 63 28 12 5 1 
21192|Survivor|1|Mutated: 1070 369 136 63 28 12 5 1 
21485|Survivor|1: 894 386 163 85 28 13 4 1 
21649|Child_Cross|22: 4234 1036 333 121 65 27 10 4 1 
21981|Survivor|1: 1463 496 193 75 27 14 4 1 
22067|Survivor|1|Mutated: 1323 455 165 67 30 13 5 1 
22087|Survivor|1: 1198 393 164 69 25 14 4 1 
22100|Survivor|1: 1151 367 164 76 30 13 5 1 
22238|Child_Cross|5: 4144 1367 400 164 79 28 12 5 1 
22250|Survivor|1: 1159 344 159 66 28 12 5 1 
22269|Survivor|1: 1187 422 207 73 32 15 4 1 
22741|Survivor|1: 1590 464 152 77 35 13 5 1 
22757|Survivor|1: 1025 319 148 67 35 13 5 1 
23050|Survivor|1: 2189 846 298 148 69 28 11 4 1 
23348|Child_Cross|34: 4437 914 283 157 81 32 13 4 1 
23565|Child_Avg|39: 1237 363 169 79 28 12 5 1 
23593|Survivor|1: 4152 1028 369 130 64 28 11 4 1 
23599|Survivor|1: 1099 331 153 60 28 11 4 1 
23890|Survivor|1: 1100 377 140 69 31 14 5 1 
23967|Survivor|1: 1364 415 145 77 30 14 5 1 
24081|Survivor|1: 2111 853 328 127 59 32 13 4 1 
24203|Survivor|1: 944 355 164 61 30 11 5 1 
24361|Survivor|1: 1058 330 145 60 28 11 4 1 
24381|Child_Avg|43: 1407 424 166 67 29 11 5 1 
24478|Child_Cross|5: 1408 490 169 68 32 11 4 1 
24567|Survivor|1: 950 334 127 62 27 13 5 1 
24679|Child_Cross|38: 1467 505 183 80 30 11 5 1 
24734|Child_Cross|38: 3712 1024 403 191 87 37 14 4 1 
24858|Survivor|1: 2910 849 269 130 53 30 11 5 1 
24929|Child_Cross|14: 3799 928 465 174 79 32 13 5 1 
24946|Survivor|1: 3960 1156 545 193 79 32 13 5 1 
24950|Child_Levy|32: 1373 491 191 69 30 11 5 1 
25066|Child_Cross|30: 1124 369 171 74 32 15 4 1 
25090|Survivor|1: 961 364 155 65 28 11 4 1 
25182|Child_Cross|17: 1221 497 174 79 28 13 4 1 
25374|Survivor|1: 1403 429 151 80 30 11 5 1 
25539|Survivor|1|Mutated: 1080 364 149 59 27 10 4 1 
25664|Child_Levy|52: 1148 337 147 64 28 13 4 1 
25772|Survivor|1: 1102 365 143 58 35 13 5 1 
26024|Survivor|1: 1151 328 153 59 25 14 4 1 
26357|Survivor|1: 1295 395 164 64 29 11 5 1 
26364|Child_Cross|53: 1135 372 153 59 32 11 4 1 
26503|Survivor|1: 972 394 159 74 35 12 5 1 
26510|Child_Cross|45: 1277 379 160 72 35 12 5 1 
26534|Survivor|1|Mutated: 1292 374 159 62 30 11 5 1 
26774|Child_Avg|51: 1005 371 149 60 28 11 4 1 
26781|Child_Cross|30|Mutated: 1057 371 149 60 28 11 4 1 
26833|Survivor|1: 2188 586 259 113 55 21 10 4 1 
27072|Survivor|1: 1271 475 163 63 29 11 5 1 
27247|Survivor|1: 1406 461 154 75 32 13 5 1 
27256|Child_Cross|1|Mutated: 1128 432 147 74 29 11 5 1 
27432|Survivor|1: 1369 393 174 60 31 14 5 1 
27434|Survivor|1: 1369 393 174 60 28 11 4 1 
27880|Survivor|1: 1963 534 197 94 45 14 6 1 
27939|Survivor|1: 1094 368 145 63 27 13 5 1 
28131|Survivor|1: 1092 338 148 63 29 10 4 1 
28229|Child_Cross|50: 3195 674 295 149 82 24 11 4 1 
28277|Survivor|1: 2865 916 358 143 67 35 11 4 1 
28279|Survivor|1: 2865 941 358 152 67 35 13 5 1 
28403|Survivor|1: 1053 456 138 68 29 11 5 1 
28472|Survivor|1: 952 423 150 78 32 11 4 1 
28495|Survivor|1: 1105 333 157 62 32 13 4 1 
28514|Child_Avg|59: 1345 379 154 67 35 13 5 1 
28784|Survivor|1: 1270 369 153 71 28 12 5 1 
28867|Survivor|1: 1146 341 169 70 31 11 4 1 
29023|Survivor|1: 1138 363 134 63 28 11 4 1 
29150|Child_Cross|2: 1223 350 156 71 29 11 5 1 
29324|Survivor|1: 1401 468 182 69 33 13 4 1 
29325|Child_Cross|1: 3646 1089 326 176 69 33 13 4 1 
29399|Survivor|1: 1095 381 185 80 30 11 5 1 
29417|Survivor|1: 1036 397 156 79 35 12 5 1 
29424|Child_Cross|14: 978 382 155 68 35 12 5 1 
29426|Survivor|1: 1504 595 169 78 35 12 5 1 
29742|Child_Levy|4: 1366 534 173 69 32 13 4 1 
29773|Survivor|1: 1327 516 179 73 35 12 5 1 
29847|Child_Levy|4: 1406 438 172 81 32 13 5 1 
29855|Survivor|1: 1406 438 172 81 32 13 4 1 
29858|Survivor|1: 1142 366 149 74 32 13 4 1 
29919|Survivor|1: 1313 361 167 73 28 12 5 1 
30753|Survivor|1: 3908 1108 481 167 67 32 13 5 1 
30885|Child_Cross|53: 1071 397 176 57 27 13 5 1 
31115|Survivor|1: 1074 325 142 54 24 11 5 1 
31801|Survivor|1: 1111 391 139 70 30 12 5 1 
32453|Survivor|1: 1315 397 199 71 30 13 5 1 
32457|Child_Cross|22: 1427 409 156 61 28 12 5 1 
32469|Survivor|1: 1427 436 156 61 28 12 5 1 
32659|Child_Levy|40: 1017 380 157 65 35 12 5 1 
32898|Survivor|1: 1144 359 170 71 35 11 5 1 
33191|Survivor|1: 1094 397 193 74 35 11 5 1 
33196|Survivor|1: 905 350 153 64 35 11 5 1 
33405|Survivor|1: 1179 396 153 64 33 12 5 1 
33502|Child_Cross|46: 1534 389 176 79 32 13 4 1 
33992|Child_Cross|9: 1134 337 156 59 27 13 5 1 
34154|Child_Cross|34: 1461 400 173 67 35 11 4 1 
34209|Child_Cross|1: 3931 946 433 157 74 25 11 5 1 
34592|Child_Cross|30: 1139 414 157 62 35 13 5 1 
34612|Survivor|1: 1295 414 157 62 35 13 5 1 
34827|Survivor|1: 1308 430 187 71 32 11 4 1 
34830|Child_Avg|47: 1017 420 149 69 35 13 5 1 
34901|Survivor|1: 3731 970 347 131 55 29 10 4 1 
34911|Survivor|1: 3966 970 347 131 55 29 10 4 1 
35027|Child_Cross|25: 1019 413 145 62 30 12 5 1 
35708|Survivor|1: 1128 461 166 76 35 11 4 1 
35814|Child_Cross|45: 1418 490 211 63 31 14 4 1 
35824|Survivor|1|Mutated: 1352 490 211 63 31 14 4 1 
35908|Child_Levy|60: 1012 380 177 67 30 11 5 1 
36040|Child_Cross|30: 1025 415 156 74 32 13 5 1 
36176|Child_Levy|40: 1030 347 151 64 27 13 5 1 
36446|Child_Cross|21: 1140 361 135 62 35 13 5 1 
36584|Survivor|1: 1085 387 163 68 32 11 4 1 
36727|Child_Cross|1: 1155 351 139 54 28 11 4 1 
36789|Child_Levy|52: 1383 473 176 72 35 13 5 1 
36836|Child_Levy|16: 1134 460 156 59 28 12 5 1 
37002|Child_Cross|33: 1376 499 211 76 28 13 4 1 
37007|Survivor|1: 3388 1035 335 144 68 31 10 4 1 
37053|Child_Levy|8: 1366 389 166 73 35 11 5 1 
37141|Survivor|1: 1204 373 134 69 27 10 4 1 
37253|Survivor|1: 1447 405 177 77 33 12 5 1 
37378|Survivor|1|Mutated: 1109 441 172 82 29 14 4 1 
37482|Child_Levy|20: 1332 372 146 69 35 13 5 1 
37723|Child_Levy|64: 1317 382 149 70 29 11 5 1 
37734|Child_Cross|42: 1440 401 178 69 33 14 4 1 
37861|Survivor|1: 1158 409 164 67 35 12 5 1 
37900|Child_Cross|2: 1133 373 151 63 35 11 5 1 
38088|Survivor|1: 1864 462 169 67 30 11 5 1 
38126|Survivor|1: 1079 389 211 76 40 13 5 1 
38225|Child_Cross|57: 4967 4413 1004 297 142 59 28 11 4 1 
38443|Survivor|1: 1282 473 189 76 35 11 4 1 
38486|Child_Avg|39: 1172 447 173 60 35 11 4 1 
38695|Survivor|1|Mutated: 1322 467 177 76 40 13 5 1 
39071|Child_Levy|28: 1115 377 170 73 32 13 5 1 
39089|Child_Levy|28: 1099 431 178 72 27 14 4 1 
39134|Child_Avg|59|Mutated: 1166 419 151 65 28 12 5 1 
39135|Child_Levy|20: 1224 380 163 66 28 11 4 1 
39241|Survivor|1: 881 359 138 63 28 11 4 1 
39285|Survivor|1|Mutated: 1180 439 178 67 33 12 5 1 
39427|Child_Avg|27: 1180 379 134 65 35 11 4 1 
39670|Child_Cross|13: 1133 356 143 63 25 11 5 1 
39754|Survivor|1: 1093 420 174 57 26 14 5 1 
39803|Survivor|1: 1054 416 163 68 35 12 5 1 
39835|Survivor|1: 1054 416 163 68 35 14 5 1 
39991|Survivor|1|Mutated: 4642 1416 335 178 79 32 13 5 1 
40070|Child_Cross|54: 1394 446 173 69 29 14 4 1 
40087|Survivor|1: 1509 391 206 73 35 11 5 1 
40108|Survivor|1: 1381 401 197 71 35 11 5 1 
40272|Child_Levy|56: 1139 428 209 76 30 12 5 1 
40393|Survivor|1: 1061 320 152 61 29 10 4 1 
40528|Survivor|1: 3846 1079 449 156 90 27 10 4 1 
40645|Survivor|1: 1478 529 184 65 28 12 5 1 
40664|Survivor|1: 1047 328 139 58 28 12 5 1 
40666|Child_Levy|32: 1257 452 144 73 27 13 5 1 
40695|Survivor|1: 1132 410 149 57 27 14 4 1 
40912|Survivor|1: 1031 359 138 63 28 11 4 1 
41014|Survivor|1: 3193 804 311 114 56 24 9 4 1 
41026|Survivor|1: 3142 804 311 114 56 24 9 4 1 
41058|Survivor|1: 1028 369 159 61 30 11 5 1 
41089|Child_Cross|1: 1028 369 159 61 30 13 5 1 
41097|Child_Cross|34: 3220 799 313 119 61 30 13 5 1 
41133|Survivor|1: 1171 409 154 62 24 11 4 1 
41227|Child_Cross|17: 1416 406 179 73 36 13 4 1 
41274|Survivor|1: 1060 369 149 62 30 11 5 1 
41422|Child_Levy|56: 1093 386 161 68 30 12 5 1 
41582|Survivor|1: 971 352 135 59 30 11 5 1 
41683|Survivor|1: 1141 365 177 69 24 11 5 1 
41689|Child_Cross|41: 1123 315 142 54 24 11 5 1 
41716|Child_Cross|53|Mutated: 1144 315 131 59 30 11 5 1 
42443|Survivor|1|Mutated: 1155 430 151 76 35 13 5 1 
42589|Survivor|1: 1056 451 193 75 40 11 5 1 
42689|Survivor|1: 1613 477 185 72 32 11 4 1 
42745|Survivor|1: 1334 394 203 78 27 13 5 1 
42892|Survivor|1: 3047 941 322 151 74 28 12 5 1 
42900|Child_Levy|48: 1174 437 203 80 30 11 5 1 
43021|Survivor|1: 1188 332 143 61 28 12 5 1 
43024|Survivor|1: 1120 333 138 58 28 11 4 1 
43205|Survivor|1: 1173 386 164 65 28 11 4 1 
43218|Survivor|1: 1197 363 172 63 28 11 4 1 
43268|Child_Cross|2: 3846 912 413 145 63 35 13 5 1 
43279|Child_Levy|56: 3628 787 337 145 67 35 13 5 1 
43289|Child_Cross|61: 4049 787 337 156 72 27 11 4 1 
43450|Survivor|1: 1420 428 179 62 32 13 4 1 
43586|Child_Avg|35: 1208 452 181 86 35 11 4 1 
43648|Survivor|1: 1081 379 136 63 35 13 5 1 
43929|Child_Cross|25: 1104 360 198 71 29 10 4 1 
43954|Child_Cross|61: 1123 394 147 61 28 12 5 1 
43968|Survivor|1|Mutated: 987 394 147 61 28 12 5 1 
44007|Child_Cross|57: 1295 565 183 71 35 13 5 1 
44026|Survivor|1: 1204 467 183 63 28 12 5 1 
44142|Survivor|1: 1271 388 145 59 28 12 5 1 
44308|Survivor|1|Mutated: 2099 598 288 111 54 28 11 4 1 
44331|Survivor|1: 3494 856 399 158 78 23 13 4 1 
44378|Survivor|1: 874 333 135 60 28 11 4 1 
44473|Child_Avg|27: 913 346 151 60 28 11 4 1 
44511|Survivor|1: 1584 422 187 71 32 11 4 1 
44514|Child_Avg|15: 1525 488 198 73 35 12 5 1 
44579|Survivor|1: 1126 335 151 57 28 12 5 1 
44799|Survivor|1|Mutated: 1333 421 151 71 27 13 5 1 
44969|Survivor|1: 1136 387 165 59 28 13 4 1 
45187|Survivor|1: 1025 384 145 74 30 12 5 1 
45274|Child_Levy|20: 1407 480 176 78 31 14 5 1 
45350|Survivor|1: 1303 444 159 68 32 11 4 1 
45395|Survivor|1: 1360 356 167 80 28 11 4 1 
45569|Survivor|1|Mutated: 1145 357 149 72 35 12 5 1 
45825|Child_Avg|23: 1425 462 205 71 28 11 4 1 
45829|Survivor|1|Mutated: 1425 462 190 71 28 11 4 1 
45833|Survivor|1: 1369 462 190 71 28 11 4 1 
45837|Child_Cross|1: 1432 462 205 71 28 11 4 1 
46089|Survivor|1: 1117 347 151 58 28 11 4 1 
46188|Survivor|1: 989 379 157 59 29 11 5 1 
46284|Survivor|1: 1209 349 159 74 33 12 5 1 
46429|Child_Cross|1: 4820 986 393 141 72 32 13 4 1 
46434|Survivor|1: 4908 986 393 141 72 32 13 4 1 
46569|Survivor|1: 3273 723 383 194 81 28 11 4 1 
46625|Survivor|1: 1135 410 151 58 28 11 4 1 
46793|Child_Cross|13: 4770 3548 827 278 128 54 28 11 4 1 
47020|Random|32: 3097 867 348 139 78 27 13 4 1 
47047|Survivor|1: 1430 483 188 71 28 11 4 1 
47054|Survivor|1: 1160 424 171 64 28 11 4 1 
47109|Survivor|1|Mutated: 1339 487 185 70 29 11 5 1 
47192|Survivor|1: 4273 3064 770 295 132 63 29 10 4 1 
47311|Child_Cross|41: 3336 707 267 124 53 28 11 4 1 
47616|Child_Levy|60: 943 351 143 62 30 12 5 1 
47801|Survivor|1: 1368 428 141 71 28 11 4 1 
47969|Survivor|1: 1370 402 151 68 31 11 4 1 
48069|Survivor|1: 1495 411 175 68 31 11 4 1 
48393|Survivor|1: 1440 442 175 77 33 13 4 1 
48605|Child_Avg|27: 1420 514 175 78 31 14 5 1 
48616|Survivor|1: 904 389 156 61 28 12 5 1 
48924|Child_Avg|39: 1097 422 184 71 36 13 4 1 
49074|Child_Levy|20: 1119 410 159 64 35 13 5 1 
49102|Survivor|1: 1381 372 203 72 30 11 5 1 
49104|Child_Avg|51: 1452 402 187 70 30 11 5 1 
49397|Survivor|1: 1595 449 178 66 32 13 4 1 
49419|Survivor|1: 1129 367 172 62 27 10 4 1 
49557|Child_Cross|17: 4109 1256 485 180 76 35 11 5 1 
49691|Survivor|1: 1106 407 153 74 31 11 4 1 
49802|Survivor|1: 1142 350 147 66 31 14 5 1 
49935|Survivor|1: 1177 363 184 66 29 9 4 1 
49994|Survivor|1: 1066 381 144 74 28 11 4 1 
50082|Child_Avg|51: 3164 953 401 157 65 31 11 4 1 
50408|Survivor|1: 1414 389 149 57 27 13 5 1 
50419|Child_Levy|16: 1144 406 149 68 30 12 5 1 
50686|Survivor|1: 3596 997 337 170 63 27 13 5 1 
50762|Survivor|1: 962 347 149 62 30 11 5 1 
50809|Child_Avg|7: 1328 402 173 65 25 14 4 1 
50903|Survivor|1: 1292 373 172 74 27 14 4 1 
51076|Child_Avg|63: 1426 435 177 70 29 11 5 1 
51083|Survivor|1|Mutated: 1507 438 177 70 29 11 5 1 
51418|Survivor|1: 1376 386 154 69 28 11 4 1 
51556|Child_Cross|22: 3519 802 467 159 58 27 13 5 1 
51662|Survivor|1|Mutated: 1386 381 145 65 31 11 4 1 
51673|Child_Avg|47: 1288 388 149 67 28 12 5 1 
51682|Child_Cross|46: 1056 384 161 53 28 12 5 1 
51784|Survivor|1: 1447 378 139 72 32 13 4 1 
51858|Survivor|1: 1435 402 203 72 32 13 5 1 
52074|Survivor|1: 965 356 145 65 28 11 4 1 
52240|Child_Cross|62: 4728 890 409 176 80 30 11 5 1 
52309|Survivor|1|Mutated: 2055 653 232 123 59 30 11 5 1 
52445|Survivor|1: 1264 465 156 76 35 11 5 1 
52664|Survivor|1: 2906 742 337 144 74 28 11 4 1 
52667|Survivor|1|Mutated: 3486 742 337 144 74 28 11 4 1 
52717|Child_Cross|1: 1151 412 154 61 23 12 5 1 
52773|Child_Cross|30: 3916 857 280 111 59 28 13 4 1 
52776|Child_Levy|64: 1457 446 164 69 30 11 5 1 
52797|Child_Cross|62: 1487 397 213 69 30 11 5 1 
52814|Child_Cross|17: 1151 384 161 67 30 11 5 1 
52826|Survivor|1: 1094 392 147 61 30 11 5 1 
52849|Survivor|1: 1131 499 198 77 37 12 5 1 
52964|Survivor|1: 1452 416 153 63 29 10 4 1 
53206|Survivor|1: 3028 721 291 117 61 32 13 4 1 
53242|Survivor|1: 2069 680 311 154 57 23 10 4 1 
53243|Child_Cross|58: 2976 902 335 144 57 23 10 4 1 
53404|Child_Avg|15|Mutated: 1038 327 137 64 30 11 5 1 
53492|Survivor|1: 841 351 164 64 27 13 5 1 
53622|Survivor|1: 3174 831 291 132 71 30 12 5 1 
53798|Survivor|1: 1512 424 213 75 32 13 4 1 
53882|Child_Avg|51: 1458 433 182 72 32 13 5 1 
54252|Child_Avg|39: 942 388 143 75 28 11 4 1 
54367|Child_Cross|2: 1293 376 152 71 28 11 4 1 
54412|Survivor|1: 1165 349 144 63 30 13 5 1 
54645|Survivor|1: 1058 352 165 64 29 10 4 1 
54750|Child_Cross|50: 3305 920 354 153 58 28 11 4 1 
54776|Child_Cross|14: 1151 487 163 69 28 12 5 1 
54849|Survivor|1: 1134 356 151 75 28 11 4 1 
54898|Survivor|1: 1084 400 165 72 27 14 4 1 
54951|Child_Cross|45: 1207 390 181 69 33 17 5 1 
54986|Survivor|1: 1103 340 139 61 29 10 4 1 
55033|Survivor|1: 2098 656 287 120 52 28 11 4 1 
55148|Child_Cross|21: 975 326 164 63 28 12 5 1 
55152|Child_Cross|53: 1089 449 157 61 28 12 5 1 
55370|Child_Cross|53: 3217 983 302 129 56 24 11 5 1 
55435|Survivor|1: 941 376 155 65 29 14 4 1 
55542|Survivor|1: 1449 430 193 73 36 13 4 1 
55590|Child_Levy|48: 1318 423 174 77 30 11 5 1 
55592|Child_Levy|40: 1379 417 172 81 35 13 6 1 
55649|Child_Cross|6: 4823 1124 327 142 59 30 11 5 1 
55693|Survivor|1: 4071 775 299 133 67 30 13 5 1 
55919|Child_Cross|33: 1315 372 154 69 28 11 4 1 
56025|Child_Cross|61: 3464 926 274 161 77 31 14 4 1 
56152|Survivor|1: 958 363 166 63 25 11 5 1 
56207|Survivor|1: 1119 380 149 62 27 14 4 1 
56316|Child_Levy|32: 1396 597 180 81 32 13 4 1 
56351|Survivor|1: 1402 419 181 79 32 11 4 1 
56501|Child_Cross|34: 1118 433 141 69 35 13 5 1 
56507|Survivor|1: 1108 455 146 68 35 13 5 1 
56620|Survivor|1: 4197 1790 454 177 89 35 11 4 1 
56676|Child_Cross|6: 4763 1987 593 274 121 56 27 10 4 1 
56753|Survivor|1: 1282 392 155 74 29 10 4 1 
56841|Child_Cross|46: 1411 407 182 79 29 11 5 1 
56902|Survivor|1: 1471 530 187 73 30 11 5 1 
56904|Child_Avg|15: 1145 406 153 64 30 11 5 1 
56922|Survivor|1: 1098 378 137 62 30 11 5 1 
57034|Child_Cross|6: 1388 402 162 69 32 11 4 1 
57360|Survivor|1|Mutated: 1135 370 197 76 27 13 5 1 
57624|Child_Cross|30: 1187 426 191 70 27 13 5 1 
57760|Survivor|1: 3355 1080 406 159 62 29 10 4 1 
57839|Survivor|1|Mutated: 4320 915 390 136 66 27 10 4 1 
57957|Survivor|1: 2251 647 305 105 52 28 11 4 1 
58096|Survivor|1: 1085 373 158 71 33 13 4 1 
58285|Child_Cross|22: 927 407 133 62 28 12 5 1 
58459|Child_Avg|15|Mutated: 1324 456 205 74 35 12 5 1 
58470|Survivor|1: 1122 325 161 62 35 12 5 1 
58477|Child_Cross|29: 3297 794 280 154 62 35 12 5 1 
58489|Child_Cross|34: 1074 385 164 72 30 11 5 1 
58506|Child_Cross|61: 1074 385 149 72 30 11 5 1 
58578|Survivor|1: 1206 377 167 64 27 13 5 1 
58664|Child_Avg|47: 1479 425 148 69 28 11 4 1 
58794|Survivor|1: 1272 494 197 72 32 13 5 1 
58859|Child_Levy|12|Mutated: 1086 376 171 74 26 14 5 1 
58875|Child_Cross|34|Mutated: 1444 387 165 79 26 14 5 1 
59007|Survivor|1: 1139 334 216 77 33 12 5 1 
59028|Survivor|1: 1479 495 222 80 35 13 6 1 
59056|Child_Avg|63: 1293 424 143 71 30 13 5 1 
59126|Child_Cross|26: 3652 783 334 127 49 25 11 5 1 
59167|Child_Avg|7: 3652 783 334 123 52 28 11 4 1 
59171|Survivor|1: 1091 403 164 84 36 13 4 1 
59478|Survivor|1: 1112 383 157 62 24 11 5 1 
59541|Survivor|1: 1308 383 163 68 31 13 4 1 
59570|Child_Cross|17: 1308 383 163 68 32 13 4 1 
59612|Survivor|1: 1088 410 153 61 29 11 5 1 
59645|Survivor|1: 940 365 137 69 27 10 4 1 
59850|Child_Avg|31: 1242 507 178 81 29 11 5 1 
59871|Survivor|1: 1161 436 178 81 29 11 5 1 
59900|Survivor|1: 2943 817 306 129 72 31 11 4 1 
59977|Child_Levy|44: 1533 460 217 75 35 11 5 1 
60173|Child_Avg|19: 1118 454 185 62 32 13 4 1 
60603|Survivor|1: 3107 799 308 118 55 29 10 4 1 
60981|Survivor|1: 4087 971 346 152 75 30 11 5 1 
61010|Child_Cross|37: 1100 365 151 71 30 12 5 1 
61042|Survivor|1|Mutated: 3027 826 403 162 90 28 13 4 1 
61143|Survivor|1: 923 383 156 59 28 11 4 1 
61290|Survivor|1: 1520 443 157 68 31 11 4 1 
61359|Child_Cross|1: 4324 946 427 162 64 27 13 4 1 
61443|Survivor|1: 1341 463 249 88 32 13 5 1 
61444|Survivor|1|Mutated: 1476 463 249 88 32 13 5 1 
61539|Survivor|1: 4466 1121 419 137 59 28 13 4 1 
61565|Child_Cross|9: 1360 395 169 65 29 14 6 1 
61656|Survivor|1: 2103 740 336 163 60 28 11 4 1 
61702|Survivor|1: 1118 345 149 59 27 10 4 1 
61782|Child_Cross|33: 1211 434 152 77 28 11 4 1 
61788|Survivor|1|Mutated: 1211 387 152 77 28 11 4 1 
61958|Survivor|1: 3492 910 306 147 59 27 13 4 1 
62141|Survivor|1: 1165 374 158 55 27 10 4 1 
62208|Survivor|1: 1477 468 163 77 41 13 4 1 
62293|Survivor|1: 1036 371 180 63 31 14 5 1 
62309|Survivor|1|Mutated: 1036 371 163 63 31 14 5 1 
62350|Survivor|1: 1036 371 163 63 33 14 4 1 
62413|Survivor|1: 1412 387 165 69 35 11 4 1 
62548|Survivor|1: 1406 439 156 70 30 11 5 1 
62554|Child_Cross|33: 1126 369 155 63 28 11 4 1 
62614|Survivor|1: 1054 352 166 75 28 11 4 1 
63040|Child_Cross|33: 1280 449 176 77 31 14 4 1 
63125|Child_Cross|25: 1353 388 153 66 28 13 4 1 
63285|Survivor|1: 2122 815 351 142 58 24 9 4 1 
63643|Survivor|1: 1166 365 166 78 30 13 5 1 
63815|Child_Cross|6: 1521 439 215 78 27 13 5 1 
64189|Survivor|1: 1205 403 155 67 32 13 4 1 
64237|Child_Levy|40: 1300 573 206 89 35 11 5 1 
64381|Survivor|1: 1241 452 171 76 29 14 4 1 
64386|Child_Levy|16: 1209 449 183 75 32 13 4 1 
64419|Survivor|1: 1025 354 138 63 28 11 4 1 
64651|Child_Cross|41: 1176 369 191 70 33 12 5 1 
64944|Survivor|1: 1063 389 153 78 29 11 5 1 
64975|Survivor|1: 1093 390 159 57 31 11 4 1 
65272|Survivor|1: 1119 399 193 76 36 13 4 1 
65378|Child_Levy|16: 929 359 153 68 30 12 5 1 
65446|Survivor|1: 1259 391 178 67 31 14 5 1 
65479|Child_Avg|39: 1438 407 182 77 33 12 5 1 
65548|Child_Levy|32: 1485 462 166 80 35 11 5 1 
65676|Child_Cross|38: 3101 852 355 135 52 24 9 4 1 
65681|Survivor|1: 1488 437 169 82 32 12 5 1 
65916|Child_Cross|29: 954 349 144 63 28 12 5 1 
66208|Child_Levy|40: 1107 396 209 72 32 13 4 1 
66490|Child_Levy|4: 3044 821 364 176 63 28 12 5 1 
66495|Child_Avg|59: 1826 676 285 143 64 28 11 4 1 
66662|Survivor|1: 2131 525 228 101 35 12 5 1 
66663|Child_Cross|42: 1489 472 198 79 35 12 5 1 
67022|Survivor|1: 1113 344 146 68 35 13 5 1 
67065|Survivor|1: 3836 968 377 139 53 28 12 5 1 
67100|Survivor|1: 1271 435 161 73 35 11 4 1 
67191|Survivor|1: 1184 335 161 70 30 12 5 1 
67235|Survivor|1|Mutated: 3087 962 439 149 61 28 13 4 1 
67534|Child_Levy|60: 1100 405 144 75 28 12 5 1 
67704|Survivor|1: 1072 315 154 71 29 11 5 1 
67760|Survivor|1: 3831 1131 351 150 70 23 10 4 1 
67899|Child_Levy|4: 980 421 161 68 30 14 5 1 
68101|Survivor|1: 1024 467 166 78 24 11 5 1 
68207|Survivor|1|Mutated: 1057 365 168 62 30 11 5 1 
68265|Survivor|1|Mutated: 1348 466 175 77 31 11 4 1 
68333|Survivor|1: 1572 437 196 96 36 13 4 1 
68340|Survivor|1: 1572 437 196 96 35 12 5 1 
68347|Child_Avg|7: 1338 407 188 91 35 11 5 1 
68348|Child_Avg|3: 1338 407 188 91 35 12 5 1 
68356|Survivor|1|Mutated: 1338 407 188 91 35 13 5 1 
68690|Child_Cross|14: 4331 954 325 118 54 28 11 4 1 
68780|Survivor|1: 1236 423 178 84 31 14 4 1 
68854|Survivor|1: 1095 374 154 59 32 13 4 1 
68875|Survivor|1: 993 374 154 59 32 13 4 1 
68917|Child_Levy|20: 1114 467 156 80 35 13 5 1 
69005|Survivor|1: 1115 333 134 62 27 13 5 1 
69335|Survivor|1: 963 452 187 76 29 14 4 1 
69410|Child_Levy|36: 1428 431 162 59 25 12 5 1 
69765|Survivor|1: 1087 368 137 59 28 13 4 1 
70040|Survivor|1|Mutated: 1135 374 192 76 35 13 5 1 
70133|Survivor|1: 1233 339 169 71 30 12 5 1 
70139|Survivor|1: 1319 339 169 71 30 12 5 1 
70244|Survivor|1: 1045 366 132 63 28 12 5 1 
70325|Survivor|1: 1189 414 165 68 32 11 4 1 
70330|Child_Cross|26: 1196 414 165 68 32 11 4 1 
70362|Child_Cross|62: 1396 414 165 67 35 11 5 1 
70369|Child_Avg|23: 1480 423 166 71 31 14 5 1 
70386|Child_Cross|62: 1273 390 169 71 31 14 5 1 
70414|Child_Cross|29: 1084 333 138 66 35 12 5 1 
70517|Survivor|1: 1001 366 147 76 28 11 4 1 
70605|Child_Cross|25: 3335 719 265 115 68 30 12 5 1 
70619|Child_Cross|29: 3335 719 265 115 64 30 12 5 1 
70660|Child_Cross|42: 1058 385 175 61 30 11 5 1 
71114|Survivor|1|Mutated: 1194 367 150 64 24 11 5 1 
71216|Survivor|1: 1402 561 234 102 49 28 11 4 1 
71267|Survivor|1: 1413 492 154 76 27 13 5 1 
71404|Survivor|1: 978 341 141 60 29 11 5 1 
71431|Survivor|1|Mutated: 2247 717 326 137 53 24 11 4 1 
71465|Child_Cross|26: 1425 573 201 74 33 14 4 1 
71488|Survivor|1: 958 390 133 67 30 11 5 1 
71507|Child_Cross|1: 963 371 134 64 30 11 5 1 
71569|Survivor|1|Mutated: 1433 539 221 68 32 13 4 1 
71594|Survivor|1: 945 348 148 59 31 11 4 1 
71833|Child_Levy|4: 1354 523 167 80 31 14 5 1 
72300|Survivor|1: 1396 491 171 85 40 12 5 1 
72304|Survivor|1|Mutated: 1396 491 172 85 40 12 5 1 
72330|Child_Avg|59: 1293 420 181 72 32 13 5 1 
72453|Survivor|1: 1066 390 149 67 33 12 5 1 
72479|Survivor|1: 1189 337 139 67 30 11 5 1 
72504|Child_Cross|57: 3151 711 316 121 67 30 11 5 1 
72671|Survivor|1: 1095 407 153 58 30 12 5 1 
73047|Child_Levy|16: 1101 414 157 63 28 12 5 1 
73175|Survivor|1: 1128 446 165 68 32 11 4 1 
73208|Survivor|1: 4732 3329 797 405 138 68 31 10 4 1 
73255|Survivor|1: 1177 372 163 69 32 11 4 1 
73298|Survivor|1|Mutated: 949 363 151 65 27 13 5 1 
73490|Survivor|1: 4602 983 497 167 69 35 13 5 1 
73529|Survivor|1: 1015 370 153 73 35 11 4 1 
73812|Child_Avg|35: 1420 378 156 71 29 10 4 1 
73848|Child_Levy|48: 1200 406 157 66 35 12 5 1 
73896|Survivor|1: 1413 392 159 65 30 14 5 1 
74005|Survivor|1: 1167 361 143 63 27 13 5 1 
74058|Survivor|1: 2111 564 274 117 62 25 9 5 1 
74242|Survivor|1|Mutated: 1320 438 159 83 28 13 4 1 
74251|Survivor|1|Mutated: 1107 438 159 83 28 13 4 1 
74256|Survivor|1: 1132 414 174 83 28 13 4 1 
74261|Survivor|1: 1224 493 179 69 32 13 4 1 
74280|Survivor|1: 1040 327 148 66 30 13 5 1 
74318|Child_Cross|38: 3459 1093 387 165 87 28 12 5 1 
74324|Survivor|1|Mutated: 3459 1093 396 165 87 28 12 5 1 
74671|Survivor|1: 961 342 133 58 28 12 5 1 
75026|Child_Cross|30: 956 343 148 59 27 13 5 1 
75068|Survivor|1: 1086 381 159 71 28 12 5 1 
75358|Child_Avg|47: 1175 413 158 81 28 11 4 1 
75641|Survivor|1: 1549 447 178 86 32 13 5 1 
75644|Child_Levy|36: 1014 373 142 70 30 11 5 1 
75690|Child_Cross|61: 1154 345 137 67 29 11 5 1 
75698|Child_Avg|63: 1162 428 160 77 28 13 4 1 
75780|Child_Cross|18: 1063 429 165 71 35 13 5 1 
75792|Child_Avg|59: 1115 361 152 75 35 12 5 1 
75795|Survivor|1|Mutated: 1115 361 152 75 35 13 5 1 
75937|Survivor|1: 1061 373 151 59 28 12 5 1 
76209|Child_Cross|41: 4185 963 299 122 52 27 10 4 1 
76237|Survivor|1: 1383 430 147 74 33 14 4 1 
76301|Child_Cross|41: 1141 352 159 63 28 12 5 1 
76322|Survivor|1|Mutated: 1141 352 159 73 28 12 5 1 
76327|Child_Levy|56: 1399 540 209 103 35 13 5 1 
76358|Child_Cross|61: 1094 369 152 72 35 13 5 1 
76440|Survivor|1: 1138 423 156 61 28 12 5 1 
76445|Survivor|1|Mutated: 1006 391 164 59 28 12 5 1 
76447|Survivor|1: 1363 394 170 59 28 12 5 1 
76592|Survivor|1: 951 398 153 64 29 11 5 1 
76730|Child_Cross|30: 1173 425 166 58 28 11 4 1 
76777|Child_Avg|63: 1161 418 177 75 35 14 5 1 
77154|Child_Cross|13: 1143 333 183 65 28 11 4 1 
77253|Survivor|1: 1041 324 151 61 28 12 5 1 
77300|Child_Cross|38: 1627 498 199 85 32 13 5 1 
77319|Child_Cross|62: 1369 429 209 68 32 13 5 1 
77397|Child_Avg|47: 1129 457 169 68 32 11 4 1 
77465|Survivor|1: 1369 505 227 89 31 14 4 1 
77698|Child_Cross|14: 3409 1083 389 146 74 29 10 4 1 
77828|Child_Levy|24: 1120 372 137 70 30 11 5 1 
77997|Survivor|1: 1143 375 178 64 35 13 5 1 
78073|Survivor|1: 3218 1219 443 153 66 28 13 4 1 
78082|Child_Cross|38: 1061 395 161 64 30 12 5 1 
78396|Survivor|1: 4119 1306 533 231 113 53 28 11 4 1 
78460|Survivor|1: 1276 391 159 64 29 11 5 1 
78471|Child_Cross|18: 1429 442 163 64 28 11 4 1 
78581|Survivor|1: 1093 339 146 71 30 12 5 1 
78610|Child_Levy|28: 1418 462 151 73 35 12 5 1 
78785|Survivor|1: 1118 356 166 61 30 11 5 1 
78869|Child_Cross|57: 1314 377 178 65 28 11 4 1 
78927|Survivor|1|Mutated: 981 464 191 72 32 13 5 1 
79036|Survivor|1: 1428 403 208 72 35 12 5 1 
79143|Survivor|1: 2098 689 292 121 59 32 11 4 1 
79405|Survivor|1: 974 407 190 74 28 13 4 1 
79429|Survivor|1: 1173 368 168 75 28 12 5 1 
79456|Survivor|1|Mutated: 1540 633 254 111 54 28 12 5 1 
79557|Child_Cross|10: 3561 989 421 167 72 28 13 4 1 
79565|Survivor|1: 1424 461 190 69 30 11 5 1 
79601|Survivor|1|Mutated: 1424 461 190 72 30 11 5 1 
79612|Survivor|1: 1150 353 141 55 27 10 4 1 
79830|Child_Cross|22: 943 360 152 74 31 11 4 1 
79838|Child_Cross|29|Mutated: 957 378 151 60 32 13 4 1 
79882|Survivor|1|Mutated: 2937 841 320 121 63 28 11 4 1 
79997|Child_Avg|35: 1071 341 167 67 35 12 5 1 
80244|Child_Cross|38: 4609 1617 425 174 79 33 14 4 1 
80336|Child_Cross|29: 1061 388 153 63 31 11 4 1 
80592|Survivor|1: 1462 433 175 72 32 15 4 1 
80687|Child_Cross|29: 1392 425 160 72 31 11 4 1 
80766|Survivor|1: 2029 507 222 91 31 14 5 1 
81217|Child_Cross|50: 1198 393 149 67 32 11 4 1 
81248|Survivor|1|Mutated: 1953 565 236 108 60 29 11 5 1 
81326|Child_Cross|22: 3146 737 259 106 49 28 11 4 1 
81402|Survivor|1: 1133 394 143 61 31 14 5 1 
81468|Survivor|1: 1794 573 172 78 30 11 5 1 
81483|Child_Cross|30: 1299 405 143 67 30 11 5 1 
81619|Survivor|1: 1399 379 157 63 35 12 5 1 
81631|Survivor|1|Mutated: 1150 379 157 63 35 12 5 1 
81657|Survivor|1|Mutated: 1116 379 157 63 35 12 5 1 
81668|Survivor|1|Mutated: 989 379 157 63 35 12 5 1 
82004|Child_Cross|45: 1154 355 147 62 30 11 5 1 
82289|Survivor|1: 1158 367 130 72 30 11 5 1 
82639|Survivor|1|Mutated: 4190 1161 420 181 90 28 13 4 1 
82728|Survivor|1|Mutated: 1130 383 158 64 29 11 5 1 
82822|Survivor|1: 3458 882 319 137 64 29 9 4 1 
82905|Survivor|1: 1350 405 173 61 35 12 5 1 
82929|Survivor|1: 3121 699 339 121 55 27 10 4 1 
83068|Survivor|1: 1041 323 141 58 30 12 5 1 
83130|Survivor|1: 4361 1077 406 137 56 24 11 4 1 
83134|Child_Cross|9: 4361 1077 406 137 56 32 11 4 1 
83179|Survivor|1: 1001 435 167 81 29 11 5 1 
83189|Child_Avg|3: 1173 468 153 83 30 11 5 1 
83266|Child_Avg|3: 967 352 156 69 28 11 4 1 
83393|Survivor|1: 1171 374 148 63 27 10 4 1 
84009|Child_Cross|10: 1492 408 149 64 28 11 4 1 
84033|Child_Cross|54: 1492 388 149 64 28 11 4 1 
84051|Survivor|1|Mutated: 1428 388 149 64 28 11 4 1 
84190|Child_Levy|12: 1433 459 155 72 27 13 5 1 
84454|Survivor|1: 3701 772 289 168 79 31 11 4 1 
84538|Child_Cross|58: 1279 449 178 69 30 11 5 1 
84548|Child_Cross|14: 1189 364 151 65 28 11 4 1 
84835|Survivor|1: 1300 405 164 62 30 11 5 1 
85078|Child_Levy|20: 1394 420 173 73 35 11 5 1 
85083|Survivor|1|Mutated: 1394 420 192 73 35 11 5 1 
85097|Survivor|1: 1339 418 151 67 30 11 5 1 
85150|Survivor|1|Mutated: 2062 613 261 134 54 30 11 5 1 
85431|Child_Cross|10: 1407 376 179 72 33 14 4 1 
85468|Child_Cross|17: 1093 394 160 63 28 12 5 1 
85598|Survivor|1: 941 355 127 59 29 11 5 1 
85657|Child_Avg|43: 1099 466 181 78 29 14 4 1 
85796|Survivor|1: 1178 415 177 70 31 11 4 1 
85887|Survivor|1: 1299 382 156 65 28 12 5 1 
86165|Child_Levy|32: 1075 352 155 60 32 13 5 1 
86185|Survivor|1: 1308 478 196 91 40 12 5 1 
86248|Survivor|1: 1173 435 175 73 40 13 4 1 
86342|Child_Cross|18: 3857 924 290 123 61 29 9 4 1 
86682|Survivor|1: 1280 406 169 59 27 13 5 1 
86780|Survivor|1: 2199 644 253 108 51 23 10 4 1 
86783|Survivor|1: 1101 419 141 72 32 13 4 1 
86847|Survivor|1: 960 410 169 85 35 13 5 1 
87028|Survivor|1: 1265 411 142 75 32 13 5 1 
87047|Survivor|1: 3010 826 367 123 67 32 13 4 1 
87219|Survivor|1: 956 341 133 69 31 14 5 1 
87305|Survivor|1: 1214 467 189 74 36 13 4 1 
87465|Child_Cross|30: 4782 1919 577 242 131 66 25 11 5 1 
87626|Child_Avg|31: 1313 408 152 77 28 11 4 1 
87674|Survivor|1: 1155 492 172 79 32 11 4 1 
87748|Survivor|1: 1060 396 135 61 28 12 5 1 
87762|Survivor|1: 1092 345 130 74 32 13 4 1 
87874|Survivor|1: 1218 347 141 61 35 12 5 1 
88029|Survivor|1: 1070 389 161 71 36 13 4 1 
88204|Child_Avg|43|Mutated: 1172 372 173 60 28 11 4 1 
88526|Survivor|1: 1392 428 169 67 31 14 4 1 
88531|Child_Avg|51: 1348 467 157 79 32 13 4 1 
88745|Child_Cross|45: 4661 1932 689 267 107 57 28 12 5 1 
88842|Survivor|1: 1377 409 165 67 32 13 4 1 
88846|Child_Cross|10: 1377 409 165 67 35 11 4 1 
88962|Child_Cross|58: 1165 367 141 73 35 13 5 1 
89172|Child_Levy|20: 1362 424 155 69 32 13 4 1 
89181|Survivor|1|Mutated: 1422 424 155 69 32 13 4 1 
89373|Survivor|1: 4954 1230 371 181 74 30 12 5 1 
89374|Child_Cross|46: 1130 406 163 64 30 12 5 1 
89687|Survivor|1: 1045 374 177 62 28 13 4 1 
89815|Survivor|1: 1991 729 291 122 62 27 13 5 1 
89867|Child_Cross|9: 1393 417 186 74 40 13 5 1 
90434|Survivor|1: 1156 359 162 67 29 11 5 1 
90436|Survivor|1: 1049 365 191 69 28 11 4 1 
90607|Survivor|1|Mutated: 932 385 151 65 27 10 4 1 
90640|Survivor|1: 1113 402 157 62 27 10 4 1 
90872|Survivor|1: 1134 404 185 96 30 11 5 1 
90877|Survivor|1: 1207 385 173 59 30 11 5 1 
90960|Child_Cross|37: 1100 427 174 73 35 11 5 1 
90985|Survivor|1: 1118 429 155 58 30 12 5 1 
90995|Survivor|1: 1043 429 155 58 30 12 5 1 
91160|Child_Cross|6: 1403 410 152 63 29 11 5 1 
91226|Survivor|1: 1193 420 179 65 28 11 4 1 
91232|Child_Cross|26: 3951 1160 411 138 64 30 11 5 1 
91292|Survivor|1: 1204 384 173 78 35 11 4 1 
91327|Child_Cross|41: 995 366 142 59 27 13 5 1 
91410|Survivor|1: 954 346 148 61 30 11 5 1 
91433|Survivor|1: 1164 327 139 69 31 14 5 1 
91586|Child_Avg|39: 1091 352 145 63 28 11 4 1 
91692|Survivor|1: 919 357 163 77 30 12 5 1 
91822|Survivor|1: 942 444 181 75 32 13 4 1 
92313|Survivor|1: 3771 988 367 128 73 33 14 4 1 
92468|Survivor|1: 3814 962 343 164 66 37 14 6 1 
92488|Survivor|1: 1353 370 173 77 28 13 4 1 
92497|Child_Avg|3: 1097 350 151 65 28 11 4 1 
92512|Survivor|1: 1146 405 177 73 35 11 5 1 
92522|Child_Cross|37: 1064 383 155 64 35 11 5 1 
93541|Survivor|1: 1201 419 144 65 35 12 5 1 
93700|Survivor|1: 1318 405 176 72 29 13 6 1 
93719|Survivor|1|Mutated: 1043 370 151 63 28 11 4 1 
93921|Child_Cross|1: 952 391 151 67 32 11 4 1 
93930|Survivor|1: 952 391 151 67 35 11 4 1 
93990|Child_Levy|24: 1446 505 179 82 37 12 5 1 
94028|Survivor|1: 1147 367 152 73 32 11 4 1 
94048|Survivor|1: 3383 934 409 211 63 29 14 4 1 
94096|Survivor|1: 973 368 157 74 25 11 5 1 
94487|Child_Avg|51: 1276 381 163 66 29 11 5 1 
94547|Survivor|1: 1125 386 153 58 28 12 5 1 
94550|Survivor|1|Mutated: 1125 386 153 67 28 12 5 1 
95095|Survivor|1: 1155 418 152 68 35 13 5 1 
95236|Child_Levy|40: 1295 422 175 76 32 13 5 1 
95406|Child_Cross|37: 1103 356 127 58 27 13 5 1 
95459|Child_Levy|12: 1378 360 192 71 30 12 5 1 
95473|Child_Levy|52: 1281 365 169 74 28 12 5 1 
96130|Survivor|1: 1100 346 135 57 28 13 4 1 
96225|Survivor|1: 911 342 153 59 28 11 4 1 
96332|Child_Cross|33: 4634 1048 439 151 68 31 13 4 1 
96404|Child_Levy|28: 1067 423 160 73 35 13 5 1 
96462|Survivor|1: 1123 339 141 64 30 11 5 1 
96744|Survivor|1: 1352 381 184 65 28 12 5 1 
96875|Survivor|1: 1475 408 165 62 24 11 4 1 
97044|Survivor|1: 2048 610 265 108 50 24 9 4 1 
97122|Child_Levy|64: 1104 437 180 86 32 13 5 1 
97155|Survivor|1: 1389 468 179 83 30 11 5 1 
97180|Child_Avg|27: 1124 383 154 67 30 11 5 1 
97504|Survivor|1: 1172 368 154 63 27 11 4 1 
97505|Survivor|1|Mutated: 1172 368 154 71 27 13 5 1 
97567|Survivor|1: 1304 570 235 77 35 13 5 1 
97584|Survivor|1: 896 360 153 59 28 11 4 1 
97692|Survivor|1: 1421 436 170 72 33 14 4 1 
97733|Survivor|1: 2145 790 304 118 51 30 11 5 1 
97747|Child_Levy|48: 1198 427 166 70 30 11 5 1 
97848|Survivor|1: 2868 774 359 115 53 28 12 5 1 
97864|Survivor|1: 1065 356 171 67 35 13 5 1 
98036|Survivor|1: 1129 370 159 61 30 13 5 1 
98063|Survivor|1: 997 381 169 65 28 12 5 1 
98115|Child_Cross|37: 1436 465 200 76 40 13 5 1 
98128|Survivor|1: 1166 384 161 72 40 13 5 1 
98150|Survivor|1: 1427 413 151 66 31 11 4 1 
98178|Survivor|1: 1350 501 163 74 33 12 5 1 
98227|Child_Cross|38|Mutated: 932 369 147 62 28 12 5 1 
98351|Survivor|1|Mutated: 3006 856 317 131 66 31 11 4 1 
98412|Child_Cross|1: 4063 1099 355 155 64 29 10 4 1 
98415|Survivor|1|Mutated: 4063 1159 355 155 64 29 10 4 1 
98467|Survivor|1: 1312 339 148 77 29 11 5 1 
98577|Child_Cross|10: 1347 416 172 67 37 13 5 1 
98652|Survivor|1: 2997 721 316 133 64 24 11 5 1 
98906|Child_Cross|9: 1092 323 158 64 24 11 5 1 
99113|Survivor|1: 1173 420 151 57 32 11 4 1 
99421|Survivor|1: 1142 358 157 62 27 10 4 1 
99681|Survivor|1: 1241 399 180 76 27 13 5 1 
99847|Child_Levy|24: 1157 392 166 66 29 11 5 1 
99946|Survivor|1: 938 352 155 66 29 11 5 1 
100366|Survivor|1: 1081 420 139 59 30 12 5 1 
100440|Survivor|1: 1058 379 165 69 35 13 5 1 
100575|Survivor|1: 1004 468 185 69 32 13 5 1 
100741|Survivor|1: 980 413 161 72 32 13 4 1 
100810|Survivor|1: 1121 339 160 59 30 11 5 1 
100879|Child_Cross|30: 1053 370 145 60 28 11 4 1 
100926|Survivor|1: 1066 377 152 61 32 11 4 1 
100944|Child_Levy|52: 1594 557 211 75 32 13 5 1 
100950|Survivor|1|Mutated: 1833 557 211 75 32 13 5 1 
100971|Survivor|1: 1445 431 182 72 31 11 4 1 
100983|Child_Levy|4: 1113 368 157 67 28 12 5 1 
101009|Child_Cross|42: 1113 406 157 67 28 12 5 1 
101027|Survivor|1: 1457 433 154 64 24 11 5 1 
101136|Survivor|1: 1389 425 143 77 28 12 5 1 
101498|Survivor|1: 2109 781 331 139 67 30 11 5 1 
101601|Child_Cross|13: 1098 407 139 77 28 12 5 1 
101615|Survivor|1: 883 407 139 77 28 12 5 1 
101773|Survivor|1: 1022 381 144 69 28 12 5 1 
101796|Survivor|1: 1894 602 238 133 64 27 13 5 1 
102164|Survivor|1: 1161 360 159 74 25 11 5 1 
102397|Child_Cross|49: 1602 448 186 79 35 12 5 1 
102418|Survivor|1: 1600 472 199 73 35 12 5 1 
102436|Survivor|1: 1376 432 169 64 28 11 4 1 
102439|Child_Cross|22: 1376 432 169 64 31 14 4 1 
102487|Survivor|1: 1231 432 169 64 31 14 4 1 
102548|Child_Avg|35: 1376 423 137 59 32 11 4 1 
102717|Child_Levy|28: 1113 386 173 66 32 13 5 1 
102758|Survivor|1: 1331 396 153 62 35 12 5 1 
102820|Child_Avg|3: 1183 401 194 66 28 13 4 1 
103019|Survivor|1: 946 354 141 68 30 12 5 1 
103078|Child_Levy|20: 1443 428 141 74 26 14 5 1 
103092|Survivor|1: 1235 421 158 69 26 14 5 1 
103195|Child_Levy|64: 1189 401 146 77 35 13 5 1 
103227|Survivor|1: 1316 401 146 77 35 12 5 1 
103239|Child_Avg|11: 1529 399 171 75 35 12 5 1 
103467|Survivor|1: 1137 355 136 66 28 13 4 1 
103531|Survivor|1: 1149 370 150 59 28 13 4 1 
103622|Survivor|1: 4352 3688 971 296 127 65 30 12 5 1 
103721|Child_Cross|17: 3079 760 344 169 74 31 14 4 1 
103833|Survivor|1: 968 366 179 86 35 13 5 1 
103845|Child_Cross|58: 1469 444 186 85 27 13 4 1 
103847|Survivor|1|Mutated: 1469 444 173 85 27 14 4 1 
103871|Survivor|1: 1185 399 152 75 27 14 4 1 
103885|Survivor|1|Mutated: 1055 392 145 73 32 13 4 1 
103959|Child_Cross|9: 3247 1044 315 154 64 24 11 5 1 
104106|Child_Cross|62: 3321 704 276 159 65 28 11 4 1 
104157|Survivor|1: 992 387 154 54 28 11 4 1 
104352|Child_Cross|41: 4042 929 365 138 80 24 13 4 1 
104354|Child_Levy|48|Mutated: 1344 396 147 67 30 11 5 1 
104365|Survivor|1|Mutated: 1182 396 147 67 30 11 5 1 
104383|Child_Cross|41: 3944 1107 423 213 92 36 15 4 1 
104419|Survivor|1: 1122 409 156 65 35 11 4 1 
104528|Child_Avg|51: 1435 381 147 79 33 14 4 1 
104655|Child_Avg|51: 1058 376 157 67 32 11 4 1 
104723|Survivor|1|Mutated: 1388 438 210 79 32 13 5 1 
105103|Survivor|1: 3612 1001 345 175 66 37 12 5 1 
105127|Survivor|1: 1196 423 153 59 32 13 4 1 
105337|Survivor|1: 1336 397 154 62 25 14 4 1 
105492|Child_Cross|33: 3245 758 339 135 53 28 9 4 1 
105506|Child_Cross|1|Mutated: 3649 758 339 135 72 32 13 4 1 
105675|Survivor|1: 1042 346 151 62 30 11 5 1 
105747|Survivor|1: 1037 376 149 76 27 13 5 1 
105755|Child_Cross|54: 1481 390 169 67 30 11 5 1 
106080|Child_Levy|44: 1110 392 135 64 30 12 5 1 
106195|Child_Cross|57: 1023 414 167 64 30 11 5 1 
106210|Survivor|1: 1341 457 174 66 32 13 4 1 
106225|Child_Cross|10: 1341 457 174 66 32 13 5 1 
106274|Survivor|1: 1987 571 276 115 49 24 11 5 1 
106279|Child_Cross|54: 1094 392 160 73 35 13 5 1 
106447|Survivor|1: 1762 527 210 94 32 13 4 1 
106470|Survivor|1: 1094 383 171 67 32 13 4 1 
106605|Survivor|1: 4148 951 371 161 62 35 11 5 1 
106685|Survivor|1: 1134 477 140 73 24 11 5 1 
107053|Child_Cross|54|Mutated: 3505 893 297 121 50 23 12 5 1 
107173|Child_Cross|25: 893 365 164 62 32 13 5 1 
107190|Survivor|1: 945 362 163 71 27 13 5 1 
107335|Random|2: 4599 1454 495 175 85 41 14 4 1 
107344|Child_Cross|33: 1114 427 163 63 29 11 5 1 
107380|Survivor|1: 1381 465 197 82 28 11 4 1 
107735|Child_Cross|37: 1066 386 205 74 35 12 5 1 
107756|Survivor|1: 4620 1673 614 282 107 63 23 12 5 1 
107805|Survivor|1: 1543 465 182 76 36 13 4 1 
107830|Survivor|1: 1356 453 185 71 36 13 4 1 
107869|Survivor|1: 1025 390 151 71 25 14 4 1 
107912|Child_Levy|64: 1172 372 167 77 35 12 5 1 
108105|Child_Cross|38: 3771 771 319 121 61 24 9 4 1 
108340|Survivor|1: 1096 371 167 78 32 13 5 1 
108982|Survivor|1: 1114 343 133 65 30 12 5 1 
109014|Child_Levy|24: 1093 403 209 66 28 12 5 1 
109020|Survivor|1: 988 362 179 62 28 12 5 1 
109789|Survivor|1: 1398 485 178 78 33 14 4 1 
109822|Survivor|1: 1104 408 139 66 30 11 5 1 
110051|Survivor|1: 1519 411 199 73 35 13 5 1 
110290|Survivor|1: 1090 388 159 86 31 14 5 1 
110397|Survivor|1: 1114 381 150 74 32 13 4 1 
110616|Child_Cross|45|Mutated: 1100 384 129 60 28 11 4 1 
110643|Survivor|1: 1186 385 134 58 24 11 4 1 
110688|Survivor|1: 911 344 161 64 27 13 5 1 
110892|Survivor|1: 1219 434 187 81 32 11 4 1 
110996|Survivor|1: 1039 420 138 64 31 14 5 1 
111007|Survivor|1: 1386 374 167 58 28 12 5 1 
111098|Survivor|1: 1088 333 172 62 32 13 5 1 
111364|Survivor|1: 3371 1011 339 149 56 24 11 4 1 
111400|Survivor|1: 1112 411 176 61 31 14 5 1 
111490|Child_Cross|57: 1360 443 182 89 35 11 5 1 
111676|Survivor|1: 1527 449 164 72 30 13 5 1 
111684|Survivor|1|Mutated: 1547 449 164 72 30 13 5 1 
112043|Child_Levy|24: 1287 362 147 59 27 13 5 1 
112133|Survivor|1: 1419 458 153 64 31 14 4 1 
112151|Survivor|1: 1119 339 129 62 32 13 5 1 
112372|Survivor|1: 1395 434 187 81 33 14 4 1 
112496|Survivor|1: 1977 619 241 107 58 28 11 4 1 
112519|Survivor|1: 1161 425 158 77 33 12 5 1 
112588|Child_Cross|62: 1140 424 149 64 30 12 5 1 
112615|Survivor|1: 891 323 161 65 28 11 4 1 
112619|Survivor|1: 1212 502 180 77 33 14 4 1 
112687|Survivor|1: 3789 891 303 119 59 25 12 5 1 
112735|Survivor|1: 1209 363 147 59 28 11 4 1 
112983|Survivor|1: 1194 349 183 62 32 13 4 1 
113009|Child_Cross|17: 1563 484 183 70 33 12 5 1 
113142|Survivor|1: 1399 431 167 64 30 12 5 1 
113230|Child_Avg|11: 1433 516 177 84 37 13 4 1 
113255|Survivor|1: 1381 420 154 65 27 10 4 1 
113283|Survivor|1: 4408 1257 320 143 69 28 11 4 1 
113294|Child_Avg|15: 1537 541 195 83 33 14 4 1 
113425|Child_Levy|44: 1109 436 137 60 27 13 5 1 
113691|Child_Avg|63: 1410 434 169 72 26 14 5 1 
113704|Survivor|1|Mutated: 1410 458 169 72 26 14 5 1 
113831|Survivor|1: 1157 458 173 66 29 14 4 1 
113882|Survivor|1: 1323 400 162 61 31 14 5 1 
114141|Child_Avg|27: 1104 387 185 68 28 13 4 1 
