Genetic Algorithm v1 iteration 43328:
Gaps sequences:
43328|Child|1: 1906 509 227 82 48 29 9 4 1 
43328|Child|2: 1016 286 93 48 35 15 7 3 1 
43328|Child|3: 683 232 76 41 35 18 4 1 
43328|Child|4: 687 311 83 76 41 30 9 4 1 
43328|Child|5: 879 289 140 53 50 26 9 4 1 
43328|Child|6: 1578 614 123 50 25 13 4 1 
43328|Child|7: 1657 347 118 51 41 23 10 4 1 
43328|Child|8: 1647 653 148 62 51 26 7 2 1 
43328|Child|9: 1513 470 198 85 76 37 27 7 4 1 
43328|Child|10: 483 164 76 37 35 18 5 2 1 
43328|Child|11: 1520 367 185 54 34 31 7 3 1 
43328|Child|12: 1757 485 167 69 54 19 6 4 1 
43328|Child|13: 1999 1575 670 175 150 37 27 11 4 1 
43328|Child|14: 829 176 150 37 31 11 4 1 
43328|Child|15: 586 158 60 52 37 19 10 4 1 
43328|Child|16: 1709 401 167 52 39 15 4 1 
43328|Child|17: 1516 371 236 63 39 27 14 4 1 
43328|Child|18: 1954 493 158 39 34 23 9 2 1 
43328|Child|19: 698 207 52 34 23 7 3 1 
43328|Child|20: 1536 377 152 40 34 30 7 4 1 
43328|Child|21: 971 361 173 63 43 39 10 4 1 
43328|Child|22: 1088 252 73 43 25 20 7 2 1 
43328|Child|23: 1274 311 89 63 55 34 11 3 1 
43328|Child|24: 1863 706 246 55 19 9 3 1 
43328|Child|25: 1970 1149 663 175 73 33 9 2 1 
43328|Child|26: 1446 296 76 73 63 14 9 4 1 
43328|Child|27: 501 308 142 34 21 18 5 2 1 
43328|Child|28: 1085 317 173 49 34 15 4 3 1 
43328|Child|29: 943 201 113 51 47 17 4 1 
43328|Child|30: 596 135 47 37 28 10 3 1 
43328|Child|31: 947 339 106 59 52 48 42 10 3 1 
43328|Child|32: 1329 412 191 52 51 24 5 2 1 
43328|Child|33: 628 154 57 21 17 8 2 1 
43328|Child|34: 927 251 70 21 8 4 1 
43328|Child|35: 1119 239 135 35 13 3 1 
43328|Child|36: 1857 409 156 90 35 9 7 2 1 
43328|Child|37: 1859 420 124 35 23 7 2 1 
43328|Child|38: 501 133 35 24 5 2 1 
43328|Child|39: 519 291 106 57 49 13 3 1 
43328|Child|40: 876 387 93 57 43 24 9 2 1 
43328|Child|41: 1488 566 191 44 17 6 2 1 
43328|Child|42: 918 372 94 50 44 34 27 6 4 1 
43328|Child|43: 1453 391 94 26 9 4 2 1 
43328|Child|44: 880 200 115 26 9 2 1 
43328|Child|45: 1195 256 95 51 31 16 5 3 1 
43328|Child|46: 1524 432 174 63 51 13 3 2 1 
43328|Child|47: 1786 601 163 73 43 38 8 3 1 
43328|Child|48: 1319 346 129 105 73 32 9 2 1 
43328|Child|49: 1453 574 137 93 48 26 21 6 2 1 
43328|Child|50: 944 376 92 26 7 4 1 
43328|Random|51: 802 179 131 53 14 10 6 2 1 
43328|Random|52: 1664 1072 243 77 16 4 1 
43328|Random|53: 1422 434 156 33 7 3 1 
43328|Random|54: 1360 935 199 48 23 9 4 1 
43328|Random|55: 1027 223 54 12 3 1 
43328|Random|56: 866 245 62 31 8 3 1 
43328|Random|57: 1295 269 90 21 8 5 4 2 1 
43328|Random|58: 1162 350 307 258 58 13 4 1 
43328|Random|59: 1884 424 253 135 84 57 15 4 2 1 
43328|Random|60: 1826 404 87 48 31 10 3 1 
43328|Random|61: 1936 497 217 72 30 7 2 1 
43328|Random|62: 1305 340 111 60 20 7 2 1 
43328|Random|63: 1902 695 333 67 19 4 1 
43328|Random|64: 629 195 68 18 5 3 1 
43328|Random|65: 588 122 35 8 4 2 1 
43328|Random|66: 1164 360 108 59 20 6 3 1 
43328|Random|67: 942 334 76 18 4 1 
43328|Random|68: 1499 451 115 34 17 4 1 
43328|Random|69: 1295 272 197 45 16 8 4 1 
43328|Random|70: 1780 1189 404 113 48 15 5 4 1 
43328|Random|71: 965 418 217 51 13 4 1 
43328|Random|72: 1859 1578 438 165 34 16 8 7 2 1 
43328|Random|73: 1851 1342 1185 342 85 49 11 4 1 
43328|Random|74: 1279 454 109 39 24 5 3 1 
43328|Random|75: 1315 519 233 62 17 4 2 1 
43328|Random|76: 1410 419 256 52 26 8 4 2 1 
43328|Random|77: 1120 538 156 49 16 8 4 1 
43328|Random|78: 1533 347 115 39 13 3 1 
43328|Random|79: 1257 414 87 25 9 3 1 
43328|Random|80: 1298 497 223 71 63 27 8 4 1 
43328|Random|81: 952 250 63 16 6 3 1 
43328|Random|82: 1461 997 652 145 52 16 4 1 
43328|Random|83: 1266 259 62 19 4 1 
43328|Random|84: 1230 1047 303 184 82 19 4 2 1 
43328|Random|85: 1934 558 491 403 184 146 74 18 8 2 1 
43328|Random|86: 736 159 43 18 9 2 1 
43328|Random|87: 1764 464 105 91 23 6 3 1 
43328|Random|88: 1405 340 83 27 7 6 3 1 
43328|Random|89: 1003 350 170 38 19 4 1 
43328|Random|90: 1111 460 101 46 24 5 2 1 
43328|Random|91: 1226 655 151 79 60 26 13 5 4 3 1 
43328|Random|92: 1219 287 59 23 7 5 3 1 
43328|Random|93: 1443 1046 264 57 14 7 3 1 
43328|Random|94: 871 177 84 46 12 3 1 
43328|Random|95: 572 134 32 20 5 4 1 
43328|Random|96: 1597 374 93 23 9 5 4 1 
43328|Random|97: 735 269 140 48 19 14 4 1 
43328|Random|98: 1257 355 121 39 13 4 2 1 
43328|Random|99: 1138 616 437 145 31 8 4 2 1 
43328|Random|100: 481 295 128 64 21 13 6 3 1 
Sum of sequences: 100

Genetic Algorithm v1 generated gaps
Checking for new best - Compare iterations:
++++++++++++++++++++++++++++++++++++++++++++++++++
++++++++++++++++++++++++++++++++++++++++++++++++++

Genetic Algorithm v2 iteration 44785:
Gaps sequences:
44785|Survivor|1: 1477 343 145 62 27 10 4 1 
44785|Survivor|2: 1477 343 145 62 27 10 4 1 
44785|Survivor|3: 1477 343 145 62 27 10 4 1 
44785|Survivor|4: 1477 343 145 62 27 10 4 1 
44785|Survivor|5: 1477 343 145 62 27 10 4 1 
44785|Survivor|6: 1477 343 145 62 27 10 4 1 
44785|Survivor|7|Mutated: 1477 343 145 62 27 10 3 1 
44785|Survivor|8: 1477 343 145 62 27 10 4 1 
44785|Survivor|9: 1477 343 145 62 27 10 4 1 
44785|Survivor|10: 1477 343 145 62 27 10 4 1 
44785|Child|1|Mutated: 1345 379 145 62 27 10 4 1 
44785|Child|2: 1477 343 145 62 27 10 4 1 
44785|Child|3: 1477 343 145 62 27 10 4 1 
44785|Child|4: 1477 343 145 62 27 10 4 1 
44785|Child|5: 1477 343 145 62 27 10 4 1 
44785|Child|6: 1477 343 145 62 27 10 4 1 
44785|Child|7: 1477 343 145 62 27 10 4 1 
44785|Child|8: 1477 343 145 62 27 10 4 1 
44785|Child|9: 1477 343 145 62 27 10 4 1 
44785|Child|10: 1477 343 145 62 27 10 4 1 
44785|Child|11: 1477 343 145 62 27 10 4 1 
44785|Child|12: 1477 343 145 62 27 10 4 1 
44785|Child|13: 1477 343 145 62 27 10 4 1 
44785|Child|14: 1477 343 145 62 27 10 4 1 
44785|Child|15: 1477 343 145 62 27 10 4 1 
44785|Child|16|Mutated: 1477 343 145 62 26 9 4 1 
44785|Child|17: 1477 343 145 62 27 10 4 1 
44785|Child|18|Mutated: 1477 343 145 62 27 10 3 1 
44785|Child|19: 1477 343 145 62 27 10 4 1 
44785|Child|20: 1477 343 145 62 27 10 4 1 
44785|Child|21: 1477 343 145 62 27 10 4 1 
44785|Child|22: 1477 343 145 62 27 10 4 1 
44785|Child|23: 1477 343 145 62 27 10 4 1 
44785|Child|24: 1477 343 145 62 27 10 4 1 
44785|Child|25: 1477 343 145 62 27 10 4 1 
44785|Child|26: 1477 343 145 62 27 10 4 1 
44785|Child|27|Mutated: 1477 343 116 62 27 10 4 1 
44785|Child|28: 1477 343 145 62 27 10 4 1 
44785|Child|29: 1477 343 145 62 27 10 4 1 
44785|Child|30: 1477 343 145 62 27 10 4 1 
44785|Child|31: 1477 343 145 62 27 10 4 1 
44785|Child|32: 1477 343 145 62 27 10 4 1 
44785|Child|33: 1477 343 145 62 27 10 4 1 
44785|Child|34: 1477 343 145 62 27 10 4 1 
44785|Child|35: 1477 343 145 62 27 10 4 1 
44785|Child|36: 1477 343 145 62 27 10 4 1 
44785|Child|37: 1477 343 145 62 27 10 4 1 
44785|Child|38: 1477 343 145 62 27 10 4 1 
44785|Child|39: 1477 343 145 62 27 10 4 1 
44785|Child|40: 1477 343 145 62 27 10 4 1 
44785|Child|41: 1477 343 145 62 27 10 4 1 
44785|Child|42|Mutated: 1476 343 165 62 27 8 4 1 
44785|Child|43: 1477 343 145 62 27 10 4 1 
44785|Child|44: 1477 343 145 62 27 10 4 1 
44785|Child|45: 1477 343 145 62 27 10 4 1 
44785|Child|46: 1477 343 145 62 27 10 4 1 
44785|Child|47: 1477 343 145 62 27 10 4 1 
44785|Child|48: 1477 343 145 62 27 10 4 1 
44785|Child|49: 1477 343 145 62 27 10 4 1 
44785|Child|50: 1477 343 145 62 27 10 4 1 
44785|Random|1: 822 179 101 42 19 4 2 1 
44785|Random|2: 1772 457 144 120 26 8 4 1 
44785|Random|3: 650 148 50 41 11 4 2 1 
44785|Random|4: 727 261 203 143 55 28 8 4 1 
44785|Random|5: 1100 565 145 43 11 3 1 
44785|Random|6: 1028 292 75 22 9 2 1 
44785|Random|7: 1723 500 204 69 19 15 8 4 1 
44785|Random|8: 1075 245 102 46 19 6 4 2 1 
44785|Random|9: 732 524 143 66 15 4 2 1 
44785|Random|10: 618 172 38 8 2 1 
44785|Random|11: 508 129 33 16 4 1 
44785|Random|12: 728 327 69 59 14 11 3 2 1 
44785|Random|13: 1254 353 157 32 16 5 4 1 
44785|Random|14: 973 431 143 33 11 3 1 
44785|Random|15: 911 257 57 27 6 2 1 
44785|Random|16: 1691 444 346 84 43 14 4 2 1 
44785|Random|17: 1813 554 384 106 23 15 6 3 1 
44785|Random|18: 1759 1092 252 67 14 4 1 
44785|Random|19: 912 285 99 32 9 2 1 
44785|Random|20: 1796 402 325 126 46 17 4 1 
44785|Random|21: 1527 402 198 94 24 11 4 1 
44785|Random|22: 1448 1108 769 236 53 16 4 1 
44785|Random|23: 1276 271 89 26 8 4 1 
44785|Random|24: 1037 507 155 91 25 20 6 2 1 
44785|Random|25: 1476 545 183 133 89 39 10 4 3 1 
44785|Random|26: 1461 486 158 91 38 8 4 1 
44785|Random|27: 1585 407 320 162 104 22 7 3 1 
44785|Random|28: 1304 350 155 74 40 10 6 3 1 
44785|Random|29: 1105 279 111 75 19 9 4 1 
44785|Random|30: 766 217 76 18 9 5 2 1 
44785|Random|31: 1784 860 548 266 85 20 8 4 1 
44785|Random|32: 772 311 83 37 15 5 3 1 
44785|Random|33: 1363 364 88 19 4 2 1 
44785|Random|34: 715 183 97 24 9 3 2 1 
44785|Random|35: 1862 578 121 46 12 5 2 1 
44785|Random|36: 1456 661 593 289 68 45 17 7 2 1 
44785|Random|37: 1354 339 84 19 5 4 3 1 
44785|Random|38: 543 141 46 14 4 1 
44785|Random|39: 1982 397 168 61 49 17 4 2 1 
44785|Random|40: 1098 257 87 23 6 3 1 
Sum of sequences: 100

Genetic Algorithm v2 generated gaps
Checking for new best - Compare iterations:
++++++++++++++++++++++++++++++++++++++++++++++++++
++++++++++++++++++++++++++++++++++++++++++++++++++

Genetic Algorithm v3 iteration 42865:
Gaps sequences:
42865|Survivor|1: 760 266 118 47 25 9 4 1 
42865|Child_Cross|1: 655 234 89 37 28 9 3 1 
42865|Child_Cross|2: 636 225 99 44 37 25 9 4 1 
42865|Child_Avg|3: 645 229 94 40 26 9 3 1 
42865|Child_Levy|4: 560 224 97 39 27 8 4 1 
42865|Child_Cross|5: 589 225 79 42 28 9 4 1 
42865|Child_Cross|6: 707 250 103 42 26 8 3 1 
42865|Child_Avg|7|Mutated: 648 231 91 42 27 8 3 1 
42865|Child_Levy|8: 658 254 95 41 28 7 2 1 
42865|Child_Cross|9: 608 235 101 41 39 28 8 3 1 
42865|Child_Cross|10: 726 262 107 41 30 8 3 1 
42865|Child_Avg|11: 435 171 71 40 29 8 3 1 
42865|Child_Levy|12: 429 120 68 41 28 7 4 1 
42865|Child_Cross|13: 608 242 103 40 39 9 4 1 
42865|Child_Cross|14|Mutated: 1788 447 275 114 42 34 13 4 1 
42865|Child_Avg|15: 1198 367 184 69 36 11 4 1 
42865|Child_Levy|16: 1228 356 200 70 34 9 3 1 
42865|Child_Cross|17: 734 325 160 92 77 33 8 3 1 
42865|Child_Cross|18: 912 263 77 42 31 13 3 1 
42865|Child_Avg|19: 536 177 59 32 10 3 1 
42865|Child_Levy|20: 526 174 51 31 9 4 1 
42865|Child_Cross|21: 620 250 100 46 39 34 11 2 1 
42865|Child_Cross|22: 660 242 103 39 37 11 4 1 
42865|Child_Avg|23: 640 246 101 42 35 11 3 1 
42865|Child_Levy|24: 651 253 95 44 36 10 4 1 
42865|Child_Cross|25: 760 266 118 47 25 7 2 1 
42865|Child_Cross|26|Mutated: 570 255 88 45 25 9 5 1 
42865|Child_Avg|27: 418 169 67 25 8 3 1 
42865|Child_Levy|28: 408 170 68 18 9 2 1 
42865|Child_Cross|29: 760 266 118 47 40 27 8 3 1 
42865|Child_Cross|30: 642 225 94 40 21 11 3 1 
42865|Child_Avg|31: 454 171 70 42 24 9 3 1 
42865|Child_Levy|32: 496 166 68 41 25 10 2 1 
42865|Child_Cross|33: 1761 376 179 55 41 26 8 3 1 
42865|Child_Cross|34: 681 241 101 41 17 5 3 1 
42865|Child_Avg|35: 1221 308 140 48 21 6 3 1 
42865|Child_Levy|36: 1209 316 148 49 20 7 2 1 
42865|Child_Cross|37: 600 222 82 42 19 11 3 1 
42865|Child_Cross|38|Mutated: 977 237 63 53 42 24 5 3 1 
42865|Child_Avg|39: 788 241 72 47 21 9 3 1 
42865|Child_Levy|40: 814 238 74 48 22 10 2 1 
42865|Child_Cross|41: 430 148 63 45 43 26 7 3 1 
42865|Child_Cross|42: 653 215 97 43 32 10 4 1 
42865|Child_Avg|43: 541 181 80 44 29 8 3 1 
42865|Child_Levy|44: 544 156 79 45 30 7 4 1 
42865|Child_Cross|45: 901 337 219 53 39 14 4 1 
42865|Child_Cross|46: 1946 1159 260 133 53 37 18 9 4 1 
42865|Child_Avg|47: 1141 689 156 85 28 11 4 1 
42865|Child_Levy|48: 1177 669 162 86 27 12 3 1 
42865|Child_Cross|49: 1559 429 110 98 32 13 3 1 
42865|Child_Cross|50: 487 246 101 98 45 27 8 3 1 
42865|Child_Avg|51: 298 172 73 29 10 3 1 
42865|Child_Levy|52: 291 178 78 27 19 2 1 
42865|Child_Cross|53: 1556 287 136 37 29 25 9 4 1 
42865|Child_Cross|54|Mutated: 1144 349 101 29 9 2 1 
42865|Child_Avg|55: 1350 313 118 33 27 9 3 1 
42865|Child_Levy|56: 1380 307 125 32 28 8 2 1 
42865|Child_Cross|57: 519 187 78 39 32 10 3 1 
42865|Child_Cross|58: 655 246 102 39 37 15 4 1 
42865|Child_Avg|59: 382 144 58 34 12 3 1 
42865|Child_Levy|60: 386 142 54 35 13 4 1 
42865|Child_Cross|61: 660 282 92 45 42 33 13 4 1 
42865|Child_Cross|62: 627 241 92 42 28 9 4 1 
42865|Child_Avg|63: 643 261 92 43 30 11 4 1 
42865|Child_Levy|64|Mutated: 607 264 71 42 31 13 3 1 
42865|Random|1: 1020 303 64 22 15 4 1 
42865|Random|2: 1767 392 109 70 30 7 5 2 1 
42865|Random|3: 945 203 44 12 4 1 
42865|Random|4: 1444 1081 273 93 30 10 4 1 
42865|Random|5: 1693 922 202 67 32 7 4 1 
42865|Random|6: 900 420 197 46 15 5 2 1 
42865|Random|7: 1890 926 403 128 26 10 5 2 1 
42865|Random|8: 1426 842 333 222 48 24 11 3 1 
42865|Random|9: 1910 651 198 127 34 13 4 3 2 1 
42865|Random|10: 763 258 65 38 12 4 2 1 
42865|Random|11: 1507 507 402 97 26 9 3 1 
42865|Random|12: 1766 393 330 177 109 82 21 10 4 2 1 
42865|Random|13: 1039 469 117 60 17 4 1 
42865|Random|14: 621 462 120 102 28 9 4 1 
42865|Random|15: 1554 678 296 187 102 29 12 9 3 1 
42865|Random|16: 1664 685 309 165 47 27 24 12 4 1 
42865|Random|17: 1837 512 282 204 157 58 26 6 3 1 
42865|Random|18: 989 345 74 35 11 8 2 1 
42865|Random|19: 936 831 372 91 38 12 4 1 
42865|Random|20: 819 298 84 52 26 13 6 2 1 
42865|Random|21: 1643 380 146 63 19 6 3 1 
42865|Random|22: 1727 415 223 64 14 5 2 1 
42865|Random|23: 1992 759 172 35 10 3 1 
42865|Random|24: 1881 1341 915 246 66 27 14 4 1 
42865|Random|25: 1676 410 173 40 27 14 7 2 1 
42865|Random|26: 671 177 142 128 36 11 4 3 1 
42865|Random|27: 837 410 208 58 23 16 7 6 3 1 
42865|Random|28: 1724 395 133 55 37 13 4 2 1 
42865|Random|29: 1118 508 254 97 25 15 4 1 
42865|Random|30: 1045 272 58 24 5 3 1 
42865|Random|31: 971 324 92 23 7 2 1 
42865|Random|32: 1212 774 183 86 65 30 7 2 1 
42865|Random|33: 1693 926 419 137 38 16 4 1 
42865|Random|34: 647 139 29 7 2 1 
42865|Random|35: 866 273 76 18 9 2 1 
Sum of sequences: 100

Genetic Algorithm v3 generated gaps
Checking for new best - Compare iterations:
++++++++++++++++++++++++++++++++++++++++++++++++++
++++++++++++++++++++++++++++++++++++++++++++++++++

Genetic Algorithm v1 iteration 43329:
Gaps sequences:
43329|Child|1: 1906 509 227 82 69 54 19 6 4 1 
43329|Child|2: 1757 485 167 69 48 29 9 4 1 
43329|Child|3: 1826 404 87 48 37 31 11 4 1 
43329|Child|4: 829 176 150 37 31 10 3 1 
43329|Child|5: 735 269 140 48 34 23 7 3 1 
43329|Child|6: 698 207 52 34 19 14 4 1 
43329|Child|7: 1360 935 199 48 41 23 10 4 1 
43329|Child|8: 1657 347 118 51 48 23 9 4 1 
43329|Child|9: 1195 256 95 51 48 35 15 7 3 1 
43329|Child|10: 1016 286 93 48 31 16 5 3 1 
43329|Child|11: 1999 1575 670 175 150 109 39 24 5 3 1 
43329|Child|12: 1279 454 109 39 37 27 11 4 1 
43329|Child|13: 1857 409 156 90 53 50 26 9 4 1 
43329|Child|14: 879 289 140 53 35 9 7 2 1 
43329|Child|15: 1111 460 101 46 11 4 1 
43329|Child|16: 1851 1342 1185 342 101 46 24 5 2 1 
43329|Child|17: 1647 653 148 62 35 23 7 2 1 
43329|Child|18: 1859 420 124 35 26 7 2 1 
43329|Child|19: 1970 1149 663 175 63 39 27 14 4 1 
43329|Child|20: 1516 371 236 63 33 9 2 1 
43329|Child|21: 1709 401 167 52 41 30 9 4 1 
43329|Child|22: 687 311 83 76 52 39 15 4 1 
43329|Child|23: 1164 360 108 59 43 38 8 3 1 
43329|Child|24: 1786 601 163 73 59 20 6 3 1 
43329|Child|25: 629 195 68 52 51 24 5 2 1 
43329|Child|26: 1329 412 191 52 18 5 3 1 
43329|Child|27: 1936 497 217 72 40 34 30 7 4 1 
43329|Child|28: 1536 377 152 40 30 7 2 1 
43329|Child|29: 596 135 47 37 19 9 3 1 
43329|Child|30: 1863 706 246 55 47 37 28 10 3 1 
43329|Child|31: 628 154 57 21 18 4 1 
43329|Child|32: 683 232 76 41 21 17 8 2 1 
43329|Child|33: 1488 566 191 44 35 24 5 2 1 
43329|Child|34: 501 133 35 17 6 2 1 
43329|Child|35: 1119 239 135 85 76 37 27 7 4 1 
43329|Child|36: 1513 470 198 85 76 35 13 3 1 
43329|Child|37: 876 387 93 57 43 39 10 4 1 
43329|Child|38: 971 361 173 63 57 43 24 9 2 1 
43329|Child|39: 1780 1189 404 113 76 37 35 18 5 2 1 
43329|Child|40: 483 164 76 37 15 5 4 1 
43329|Child|41: 943 201 113 51 26 9 2 1 
43329|Child|42: 880 200 115 113 51 47 17 4 1 
43329|Child|43: 586 158 60 52 23 6 3 1 
43329|Child|44: 1764 464 105 91 60 52 37 19 10 4 1 
43329|Child|45: 1257 414 87 76 73 63 14 9 4 1 
43329|Child|46: 1446 296 76 73 25 9 3 1 
43329|Child|47: 1274 311 89 63 60 20 7 2 1 
43329|Child|48: 1305 340 111 60 55 34 11 3 1 
43329|Child|49: 1088 252 73 43 39 34 23 9 2 1 
43329|Child|50: 1954 493 158 39 25 20 7 2 1 
43329|Random|51: 1584 460 180 99 23 16 8 4 1 
43329|Random|52: 860 243 130 28 6 3 1 
43329|Random|53: 1273 624 386 128 34 7 4 1 
43329|Random|54: 1094 418 378 82 59 32 12 8 2 1 
43329|Random|55: 1940 435 113 65 19 4 3 1 
43329|Random|56: 1523 522 458 308 69 23 10 4 2 1 
43329|Random|57: 972 238 52 32 15 4 2 1 
43329|Random|58: 1464 628 284 80 59 24 17 6 2 1 
43329|Random|59: 666 410 116 27 7 4 1 
43329|Random|60: 658 357 201 173 39 13 3 1 
43329|Random|61: 1322 498 121 47 15 4 1 
43329|Random|62: 1714 367 74 15 4 2 1 
43329|Random|63: 1436 702 184 75 19 7 2 1 
43329|Random|64: 1297 320 121 96 31 9 3 2 1 
43329|Random|65: 1147 320 186 116 28 6 4 2 1 
43329|Random|66: 1957 809 299 82 25 13 10 7 3 1 
43329|Random|67: 1259 589 133 33 18 15 4 1 
43329|Random|68: 1145 344 262 53 19 4 1 
43329|Random|69: 1329 350 105 25 9 4 1 
43329|Random|70: 1299 814 738 190 135 60 26 8 2 1 
43329|Random|71: 1539 666 340 234 78 18 9 2 1 
43329|Random|72: 1375 678 598 225 63 13 4 2 1 
43329|Random|73: 1301 914 724 277 199 61 26 8 4 2 1 
43329|Random|74: 658 182 67 32 8 4 2 1 
43329|Random|75: 1701 526 214 68 23 6 3 1 
43329|Random|76: 1895 429 98 35 12 3 1 
43329|Random|77: 1860 1122 292 94 33 19 9 2 1 
43329|Random|78: 1607 1054 944 260 81 17 9 6 3 1 
43329|Random|79: 1407 431 321 256 150 68 14 5 2 1 
43329|Random|80: 807 242 85 27 16 6 3 1 
43329|Random|81: 1675 904 321 118 76 34 18 4 1 
43329|Random|82: 1430 345 70 16 5 3 1 
43329|Random|83: 692 383 121 36 14 6 2 1 
43329|Random|84: 1521 500 275 100 57 37 8 2 1 
43329|Random|85: 921 450 112 29 6 5 2 1 
43329|Random|86: 759 324 250 118 99 69 14 7 2 1 
43329|Random|87: 973 308 88 28 7 2 1 
43329|Random|88: 1513 313 82 25 11 4 1 
43329|Random|89: 1427 409 98 27 16 7 4 2 1 
43329|Random|90: 1093 418 136 109 34 13 4 1 
43329|Random|91: 1157 302 65 40 15 4 1 
43329|Random|92: 1737 373 101 25 16 4 1 
43329|Random|93: 1710 407 82 31 13 3 1 
43329|Random|94: 600 340 214 79 38 32 16 4 2 1 
43329|Random|95: 680 201 43 9 2 1 
43329|Random|96: 1900 1163 368 78 41 14 4 3 2 1 
43329|Random|97: 1823 1177 253 60 13 3 1 
43329|Random|98: 1501 546 184 116 28 17 4 1 
43329|Random|99: 1929 560 233 82 59 17 6 3 1 
43329|Random|100: 567 344 104 27 6 3 1 
Sum of sequences: 100

Genetic Algorithm v1 generated gaps
Checking for new best - Compare iterations:
++++++++++++++++++++++++++++++++++++++++++++++++++
++++++++++++++++++++++++++++++++++++++++++++++++++

Genetic Algorithm v2 iteration 44786:
Gaps sequences:
44786|Survivor|1: 1477 343 145 62 27 10 4 1 
44786|Survivor|2: 1477 343 145 62 27 10 4 1 
44786|Survivor|3: 1477 343 145 62 27 10 4 1 
44786|Survivor|4: 1477 343 145 62 27 10 4 1 
44786|Survivor|5: 1477 343 145 62 27 10 4 1 
44786|Survivor|6: 1477 343 145 62 27 10 4 1 
44786|Survivor|7: 1477 343 145 62 27 10 4 1 
44786|Survivor|8: 1477 343 145 62 27 10 4 1 
44786|Survivor|9: 1477 343 145 62 27 10 4 1 
44786|Survivor|10: 1477 343 145 62 27 10 4 1 
44786|Child|1: 1477 343 145 62 27 10 4 1 
44786|Child|2: 1477 343 145 62 27 10 4 1 
44786|Child|3: 1477 343 145 62 27 10 4 1 
44786|Child|4: 1477 343 145 62 27 10 4 1 
44786|Child|5: 1477 343 145 62 27 10 4 1 
44786|Child|6: 1477 343 145 62 27 10 4 1 
44786|Child|7: 1477 343 145 62 27 10 4 1 
44786|Child|8: 1477 343 145 62 27 10 4 1 
44786|Child|9: 1477 343 145 62 27 10 4 1 
44786|Child|10|Mutated: 1477 290 145 62 27 10 4 1 
44786|Child|11: 1477 343 145 62 27 10 4 1 
44786|Child|12: 1477 343 145 62 27 10 4 1 
44786|Child|13: 1477 343 145 62 27 10 4 1 
44786|Child|14: 1477 343 145 62 27 10 4 1 
44786|Child|15: 1477 343 145 62 27 10 4 1 
44786|Child|16: 1477 343 145 62 27 10 4 1 
44786|Child|17: 1477 343 145 62 27 10 4 1 
44786|Child|18: 1477 343 145 62 27 10 4 1 
44786|Child|19: 1477 343 145 62 27 10 4 1 
44786|Child|20: 1477 343 145 62 27 10 4 1 
44786|Child|21: 1477 343 145 62 27 10 4 1 
44786|Child|22: 1477 343 145 62 27 10 4 1 
44786|Child|23: 1477 343 145 62 27 10 4 1 
44786|Child|24: 1477 343 145 62 27 10 4 1 
44786|Child|25: 1477 343 145 62 27 10 4 1 
44786|Child|26: 1477 343 145 62 27 10 4 1 
44786|Child|27: 1477 343 145 62 27 10 4 1 
44786|Child|28: 1477 343 145 62 27 10 4 1 
44786|Child|29: 1477 343 145 62 27 10 4 1 
44786|Child|30: 1477 343 145 62 27 10 4 1 
44786|Child|31: 1477 343 145 62 27 10 4 1 
44786|Child|32: 1477 343 145 62 27 10 4 1 
44786|Child|33: 1477 343 145 62 27 10 4 1 
44786|Child|34: 1477 343 145 62 27 10 4 1 
44786|Child|35: 1477 343 145 62 27 10 4 1 
44786|Child|36: 1477 343 145 62 27 10 4 1 
44786|Child|37: 1477 343 145 62 27 10 4 1 
44786|Child|38: 1477 343 145 62 27 10 4 1 
44786|Child|39: 1477 343 145 62 27 10 4 1 
44786|Child|40: 1477 343 145 62 27 10 4 1 
44786|Child|41: 1477 343 145 62 27 10 4 1 
44786|Child|42: 1477 343 145 62 27 10 4 1 
44786|Child|43: 1477 343 145 62 27 10 4 1 
44786|Child|44: 1477 343 145 62 27 10 4 1 
44786|Child|45: 1477 343 145 62 27 10 4 1 
44786|Child|46: 1477 343 145 62 27 10 4 1 
44786|Child|47: 1477 343 145 62 27 10 4 1 
44786|Child|48: 1477 343 145 62 27 10 4 1 
44786|Child|49|Mutated: 1477 369 162 62 22 10 5 1 
44786|Child|50: 1477 343 145 62 27 10 4 1 
44786|Random|1: 1582 1384 392 261 176 158 34 15 6 3 1 
44786|Random|2: 938 283 76 23 6 3 2 1 
44786|Random|3: 1400 281 69 24 5 2 1 
44786|Random|4: 935 227 172 74 19 6 3 1 
44786|Random|5: 947 675 239 61 25 6 2 1 
44786|Random|6: 1902 990 348 168 53 17 8 2 1 
44786|Random|7: 1149 240 53 23 6 3 1 
44786|Random|8: 721 151 83 20 16 10 5 3 1 
44786|Random|9: 1086 252 83 17 6 3 1 
44786|Random|10: 1518 475 132 38 14 4 1 
44786|Random|11: 677 143 85 26 6 3 1 
44786|Random|12: 1199 780 165 78 27 7 4 1 
44786|Random|13: 1010 229 58 12 8 2 1 
44786|Random|14: 555 391 337 88 45 30 8 2 1 
44786|Random|15: 1646 362 123 44 23 17 6 3 1 
44786|Random|16: 849 203 75 16 5 3 1 
44786|Random|17: 762 345 124 29 14 4 1 
44786|Random|18: 466 234 48 16 4 1 
44786|Random|19: 697 396 109 26 9 2 1 
44786|Random|20: 928 260 174 66 36 27 6 3 1 
44786|Random|21: 1976 426 126 26 11 3 1 
44786|Random|22: 1126 298 81 17 7 2 1 
44786|Random|23: 1883 1186 1031 831 237 59 20 5 2 1 
44786|Random|24: 1235 286 76 37 21 9 4 2 1 
44786|Random|25: 1973 477 171 140 36 32 13 7 4 1 
44786|Random|26: 1879 462 323 176 49 11 6 2 1 
44786|Random|27: 462 111 28 10 4 1 
44786|Random|28: 516 326 71 15 8 4 1 
44786|Random|29: 1911 391 79 37 8 2 1 
44786|Random|30: 1035 227 127 53 27 6 2 1 
44786|Random|31: 1000 314 212 84 25 6 3 1 
44786|Random|32: 631 424 140 83 32 8 3 2 1 
44786|Random|33: 1726 536 119 69 24 7 2 1 
44786|Random|34: 831 412 84 43 11 3 1 
44786|Random|35: 1571 532 411 167 81 23 5 3 2 1 
44786|Random|36: 851 339 249 63 17 6 3 1 
44786|Random|37: 1637 680 219 49 12 8 4 2 1 
44786|Random|38: 732 159 56 19 4 1 
44786|Random|39: 1504 726 253 59 17 13 6 2 1 
44786|Random|40: 1907 762 260 75 17 6 2 1 
Sum of sequences: 100

Genetic Algorithm v2 generated gaps
Checking for new best - Compare iterations:
++++++++++++++++++++++++++++++++++++++++++++++++++
++++++++++++++++++++++++++++++++++++++++++++++++++

Genetic Algorithm v3 iteration 42866:
Gaps sequences:
42866|Survivor|1|Mutated: 760 266 118 47 25 11 4 1 
42866|Child_Cross|1: 600 222 82 42 35 13 4 1 
42866|Child_Cross|2: 386 142 54 42 19 11 3 1 
42866|Child_Avg|3: 304 112 48 27 12 3 1 
42866|Child_Levy|4: 309 110 47 28 11 2 1 
42866|Child_Cross|5: 544 156 79 45 42 31 13 3 1 
42866|Child_Cross|6: 912 263 77 42 30 7 4 1 
42866|Child_Avg|7: 728 209 78 43 30 10 3 1 
42866|Child_Levy|8: 733 210 73 36 31 11 4 1 
42866|Child_Cross|9|Mutated: 526 188 51 36 10 4 1 
42866|Child_Cross|10: 1198 367 184 69 51 31 9 4 1 
42866|Child_Avg|11: 446 179 60 33 10 4 1 
42866|Child_Levy|12: 444 177 59 32 11 5 1 
42866|Child_Cross|13|Mutated: 648 231 98 42 39 37 13 5 1 
42866|Child_Cross|14|Mutated: 660 242 106 39 27 8 3 1 
42866|Child_Avg|15: 654 236 97 40 32 9 3 1 
42866|Child_Levy|16: 657 238 98 41 34 11 2 1 
42866|Child_Cross|17: 298 172 73 66 27 14 4 1 
42866|Child_Cross|18: 1881 1341 915 246 172 73 29 10 3 1 
42866|Child_Avg|19: 606 209 69 28 12 3 1 
42866|Child_Levy|20|Mutated: 619 238 61 24 11 2 1 
42866|Child_Cross|21: 1141 689 156 85 32 13 3 1 
42866|Child_Cross|22|Mutated: 1559 394 110 81 85 28 14 4 1 
42866|Child_Avg|23: 1350 559 133 91 30 12 3 1 
42866|Child_Levy|24|Mutated: 1236 540 147 90 32 13 3 1 
42866|Child_Cross|25: 734 325 160 92 41 39 28 8 3 1 
42866|Child_Cross|26: 608 235 101 41 33 8 3 1 
42866|Child_Avg|27: 671 280 130 66 58 30 8 3 1 
42866|Child_Levy|28: 670 298 131 65 53 31 7 4 1 
42866|Child_Cross|29: 640 246 101 42 28 9 4 1 
42866|Child_Cross|30: 627 241 92 42 35 11 3 1 
42866|Child_Avg|31|Mutated: 669 243 94 42 31 10 4 1 
42866|Child_Levy|32: 562 250 79 41 30 9 4 1 
42866|Child_Cross|33: 642 225 94 40 17 5 3 1 
42866|Child_Cross|34: 681 241 101 41 40 21 11 3 1 
42866|Child_Avg|35: 661 233 97 40 19 8 3 1 
42866|Child_Levy|36|Mutated: 671 251 105 41 21 11 3 1 
42866|Child_Cross|37: 707 250 103 42 39 37 15 4 1 
42866|Child_Cross|38: 655 246 102 39 26 8 3 1 
42866|Child_Avg|39: 681 248 102 40 31 11 3 1 
42866|Child_Levy|40: 658 242 101 38 32 12 4 1 
42866|Child_Cross|41: 1209 316 148 49 41 30 8 3 1 
42866|Child_Cross|42: 726 262 107 41 20 7 2 1 
42866|Child_Avg|43: 967 289 127 45 25 7 2 1 
42866|Child_Levy|44: 965 290 110 46 24 5 1 1 
42866|Child_Cross|45|Mutated: 570 255 88 45 34 45 10 4 1 
42866|Child_Cross|46: 608 242 103 40 25 9 5 1 
42866|Child_Avg|47: 589 248 95 42 32 9 4 1 
42866|Child_Levy|48: 620 249 93 44 29 10 3 1 
42866|Child_Cross|49: 607 264 71 42 25 8 3 1 
42866|Child_Cross|50: 418 169 67 42 31 13 3 1 
42866|Child_Avg|51: 341 120 54 28 10 3 1 
42866|Child_Levy|52: 335 124 56 29 11 4 1 
42866|Child_Cross|53: 1693 922 202 67 47 25 9 4 1 
42866|Child_Cross|54: 760 266 118 47 32 7 4 1 
42866|Child_Avg|55: 1226 594 160 57 28 8 4 1 
42866|Child_Levy|56: 1265 557 177 59 29 9 3 1 
42866|Child_Cross|57: 760 266 118 47 39 32 10 3 1 
42866|Child_Cross|58: 519 187 78 39 25 7 2 1 
42866|Child_Avg|59: 639 226 98 43 28 8 2 1 
42866|Child_Levy|60: 644 245 91 42 29 7 3 1 
42866|Child_Cross|61: 589 225 79 42 30 11 4 1 
42866|Child_Cross|62: 643 261 92 43 42 28 9 4 1 
42866|Child_Avg|63: 616 243 85 42 29 10 4 1 
42866|Child_Levy|64: 626 242 83 41 31 9 3 1 
42866|Random|1: 1618 349 75 16 4 1 
42866|Random|2: 716 580 248 71 18 7 3 2 1 
42866|Random|3: 887 194 69 20 14 4 1 
42866|Random|4: 1997 1799 435 345 127 70 43 9 3 2 1 
42866|Random|5: 423 270 57 46 19 7 4 1 
42866|Random|6: 1469 505 106 46 14 6 3 1 
42866|Random|7: 1669 397 305 263 78 24 13 9 2 1 
42866|Random|8: 1402 450 197 67 17 9 3 1 
42866|Random|9: 1070 758 188 134 27 22 14 3 2 1 
42866|Random|10: 947 222 50 12 10 3 1 
42866|Random|11: 1597 332 135 57 18 7 4 2 1 
42866|Random|12: 600 185 49 24 6 3 1 
42866|Random|13: 714 146 32 9 3 2 1 
42866|Random|14: 1150 281 57 12 6 2 1 
42866|Random|15: 1542 1275 264 95 24 8 4 2 1 
42866|Random|16: 1314 465 137 35 8 4 2 1 
42866|Random|17: 1762 1401 306 87 76 44 13 3 1 
42866|Random|18: 594 140 48 16 4 1 
42866|Random|19: 1165 402 205 46 13 6 2 1 
42866|Random|20: 943 657 140 67 16 6 4 1 
42866|Random|21: 1971 439 142 39 10 4 1 
42866|Random|22: 1252 272 74 20 5 3 1 
42866|Random|23: 1203 294 156 62 45 10 8 4 1 
42866|Random|24: 1394 450 352 91 78 21 16 6 2 1 
42866|Random|25: 1439 427 99 25 8 2 1 
42866|Random|26: 1135 316 136 122 27 16 7 3 1 
42866|Random|27: 548 388 164 115 39 12 4 1 
42866|Random|28: 1517 518 210 156 140 40 24 9 2 1 
42866|Random|29: 1395 414 128 29 8 2 1 
42866|Random|30: 1909 448 101 59 13 4 2 1 
42866|Random|31: 1542 1114 626 150 75 52 17 4 1 
42866|Random|32: 1836 601 239 61 23 17 4 1 
42866|Random|33: 917 288 68 57 40 29 19 4 1 
42866|Random|34: 1922 661 537 169 104 50 12 3 2 1 
42866|Random|35: 1938 878 299 106 24 10 5 3 1 
Sum of sequences: 100


8000 range / 10000 tryouts
Results:
GAv3-10000|Top2: 2304 919 390 159 69 28 12 5 1 
  Time: 0.474339ms | Operations: 132946 | Wins: 2829

SEJ: 3313 1272 488 187 72 27 10 4 1 
  Time: 0.50027ms | Operations: 134262 | Wins: 191

Ciura: 1750 701 301 132 57 23 10 4 1 
  Time: 0.513553ms | Operations: 133922 | Wins: 530

10000 range / 10000 tryouts
Results:
GAv3-10000|Top1: 3170 983 432 191 93 35 13 5 1 
  Time: 0.678871ms | Operations: 172995 | Wins: 3833

GAv3-10000|Top2: 2304 919 390 159 69 28 12 5 1 
  Time: 0.672907ms | Operations: 173090 | Wins: 3357

GAv3-10000|Top3: 2905 891 355 160 75 29 11 5 1 
  Time: 0.659833ms | Operations: 173319 | Wins: 2404

SEJ: 8627 3313 1272 488 187 72 27 10 4 1 
  Time: 0.701247ms | Operations: 174711 | Wins: 231

Ciura: 1750 701 301 132 57 23 10 4 1 
  Time: 0.682103ms | Operations: 175080 | Wins: 173

Tokuda: 5985 2660 1182 525 233 103 46 20 9 4 1 
  Time: 0.64616ms | Operations: 176336 | Wins: 0

Lee: 5831 2599 1158 516 230 102 45 20 9 4 1 
  Time: 0.718084ms | Operations: 176420 | Wins: 2

1000 range / 10000 tryouts
Results:
SEJ: 488 187 72 27 10 4 1 
  Time: 0.0421459ms | Operations: 11090.1 | Wins: 4275

GAv3-10000|Top1: 3170 983 432 191 93 35 13 5 1 
  Time: 0.0412062ms | Operations: 11116.3 | Wins: 3349

GAv3-10000|Top2: 2304 919 390 159 69 28 12 5 1 
  Time: 0.046213ms | Operations: 11186.3 | Wins: 1937

Tokuda: 525 233 103 46 20 9 4 1 
  Time: 0.0450164ms | Operations: 11358.2 | Wins: 91

Ciura: 701 301 132 57 23 10 4 1 
  Time: 0.0402952ms | Operations: 11396.1 | Wins: 121

Lee: 516 230 102 45 20 9 4 1 
  Time: 0.0447081ms | Operations: 11429.2 | Wins: 38

GAv3-10000|Top3: 2905 891 355 160 75 29 11 5 1 
  Time: 0.0422848ms | Operations: 11460.5 | Wins: 189