Survivor51-1: 1345 396 158 58 27 13 5 1 
Child_Cross138-2: 1089 383 143 59 27 14 4 1 
Survivor288-1: 902 398 151 63 28 11 4 1 
Survivor580-1: 1178 341 128 63 35 12 5 1 
Survivor638-1: 1274 393 146 61 30 11 5 1 
Survivor684-1: 1289 376 147 64 29 11 5 1 
Child_Levy715-20: 1533 592 205 102 35 13 5 1 
Survivor722-1_mutated: 1533 592 205 102 35 13 6 1 
Child_Avg729-7: 1048 369 157 76 28 13 4 1 
Child_Levy885-28: 1340 437 185 71 29 10 4 1 
Survivor934-1: 1471 418 175 74 31 11 4 1 
Survivor954-1: 1089 397 136 58 30 11 5 1 
Child_Cross1055-10_mutated: 955 362 151 63 31 14 5 1 
Survivor1186-1: 942 376 166 63 31 14 4 1 
Survivor1271-1: 999 360 158 61 30 13 5 1 
Child_Cross1311-29: 3247 938 345 128 57 30 13 5 1 
Child_Avg1375-7_mutated: 3387 1024 367 153 79 36 13 4 1 
