Child_Cross84-33: 4005 1130 471 210 97 36 13 4 1 
Survivor164-1: 2421 874 390 177 80 43 14 4 1 
Survivor222-1: 3192 1257 367 184 97 40 13 5 1 
Child_Avg233-3: 2311 682 292 141 75 29 11 5 1 
Survivor359-1: 2349 700 305 149 79 28 13 4 1 
Child_Avg362-39: 2783 793 325 158 77 28 11 4 1 
Survivor404-1: 2575 1084 377 139 79 32 11 4 1 
Survivor621-1: 2296 812 331 161 89 35 12 5 1 
Child_Cross685-53: 2678 908 324 156 89 31 14 4 1 
Child_Cross735-38: 3565 1364 562 263 129 61 35 12 5 1 
Child_Cross751-21: 2116 815 375 146 67 31 11 4 1 
Survivor782-1: 1951 800 293 179 73 30 12 5 1 
Child_Cross825-42_mutated: 3119 1104 396 169 88 41 13 4 1 
Survivor837-1: 3119 1186 396 193 88 41 13 4 1 
Survivor847-1: 2857 1201 398 229 107 36 13 4 1 
Child_Avg882-19: 2941 1049 439 218 74 28 13 4 1 
Survivor883-1_mutated: 2692 1049 439 218 74 28 13 4 1 
Child_Levy993-12: 2875 935 394 181 73 30 11 5 1 
Survivor1003-1_mutated: 2875 789 394 181 73 30 11 5 1 
Survivor1026-1: 2425 832 334 131 65 28 12 5 1 
Survivor1032-1: 3098 906 421 176 90 31 11 4 1 
Survivor1090-1: 3704 961 379 169 74 36 11 4 1 
Survivor1097-1_mutated: 3704 961 379 192 74 29 11 5 1 
Child_Avg1102-43: 3108 834 335 170 72 30 11 5 1 
Child_Cross1121-1: 2909 923 302 133 69 30 11 4 1 
Child_Cross1123-5: 3006 916 338 146 77 35 12 5 1 
Survivor1131-1: 2646 916 338 146 77 35 12 5 1 
Child_Levy1137-16: 3883 1013 542 214 90 35 13 5 1 
Survivor1292-1_mutated: 4316 1680 533 290 125 63 27 11 4 1 
Survivor1415-1_mutated: 3521 1037 451 173 82 33 12 5 1 
Survivor1476-1: 3923 1189 391 176 74 36 11 5 1 
Child_Cross1536-61: 3114 862 302 161 78 35 11 5 1 
Survivor1610-1: 2904 1079 305 204 74 33 12 5 1 
Child_Levy1691-16: 2725 1155 367 161 87 28 12 5 1 
Survivor1731-1: 3511 1093 462 210 78 35 13 6 1 
Child_Levy1734-24: 1838 714 308 155 75 32 13 4 1 
Survivor1779-1_mutated: 2643 1196 411 150 98 31 14 5 1 
Child_Cross1819-45: 3667 993 437 195 81 29 11 5 1 
Child_Levy1833-52: 2603 728 355 153 79 29 11 5 1 
Child_Cross1939-9: 2385 918 335 139 84 35 12 5 1 
Child_Cross1999-34: 7188 1911 726 289 132 76 30 11 5 1 
Child_Avg2175-63: 2284 848 356 151 77 28 11 4 1 
Child_Cross2288-14: 3642 1155 362 143 88 40 14 5 1 
Child_Avg2305-11: 2045 751 316 138 76 35 12 5 1 
Child_Cross2317-14: 1839 733 302 143 69 35 11 4 1 
Child_Cross2431-29: 2187 827 361 159 76 28 13 4 1 
Child_Cross2476-62: 2043 726 307 128 78 30 11 5 1 
Survivor2631-1_mutated: 2154 820 364 158 87 35 14 5 1 
Survivor2644-1_mutated: 2154 820 364 158 87 35 12 5 1 
Child_Cross2681-29: 2219 683 304 131 87 35 12 5 1 
Child_Levy2777-52: 2321 862 339 141 61 32 11 4 1 
Survivor2783-1: 2393 927 339 141 61 32 11 4 1 
Child_Cross2857-45: 2929 956 401 168 87 37 14 4 1 
Survivor2879-1: 2461 848 334 151 80 36 13 4 1 
Child_Levy2928-64: 2697 746 279 127 62 23 12 5 1 
Child_Avg2942-43: 4282 1152 455 187 76 31 11 4 1 
Child_Cross3023-13: 2181 820 351 137 75 40 14 5 1 
Child_Cross3092-22: 9819 3897 1066 425 176 87 36 14 5 1 
Child_Cross3094-26: 2834 938 398 165 87 36 14 5 1 
Survivor3119-1_mutated: 2773 1003 362 142 89 35 11 5 1 
Child_Levy3148-4_mutated: 7399 1723 715 276 110 63 29 10 4 1 
Child_Cross3174-46: 5531 1405 569 225 92 31 14 5 1 
Child_Avg3187-59: 3190 852 360 170 77 28 15 4 1 
Child_Levy3255-52_mutated: 2097 820 314 137 68 25 11 5 1 
Child_Cross3276-17: 4153 1137 437 184 85 45 13 5 1 
Child_Avg3315-31_mutated: 2405 779 390 166 79 32 11 4 1 
Survivor3325-1: 1931 779 390 166 79 32 11 4 1 
Child_Avg3391-51: 2151 877 312 146 76 27 10 4 1 
Child_Levy3485-32: 2267 704 290 127 73 25 11 5 1 
Child_Levy3610-52: 2677 852 380 193 91 35 13 5 1 
Child_Levy3616-36: 2031 826 332 153 74 28 12 5 1 
Survivor3699-1_mutated: 2612 1062 374 159 89 40 11 5 1 
Survivor3818-1: 2438 846 351 139 81 32 13 5 1 
Child_Avg3939-43: 2906 1054 390 185 72 35 14 6 1 
Child_Levy4020-16: 2875 972 374 149 61 28 12 5 1 
Child_Cross4212-10: 2121 822 335 143 73 36 11 5 1 
Child_Levy4322-44: 2591 1003 442 166 89 36 13 4 1 
Survivor4326-1_mutated: 2936 1003 442 196 89 36 13 4 1 
Child_Levy4328-40: 1967 733 326 173 87 32 13 5 1 
Child_Cross4332-54: 1967 733 326 173 85 32 13 5 1 
Child_Levy4377-8: 3735 1373 610 225 85 31 14 5 1 
Child_Avg4396-35: 2423 934 406 169 83 30 12 5 1 
Survivor4422-1: 7489 1956 861 363 118 66 24 11 4 1 
Child_Avg4518-3: 2742 847 359 157 61 31 11 4 1 
Child_Levy4561-20_mutated: 7023 2379 704 373 167 75 27 13 5 1 
Child_Levy4674-52: 3109 1057 385 185 81 30 11 5 1 
Survivor4682-1_mutated: 3515 1057 385 185 81 30 11 5 1 
Child_Avg4818-47: 2603 794 385 156 65 27 10 4 1 
Survivor4877-1: 2279 998 409 156 74 36 11 6 1 
Survivor4981-1: 2165 687 311 132 64 29 9 4 1 
Survivor5026-1_mutated: 8786 2286 749 314 120 71 26 14 5 1 
Child_Levy5090-8: 2453 793 350 176 71 25 11 5 1 
Survivor5092-1_mutated: 2453 852 350 176 71 25 11 5 1 
Child_Levy5103-36_mutated: 2692 768 365 155 71 23 14 4 1 
Survivor5120-1: 3950 1166 424 172 81 39 11 4 1 
Child_Levy5123-40: 2841 790 356 146 69 31 10 4 1 
Child_Cross5174-37: 2379 922 435 166 74 32 13 4 1 
Survivor5179-1: 2334 1009 364 152 73 32 11 4 1 
Child_Levy5302-20: 2604 934 391 155 72 28 13 4 1 
Child_Levy5311-16: 2355 731 374 158 61 31 14 5 1 
Child_Cross5345-62: 6155 1464 541 202 99 31 16 6 1 
Survivor5358-1: 4488 1067 404 143 82 30 14 5 1 
Child_Levy5373-60: 2815 826 307 126 82 29 16 5 1 
Child_Cross5385-41: 4199 1218 449 166 93 36 13 6 1 
Child_Avg5386-31_mutated: 2260 806 311 133 74 28 12 5 1 
Child_Avg5460-47: 3825 1073 346 157 75 28 11 4 1 
Child_Levy5644-4: 2475 768 428 143 62 28 12 5 1 
Child_Cross5649-6: 2044 717 280 119 62 28 12 5 1 
Child_Cross5663-10: 2821 983 356 177 80 35 11 5 1 
Child_Levy5698-40: 1964 834 372 210 77 31 14 5 1 
Survivor5867-1_mutated: 2059 773 340 155 86 32 13 5 1 
Child_Cross5875-53: 2059 773 340 155 67 32 13 4 1 
Survivor5886-1: 2619 747 335 141 58 27 10 4 1 
Survivor5946-1: 2353 927 335 142 79 31 11 5 1 
Survivor6060-1: 1948 873 336 132 79 29 14 4 1 
Survivor6064-1: 2253 759 324 132 74 25 11 5 1 
Survivor6109-1: 2720 813 451 161 93 30 14 5 1 
Child_Levy6193-36: 2229 891 374 155 74 33 12 5 1 
Child_Avg6306-31_mutated: 2556 772 330 149 83 36 13 4 1 
Child_Avg6340-63: 2028 709 317 149 67 32 11 4 1 
Child_Cross6462-61: 1707 767 311 149 84 35 12 5 1 
Child_Cross6535-17: 6041 1996 856 334 137 65 31 11 4 1 
Survivor6541-1_mutated: 6041 1801 856 334 137 65 31 11 4 1 
Survivor6683-1: 2481 1033 369 181 91 35 12 5 1 
Child_Levy6714-44: 1884 752 308 142 87 33 14 6 1 
Child_Levy6803-48: 2509 787 413 164 77 27 13 5 1 
Survivor6813-1_mutated: 1947 741 320 125 76 28 11 4 1 
Child_Cross6820-49: 2938 807 318 127 69 27 10 4 1 
Child_Avg6983-27: 2896 811 365 136 66 30 11 5 1 
Child_Cross7013-21: 2896 709 365 136 80 30 11 5 1 
Child_Levy7038-4: 2949 822 338 194 77 33 12 5 1 
Child_Cross7070-26: 2305 743 316 141 75 29 11 5 1 
Child_Avg7110-43: 2442 784 318 151 72 31 11 4 1 
Survivor7138-1: 2843 832 320 147 81 31 13 4 1 
Survivor7264-1_mutated: 2383 743 371 158 77 35 13 5 1 
Survivor7301-1: 2504 743 371 158 77 35 13 6 1 
Survivor7469-1: 2303 912 320 127 69 28 11 4 1 
Survivor7533-1: 5691 1524 676 309 118 65 27 10 4 1 
Survivor7599-1: 2876 1146 399 190 82 39 11 4 1 
Child_Cross7645-49: 2525 911 368 169 88 31 14 4 1 
Survivor7647-1_mutated: 2865 911 368 169 88 31 14 5 1 
Child_Cross7694-38: 2595 846 389 199 96 34 16 5 1 
Survivor7708-1: 7440 2036 878 339 132 74 35 14 4 1 
Child_Levy7745-20: 2287 740 320 151 77 35 12 5 1 
Child_Levy7899-40: 3741 972 340 151 80 31 14 5 1 
Child_Cross7922-10_mutated: 3776 1073 409 177 71 34 11 5 1 
Survivor7930-1: 4114 1115 464 180 91 41 14 6 1 
Child_Levy7947-24: 2844 890 375 154 83 39 14 6 1 
Child_Avg7949-39: 2687 1103 421 172 70 30 11 5 1 
Child_Avg7954-15: 2696 1022 387 156 73 30 11 5 1 
Child_Levy8102-48: 2294 885 330 138 88 32 13 5 1 
Child_Cross8156-18: 3102 894 347 177 90 35 12 5 1 
Child_Cross8166-57: 2998 947 377 177 91 31 14 4 1 
Child_Avg8250-55: 6378 1432 538 227 93 35 11 5 1 
Child_Avg8279-43: 2982 991 458 191 79 32 13 4 1 
Survivor8369-1: 3057 802 340 132 74 31 11 4 1 
Survivor8372-1_mutated: 2847 802 340 132 74 31 11 4 1 
Survivor8390-1: 2113 694 304 115 64 30 12 5 1 
Survivor8517-1_mutated: 6957 2089 713 389 148 58 24 11 5 1 
Survivor8539-1_mutated: 7477 2089 601 314 148 58 24 11 5 1 
Child_Levy8540-16: 2294 753 372 146 74 29 10 4 1 
Child_Cross8727-41: 2442 1032 373 140 72 27 13 5 1 
Survivor8848-1: 3491 1029 400 185 89 35 13 5 1 
Child_Avg8874-31: 2760 842 358 169 89 35 11 5 1 
Child_Cross9122-45: 3102 1334 391 182 73 35 11 5 1 
Child_Cross9132-26: 2577 977 374 167 73 35 11 5 1 
Child_Levy9200-52: 2533 996 361 177 81 36 13 4 1 
Survivor9320-1_mutated: 2107 662 327 125 71 28 12 5 1 
Child_Cross9325-10: 2036 695 309 117 71 28 12 5 1 
Survivor9390-1: 1986 744 304 120 75 27 13 5 1 
Child_Avg9640-23: 2721 800 313 127 78 35 12 5 1 
Survivor9642-1_mutated: 2759 808 299 127 78 35 12 5 1 
Child_Levy9703-12: 3078 1260 478 181 86 35 12 5 1 
Child_Cross9729-53: 2121 906 316 143 86 35 12 5 1 
Survivor9767-1: 3893 1337 421 177 82 35 14 5 1 
Child_Avg9775-15: 2823 972 362 140 75 27 13 5 1 
Survivor9895-1: 2473 891 317 153 76 28 13 4 1 
Child_Avg10171-59: 2575 1038 413 165 70 31 11 4 1 
Child_Cross10227-26: 3548 1090 461 171 86 40 14 5 1 
Survivor10289-1: 2718 944 335 143 100 30 11 5 1 
Child_Levy10398-36: 2614 797 343 163 79 29 11 5 1 
Child_Cross10471-13: 3510 1059 452 162 97 30 11 5 1 
Survivor10577-1: 3120 769 304 151 71 25 11 5 1 
Child_Cross10592-33: 2428 1074 377 186 79 32 11 4 1 
Child_Levy10595-28: 2897 892 373 138 79 37 13 5 1 
Survivor10678-1: 2298 778 482 159 91 35 13 5 1 
Survivor10716-1: 2759 908 377 158 75 33 13 5 1 
Survivor10717-1_mutated: 2759 812 377 158 75 33 13 5 1 
Child_Avg10854-59: 1963 913 349 150 72 32 11 4 1 
Child_Cross10855-30: 2202 749 338 131 72 32 11 4 1 
Child_Levy10902-40_mutated: 5858 1627 734 301 134 58 24 9 4 1 
Child_Avg10961-63: 2304 834 321 142 67 31 11 4 1 
Survivor11020-1_mutated: 7245 2217 602 360 134 79 32 13 4 1 
Child_Cross11117-30: 4137 1278 382 177 75 35 11 4 1 
Survivor11125-1_mutated: 4155 1278 382 177 75 35 11 5 1 
Child_Cross11172-61: 2319 924 346 159 82 35 13 5 1 
Child_Levy11303-40: 2781 1018 360 203 88 43 13 5 1 
Child_Cross11419-25: 3679 1082 455 174 73 36 13 4 1 
Child_Cross11462-42: 5761 2010 895 332 143 65 25 11 5 1 
Survivor11500-1: 3833 1308 512 237 101 51 23 10 4 1 
Child_Levy11639-36: 2215 756 264 137 69 28 11 4 1 
Survivor11670-1: 3033 961 414 149 85 35 11 5 1 
Child_Avg11672-27: 1767 676 354 163 81 35 13 5 1 
Survivor11742-1: 2975 792 374 147 69 27 10 4 1 
Child_Levy11871-32: 2718 794 410 139 70 27 10 4 1 
Child_Avg11897-59: 2882 1071 396 152 83 27 11 4 1 
Child_Avg11934-63: 2112 815 366 187 78 32 11 4 1 
Child_Levy11936-56: 2123 879 307 153 75 29 11 5 1 
Child_Cross11970-41: 2004 715 294 125 76 28 11 4 1 
Child_Avg12003-31: 3217 1164 438 193 88 32 11 4 1 
Survivor12007-1_mutated: 3250 1164 438 173 88 32 13 4 1 
Child_Levy12020-52: 2892 893 358 172 83 31 14 5 1 
Survivor12043-1: 3716 975 366 180 73 27 11 4 1 
Survivor12092-1: 1767 873 332 135 69 30 11 5 1 
Survivor12167-1: 2893 941 350 157 90 32 11 4 1 
Child_Levy12180-36_mutated: 3969 1401 572 291 156 76 29 13 6 1 
Survivor12203-1_mutated: 2128 722 316 165 74 27 13 5 1 
Survivor12247-1: 8723 2242 676 284 97 65 28 11 4 1 
Survivor12294-1_mutated: 2601 789 338 142 68 25 11 5 1 
Child_Avg12402-59: 3447 1022 361 165 71 29 10 4 1 
Child_Avg12431-27: 2342 715 315 147 71 28 11 4 1 
Survivor12454-1: 2710 962 440 155 77 33 13 4 1 
Survivor12473-1: 2772 1057 395 159 61 33 10 6 1 
Child_Cross12542-38: 2624 876 356 149 79 31 11 4 1 
Child_Levy12677-24: 2653 987 390 151 77 27 13 5 1 
Survivor12699-1: 4455 1211 474 219 119 62 28 13 4 1 
Child_Levy12761-64: 2781 1034 468 191 94 33 12 5 1 
Child_Avg12801-3: 2037 827 335 140 74 32 13 4 1 
Child_Levy12810-36: 2576 764 393 143 81 35 13 5 1 
Survivor12822-1_mutated: 2576 813 393 143 81 35 13 5 1 
Survivor12837-1: 2675 829 420 202 100 31 14 5 1 
Survivor12843-1: 2554 858 354 154 97 31 14 5 1 
Survivor12858-1_mutated: 2554 858 354 154 97 31 14 6 1 
Survivor12877-1: 3151 1161 427 211 97 30 14 5 1 
Child_Levy13124-36: 2629 864 351 172 85 32 13 5 1 
Child_Cross13256-25: 2699 926 369 142 73 35 11 4 1 
Child_Cross13321-58: 2729 1031 369 165 72 32 15 4 1 
Child_Levy13336-64: 2535 941 361 158 78 30 13 5 1 
Child_Cross13364-29: 8853 1853 865 322 145 73 30 11 5 1 
Survivor13393-1: 2760 842 306 167 75 27 13 4 1 
Survivor13642-1: 7245 1609 501 244 120 63 27 11 4 1 
Child_Cross13684-61: 7555 1983 771 273 151 80 28 11 4 1 
Child_Cross13700-54: 2649 877 373 124 70 30 11 5 1 
Survivor13796-1: 2142 873 353 184 74 35 11 4 1 
Child_Avg13864-19: 2168 729 296 122 65 28 11 4 1 
Child_Cross13955-13: 2951 780 323 158 71 30 13 4 1 
Child_Cross14008-1: 4104 1231 542 223 109 40 13 5 1 
Survivor14079-1: 4127 1612 638 232 109 54 24 11 4 1 
Survivor14091-1: 4149 1125 584 221 105 56 24 11 4 1 
Child_Cross14131-6: 3561 1103 379 176 82 37 13 4 1 
Survivor14324-1: 1885 779 301 130 69 32 13 4 1 
Child_Cross14335-21: 8091 2036 740 288 133 68 35 13 5 1 
Child_Cross14377-18: 9610 2127 805 320 192 77 31 14 4 1 
Child_Avg14429-43: 3970 1336 522 219 79 32 13 4 1 
Child_Levy14430-64: 2738 895 381 165 77 28 12 5 1 
Survivor14611-1: 6367 1751 515 277 143 66 27 10 4 1 
Child_Cross14663-17: 2366 805 350 152 83 25 12 5 1 
Child_Cross14705-14: 3659 1107 540 218 100 58 23 10 4 1 
Child_Levy14767-36: 1707 705 329 132 58 24 11 5 1 
Child_Avg14830-63: 2671 1045 378 163 82 39 11 4 1 
Child_Cross14840-14: 4175 1502 636 247 121 56 24 11 4 1 
Child_Avg14908-31: 2403 770 320 127 74 30 12 5 1 
Child_Cross14991-14: 2215 763 318 121 71 31 14 5 1 
Survivor15136-1: 3625 1210 459 205 85 31 14 4 1 
Survivor15175-1: 1690 726 341 130 74 32 13 5 1 
Child_Cross15205-53: 2285 857 327 158 69 28 12 5 1 
Survivor15229-1_mutated: 2285 857 327 183 69 28 12 5 1 
Child_Avg15236-23: 2125 697 296 137 65 28 11 4 1 
Child_Levy15318-16_mutated: 2924 878 323 146 71 33 10 4 1 
Child_Cross15579-26: 2760 995 358 178 71 30 14 5 1 
Survivor15598-1: 3004 771 310 143 73 28 12 5 1 
Child_Cross15625-26: 2178 792 328 173 89 27 14 4 1 
Child_Cross15648-18: 6852 1999 785 380 148 63 28 13 4 1 
Survivor15800-1: 9127 2330 1231 416 162 93 32 11 4 1 
Survivor15920-1: 4136 1145 556 293 123 66 31 14 5 1 
Child_Cross15925-14: 2897 1056 334 173 82 32 11 4 1 
Child_Cross15936-38: 3588 1057 415 200 78 32 11 4 1 
Child_Levy15955-52: 2790 1048 335 162 86 40 13 5 1 
Child_Cross16081-50: 2807 980 439 195 83 40 12 5 1 
Child_Levy16164-48: 1927 636 301 138 75 32 13 5 1 
Survivor16173-1: 2129 777 343 147 93 28 12 5 1 
Child_Cross16182-50: 2129 777 351 144 77 28 12 5 1 
Child_Cross16184-30: 2888 1087 319 147 85 28 12 5 1 
Survivor16185-1_mutated: 2353 1087 319 147 85 28 12 5 1 
Survivor16197-1: 3427 1219 494 211 84 37 13 4 1 
Survivor16270-1: 2316 954 358 161 88 27 11 4 1 
Child_Levy16305-32: 2517 921 353 163 102 31 14 5 1 
Survivor16313-1_mutated: 2022 921 381 163 102 31 14 5 1 
Survivor16364-1: 2529 764 332 157 62 30 12 5 1 
Child_Levy16365-32: 3206 932 382 153 79 30 13 5 1 
Survivor16381-1_mutated: 2756 717 356 157 73 32 13 4 1 
Child_Levy16487-24: 2311 1221 341 153 72 32 13 5 1 
Child_Levy16535-48: 2743 751 315 133 74 29 11 5 1 
Child_Avg16584-63: 2260 725 407 168 94 32 13 4 1 
Child_Avg16628-15: 1966 774 343 154 81 32 11 4 1 
Child_Levy16704-28: 5245 1471 684 363 170 78 30 11 5 1 
Child_Levy16711-52: 2085 730 322 134 71 28 12 5 1 
Child_Avg16722-51: 2176 879 342 169 88 32 13 4 1 
Survivor16724-1_mutated: 2083 879 342 169 88 32 13 4 1 
Child_Avg16725-15: 3161 1109 464 155 88 32 13 4 1 
Child_Avg16732-11: 2862 883 295 173 76 28 11 4 1 
Survivor16799-1: 3228 1179 468 235 111 64 24 11 5 1 
Child_Levy16920-64: 3969 1221 410 180 84 33 14 4 1 
Child_Avg17024-15: 6477 1834 695 299 127 69 27 10 4 1 
Survivor17046-1: 2676 732 333 166 81 31 14 4 1 
Survivor17108-1: 4194 1180 463 181 89 41 14 4 1 
Survivor17194-1: 3008 985 386 164 88 33 13 5 1 
Child_Levy17225-64: 2213 971 333 180 94 32 13 5 1 
Survivor17228-1_mutated: 2213 879 333 180 94 32 13 5 1 
Child_Levy17245-44: 2861 844 351 199 90 35 13 5 1 
Survivor17371-1: 2137 781 400 212 81 32 13 4 1 
Child_Cross17391-42: 4159 1286 577 242 119 61 24 9 4 1 
Child_Cross17494-50: 3107 1091 404 154 89 35 11 4 1 
Child_Levy17592-56: 2757 716 370 166 67 30 12 5 1 
Child_Cross17650-62: 3531 1356 479 208 86 35 11 5 1 
Child_Levy17654-16: 2781 984 381 179 80 30 11 5 1 
Child_Cross17664-57: 2781 984 381 179 98 35 11 5 1 
Survivor17673-1_mutated: 2435 1052 381 179 98 35 13 5 1 
Child_Avg17676-59: 2099 925 341 163 94 35 13 5 1 
Child_Cross17681-9: 3127 886 358 165 74 35 12 5 1 
Survivor17689-1_mutated: 3127 1014 358 165 74 35 12 5 1 
Survivor17714-1_mutated: 2855 1014 358 165 74 35 12 5 1 
Child_Cross17765-33: 2748 872 471 175 91 43 17 5 1 
Child_Levy17774-36: 2672 900 344 143 71 31 14 5 1 
Child_Cross17782-21: 2672 900 344 143 93 28 12 5 1 
Child_Cross17783-14: 2309 926 407 153 91 28 12 5 1 
Survivor17882-1_mutated: 6615 1661 619 358 136 77 40 14 5 1 
Survivor17909-1_mutated: 4186 1211 509 250 108 61 30 11 5 1 
Survivor17987-1: 2130 678 296 127 65 25 9 4 1 
Child_Levy17997-4: 2354 722 328 148 71 29 11 5 1 
Survivor18008-1_mutated: 2198 918 315 156 70 29 11 5 1 
Survivor18073-1: 6760 1502 539 252 108 77 28 11 4 1 
Survivor18216-1: 2030 841 377 162 57 28 11 4 1 
Child_Levy18264-60: 4533 1241 524 212 99 35 12 5 1 
Child_Levy18303-64: 2588 870 317 128 68 35 13 5 1 
Survivor18345-1: 4111 1309 750 291 117 52 25 11 4 1 
Child_Cross18371-9: 8135 2023 803 297 113 55 23 10 4 1 
Survivor18401-1: 2368 834 365 174 92 31 14 4 1 
Survivor18410-1: 7921 1666 749 313 121 89 31 11 4 1 
Child_Avg18461-15: 2349 861 366 172 84 27 14 4 1 
Child_Levy18573-24: 3200 1082 468 183 85 28 12 5 1 
Child_Cross18652-50: 6202 1658 551 286 110 62 27 10 4 1 
Child_Levy18675-16: 2173 792 308 164 73 28 12 5 1 
Child_Avg18747-19: 2243 754 305 152 64 27 13 5 1 
Child_Levy18757-48: 2115 723 280 132 72 27 13 5 1 
Child_Levy18920-4: 4341 985 425 151 74 27 14 4 1 
Child_Avg19083-31: 2181 753 294 144 68 28 13 4 1 
Survivor19129-1: 3079 898 400 178 75 29 10 4 1 
Survivor19177-1: 2451 922 422 144 90 37 13 4 1 
Child_Levy19181-28: 2724 992 431 147 85 35 12 5 1 
Child_Cross19183-58_mutated: 2459 866 313 136 85 35 12 5 1 
Survivor19185-1: 2591 929 372 141 85 35 12 5 1 
Child_Cross19211-26: 5678 1504 571 271 125 61 23 12 5 1 
Child_Avg19220-43: 3037 878 434 169 72 27 10 4 1 
Survivor19239-1: 3037 897 434 169 72 27 10 4 1 
Survivor19285-1: 7209 2594 785 317 113 64 28 11 4 1 
Child_Levy19733-60: 2342 933 369 173 71 30 13 5 1 
Child_Cross19778-54: 6728 1560 765 333 136 58 28 11 4 1 
Survivor19804-1: 2607 832 301 136 56 25 9 5 1 
Child_Cross19895-37: 2312 748 331 137 71 29 11 5 1 
Child_Cross19930-41: 6211 1637 684 289 107 62 24 11 5 1 
Survivor19943-1: 6211 1637 768 289 107 71 28 11 4 1 
Child_Levy20008-8: 2118 673 270 119 74 27 13 5 1 
Survivor20038-1: 3943 1301 621 274 122 70 27 10 4 1 
Survivor20056-1: 4321 1262 530 233 102 63 27 10 4 1 
Child_Levy20070-56: 3987 1758 744 361 147 81 31 14 5 1 
Survivor20286-1: 4545 1758 612 247 123 69 32 13 4 1 
Child_Cross20292-22_mutated: 8233 2316 868 311 180 88 27 13 5 1 
Child_Cross20331-25: 2709 860 331 155 76 27 14 4 1 
Child_Avg20448-19: 2097 665 353 154 71 32 11 4 1 
Survivor20487-1: 2834 811 286 141 63 27 11 4 1 
Survivor20501-1: 9481 1964 759 304 157 69 35 11 4 1 
Survivor20510-1: 9374 2657 968 421 135 69 35 11 4 1 
Child_Avg20660-11: 2262 798 319 147 72 32 13 4 1 
Child_Cross20662-34: 2262 798 319 147 69 27 13 5 1 
Child_Levy20666-32: 2957 810 305 130 71 28 11 4 1 
Survivor20671-1: 2957 810 361 138 71 28 11 4 1 
Survivor20720-1_mutated: 2819 810 361 138 71 24 11 4 1 
Survivor20750-1: 3738 1477 565 220 101 54 23 10 4 1 
Child_Cross20784-46: 3170 983 432 191 93 35 13 5 1 
Survivor20848-1: 2366 903 382 158 80 30 11 4 1 
Child_Levy20976-36: 3992 1132 427 166 67 29 11 5 1 
Child_Cross21002-18: 2621 785 299 139 67 29 11 5 1 
Child_Cross21038-33: 2387 1053 412 172 85 27 13 5 1 
Child_Levy21060-32: 2421 992 355 165 79 28 12 5 1 
Child_Cross21064-34: 2905 891 355 160 75 29 11 5 1 
Child_Avg21122-27_mutated: 2186 728 337 154 85 35 12 5 1 
Survivor21222-1: 5378 1481 549 309 116 65 24 11 4 1 
Child_Levy21229-28: 2175 718 337 139 69 28 12 5 1 
Child_Cross21230-25: 2231 704 342 135 65 28 11 4 1 
Child_Cross21277-34: 3224 863 434 187 89 35 12 5 1 
Child_Cross21332-41: 2684 839 357 204 76 29 14 4 1 
Child_Avg21525-31: 4637 1311 549 223 101 58 24 11 4 1 
Child_Levy21597-32: 2574 922 377 143 70 30 11 5 1 
Survivor21600-1_mutated: 2574 972 377 143 70 30 11 6 1 
Survivor21615-1: 2209 813 372 133 86 35 11 5 1 
Survivor21626-1: 2209 813 447 133 86 35 11 5 1 
Child_Avg21712-23: 2813 1051 331 168 70 33 12 5 1 
Child_Cross21718-49: 3027 972 418 150 70 33 12 5 1 
Child_Cross21770-37: 4040 1249 555 242 109 69 28 11 4 1 
Survivor21867-1: 2849 807 329 122 70 27 10 4 1 
Child_Avg21876-47: 3904 1082 453 186 94 37 14 4 1 
Child_Cross21964-10: 2923 1021 431 168 72 27 14 4 1 
Survivor21997-1: 3086 1077 370 168 82 33 12 5 1 
Child_Avg22077-11: 2745 816 431 145 72 27 10 4 1 
Survivor22212-1: 6049 1751 641 352 132 79 28 13 4 1 
Child_Cross22290-2_mutated: 2885 1037 448 169 80 35 11 4 1 
Survivor22297-1_mutated: 2885 1037 448 169 80 28 11 4 1 
Survivor22361-1: 2141 987 379 156 70 37 13 5 1 
Child_Levy22390-52: 1890 685 299 147 75 32 13 5 1 
Survivor22421-1: 6637 1487 528 196 87 36 13 4 1 
Survivor22482-1: 2464 761 313 151 76 28 11 4 1 
Survivor22535-1_mutated: 2516 947 382 151 67 29 11 5 1 
Survivor22553-1_mutated: 2516 947 382 164 67 29 11 5 1 
Child_Levy22585-12: 2840 880 303 148 86 35 13 6 1 
Survivor22684-1: 2912 1059 407 151 72 27 11 4 1 
Child_Levy22769-4: 5751 1332 516 218 90 35 12 5 1 
Child_Cross22833-41: 2884 878 426 166 87 31 11 4 1 
Child_Levy22917-36: 2243 893 402 163 66 27 10 4 1 
Survivor23025-1: 2075 792 313 127 53 28 13 4 1 
Child_Cross23168-42: 3036 944 419 177 95 37 14 4 1 
Child_Levy23272-8: 2514 730 372 159 72 26 14 5 1 
Child_Avg23470-11: 2615 1003 366 162 79 28 13 4 1 
Child_Levy23532-56: 2159 732 345 141 74 33 12 5 1 
Child_Avg23551-43: 2754 857 322 186 81 32 13 5 1 
Child_Cross23573-18: 7293 2588 885 307 163 81 32 13 5 1 
Child_Cross23581-42: 3163 1056 412 181 93 36 11 5 1 
Child_Cross23645-13: 2114 860 353 165 81 30 11 5 1 
Child_Avg23675-3: 3461 1051 379 173 88 32 13 4 1 
Survivor23688-1_mutated: 4146 1051 379 173 88 32 13 5 1 
Child_Avg23785-55: 2654 981 347 148 76 28 11 4 1 
Survivor23901-1: 2589 698 268 152 78 27 13 5 1 
Child_Levy23973-8: 2416 772 312 155 88 35 12 5 1 
Child_Cross24067-41: 8842 2637 768 279 131 65 27 10 6 1 
Child_Avg24098-59: 3675 1150 386 167 80 30 12 5 1 
Survivor24132-1_mutated: 3369 978 493 202 77 40 13 5 1 
Survivor24167-1_mutated: 2574 826 379 167 74 36 13 4 1 
Child_Avg24205-35_mutated: 2222 915 323 156 77 29 14 4 1 
Child_Cross24213-33: 3192 887 366 152 79 33 14 6 1 
Child_Cross24228-33: 3080 928 331 143 80 24 11 5 1 
Survivor24303-1_mutated: 2165 762 315 155 68 35 13 5 1 
Child_Avg24328-47: 2546 863 359 149 76 27 13 4 1 
Survivor24348-1: 2997 915 367 152 75 31 14 5 1 
Child_Cross24455-10: 4412 1709 690 311 153 58 30 12 5 1 
Child_Avg24506-15_mutated: 2624 994 352 149 93 32 13 4 1 
Survivor24675-1: 2122 669 358 141 71 28 11 4 1 
Child_Levy24783-64_mutated: 2363 815 373 158 81 30 11 5 1 
Survivor24803-1_mutated: 2363 737 302 158 81 30 11 5 1 
Child_Cross24812-45: 2421 878 395 154 113 39 14 6 1 
Child_Avg24852-11: 2130 807 390 155 74 31 14 5 1 
Child_Cross24853-1: 2109 778 368 154 74 31 14 5 1 
Survivor24877-1: 3031 877 301 140 86 30 11 5 1 
Child_Levy24940-36: 3940 1135 483 166 75 35 13 5 1 
Child_Levy24942-52: 2597 819 337 151 67 30 11 5 1 
Survivor24968-1: 1810 698 322 136 73 35 12 5 1 
Survivor24972-1: 2402 742 334 179 82 35 13 5 1 
Child_Cross24980-5: 2539 942 380 156 86 41 13 4 1 
Child_Cross24984-54: 2906 1016 439 208 91 32 15 4 1 
Child_Levy25016-48_mutated: 2351 1306 424 198 80 37 13 4 1 
Child_Levy25045-36: 2792 1053 378 175 82 32 13 5 1 
Child_Levy25055-8: 2562 827 363 155 76 30 12 5 1 
Child_Cross25076-50: 3470 898 466 209 94 31 14 6 1 
Child_Levy25194-4: 3905 1024 378 156 69 35 11 5 1 
Child_Cross25254-49: 2307 857 313 160 85 35 13 5 1 
Survivor25258-1_mutated: 2382 857 313 160 85 35 13 5 1 
Survivor25275-1: 2111 856 381 172 81 28 11 4 1 
Child_Cross25306-6: 2544 973 370 179 87 36 11 4 1 
Survivor25358-1_mutated: 2642 1082 451 145 91 30 11 5 1 
Survivor25440-1: 3095 937 331 118 81 32 13 5 1 
Child_Cross25448-17: 6496 1530 557 204 79 32 13 5 1 
Survivor25501-1: 5785 1513 588 351 133 65 28 11 4 1 
Survivor25555-1: 2100 729 344 147 72 32 13 4 1 
Survivor25574-1: 6299 1781 784 276 143 71 28 12 5 1 
Survivor25584-1: 1828 697 336 141 71 28 12 5 1 
Child_Levy25641-4: 2170 822 353 155 61 29 10 4 1 
Survivor25667-1: 3053 975 406 148 99 35 11 5 1 
Survivor25689-1: 9926 6782 1602 903 385 148 99 35 11 5 1 
Child_Cross25790-34: 6851 1802 703 329 123 79 32 11 4 1 
Survivor25899-1: 2205 774 347 134 60 34 11 5 1 
Survivor25929-1: 2191 701 270 131 74 31 11 4 1 
Child_Levy25983-52: 2217 879 381 148 81 31 14 5 1 
Survivor26002-1: 2250 820 391 152 74 32 13 4 1 
Child_Cross26023-25: 2349 923 347 165 89 35 11 5 1 
Survivor26057-1_mutated: 3062 1045 374 172 84 35 11 4 1 
Survivor26067-1_mutated: 3062 1093 374 172 84 35 11 4 1 
Survivor26106-1: 3677 1196 427 188 87 35 12 5 1 
Survivor26121-1_mutated: 3677 1409 427 188 87 35 12 5 1 
Child_Cross26162-5: 2955 1100 406 178 90 29 11 5 1 
Survivor26172-1_mutated: 2955 1043 406 178 90 29 11 5 1 
Child_Cross26203-14: 2592 863 361 155 86 32 13 5 1 
Child_Levy26261-24_mutated: 2470 1119 400 184 79 36 15 4 1 
Child_Avg26270-11: 2287 937 340 157 81 32 13 4 1 
Child_Levy26294-8: 2855 931 421 174 74 31 14 4 1 
Survivor26371-1: 4183 1370 515 250 123 63 28 11 4 1 
Child_Avg26384-63: 2698 876 308 151 79 28 13 4 1 
Child_Levy26409-32: 3658 1078 445 169 84 35 13 5 1 
Survivor26548-1: 2087 710 300 137 76 31 11 4 1 
Child_Cross26624-26: 2828 1038 394 176 90 33 17 5 1 
Child_Levy26633-32: 2410 851 365 131 62 28 12 5 1 
Child_Cross26789-37: 8203 1828 801 351 108 61 23 12 5 1 
Child_Avg26814-3: 6392 1789 617 243 102 61 23 12 5 1 
Survivor26825-1: 2130 791 333 152 68 31 11 5 1 
Survivor26874-1: 2942 862 391 137 66 32 11 4 1 
Survivor26880-1: 2942 862 325 137 66 32 11 4 1 
Survivor26893-1: 2942 862 325 137 66 29 9 4 1 
Child_Cross26957-14: 2337 823 290 122 69 28 11 4 1 
Child_Levy27017-28: 2380 723 383 169 76 27 13 5 1 
Child_Cross27021-18: 2199 838 317 148 76 27 13 5 1 
Survivor27165-1: 2754 796 324 147 79 25 12 5 1 
Survivor27248-1: 2230 742 305 138 81 31 14 5 1 
Survivor27255-1: 2188 1058 339 159 79 32 13 4 1 
Survivor27266-1: 2175 1022 391 179 70 29 11 5 1 
Child_Levy27302-12_mutated: 7430 1710 622 243 124 66 27 10 4 1 
Survivor27330-1_mutated: 7430 2045 622 243 124 66 27 10 4 1 
Child_Cross27360-10: 4058 1094 502 171 75 28 11 4 1 
Survivor27394-1: 2550 905 353 177 65 25 9 4 1 
Child_Cross27429-37: 4082 1247 514 208 97 40 13 5 1 
Survivor27619-1: 2886 914 375 137 76 30 13 5 1 
Child_Levy27658-48: 2209 705 345 155 58 26 14 5 1 
Survivor27713-1: 1956 793 290 117 67 30 11 5 1 
Child_Cross27718-17: 3116 938 463 186 88 32 13 4 1 
Child_Cross27793-46: 3917 1313 549 258 104 39 16 5 1 
Survivor27802-1_mutated: 3359 1313 549 258 104 39 16 5 1 
Survivor27807-1_mutated: 3359 1313 549 258 104 39 16 6 1 
Survivor27849-1: 2456 799 374 151 90 35 12 5 1 
Child_Levy27860-40: 2395 1014 370 145 94 35 13 5 1 
Survivor27930-1: 6322 1485 534 243 118 75 28 11 4 1 
Child_Levy27937-60: 8313 3001 925 425 147 68 32 13 5 1 
Survivor28050-1: 2101 807 291 148 78 31 11 4 1 
Survivor28092-1: 2235 997 354 139 78 35 12 5 1 
Survivor28131-1: 3095 963 375 160 84 35 11 5 1 
Child_Avg28135-7: 2938 842 345 179 66 28 13 4 1 
Survivor28175-1: 3151 1224 455 147 84 37 14 6 1 
Child_Cross28182-38: 2719 1044 349 143 84 37 14 6 1 
Survivor28240-1: 6878 2206 719 319 138 75 35 12 5 1 
Child_Levy28241-56: 3035 959 394 192 90 35 12 5 1 
Child_Cross28247-14_mutated: 6298 1961 688 301 127 68 32 13 4 1 
Survivor28278-1: 2660 861 449 198 86 36 13 4 1 
Survivor28320-1: 2509 825 346 144 76 31 10 4 1 
Survivor28374-1: 2116 649 343 134 72 27 13 5 1 
Child_Avg28417-39: 3077 917 398 177 79 31 10 4 1 
Child_Cross28448-10: 2926 866 338 165 77 27 13 4 1 
Child_Cross28493-61: 2772 976 397 157 79 35 14 5 1 
Child_Levy28592-16: 1889 738 300 153 73 25 11 5 1 
Child_Cross28599-45: 3607 1460 512 227 104 43 16 6 1 
Survivor28741-1: 2073 844 291 136 76 28 11 4 1 
Child_Cross28753-53: 2946 1185 479 147 85 32 13 4 1 
Survivor28791-1: 2924 849 338 154 83 33 14 4 1 
Child_Cross28809-53: 2411 895 365 199 79 32 13 4 1 
Child_Levy28954-60: 2980 882 411 165 74 29 10 4 1 
Child_Cross28994-58: 2568 832 342 147 70 32 11 4 1 
Child_Cross29028-30: 2189 795 340 193 87 36 14 5 1 
Survivor29302-1: 2172 834 308 115 60 29 11 5 1 
Child_Cross29424-61: 3119 1133 386 170 84 35 11 5 1 
Child_Cross29433-37: 2122 797 299 136 79 32 13 5 1 
Child_Avg29469-15: 2637 963 420 161 87 28 11 4 1 
Survivor29485-1_mutated: 3022 963 420 161 87 28 11 4 1 
Child_Cross29496-1_mutated: 2382 791 302 129 73 24 11 4 1 
Survivor29555-1: 2151 628 327 133 66 27 10 4 1 
Survivor29574-1: 3068 837 372 159 77 40 11 5 1 
Survivor29593-1: 3491 1088 473 198 70 30 11 5 1 
Survivor29601-1: 2541 821 351 168 70 30 11 5 1 
Survivor29629-1: 2546 847 337 157 79 32 13 5 1 
Survivor29690-1: 3398 1019 427 218 73 35 11 5 1 
Child_Avg29746-19: 2619 903 430 197 76 35 11 4 1 
Survivor29767-1_mutated: 2619 903 430 197 76 35 11 5 1 
Survivor29795-1: 2756 927 404 134 78 30 11 5 1 
Child_Avg29825-7: 2206 788 308 139 80 28 11 4 1 
Child_Cross29903-50_mutated: 2796 1088 470 173 92 29 14 4 1 
Survivor29923-1: 2277 915 394 169 92 29 14 4 1 
Child_Cross29925-37: 2744 1018 454 197 98 32 13 4 1 
Child_Avg29930-11_mutated: 2247 1048 341 187 89 30 11 5 1 
Child_Cross29956-29: 2653 1109 474 182 94 30 11 5 1 
Child_Levy30033-4: 2659 808 306 170 75 32 13 4 1 
Survivor30087-1: 2234 797 406 167 79 31 11 4 1 
Survivor30173-1: 3663 1032 441 180 76 35 11 4 1 
Survivor30184-1_mutated: 3663 1032 399 180 76 35 11 4 1 
Survivor30455-1: 2352 819 439 134 72 28 13 4 1 
Survivor30459-1: 2312 753 364 133 72 28 13 4 1 
Child_Cross30498-10: 2660 813 342 172 81 37 14 4 1 
Survivor30779-1: 6622 1928 658 356 149 86 30 12 5 1 
Survivor30787-1_mutated: 7475 1928 701 356 149 86 30 12 5 1 
Survivor30840-1: 2914 907 404 192 70 31 11 6 1 
Survivor30912-1: 3181 1009 455 172 96 36 13 4 1 
Child_Avg30919-39: 2871 917 418 148 75 27 10 4 1 
Child_Cross30945-57: 9391 3199 893 385 189 86 35 11 5 1 
Survivor30948-1: 4493 1433 492 205 87 40 13 5 1 
Child_Levy31039-56: 4038 1421 579 233 89 35 13 5 1 
Survivor31101-1: 2317 731 335 148 90 35 13 5 1 
Survivor31112-1: 3151 1266 530 177 85 40 13 5 1 
Child_Cross31115-30: 2383 976 383 177 85 40 13 5 1 
Survivor31166-1: 4601 1565 634 263 111 63 31 11 4 1 
Child_Cross31247-2: 3816 1551 547 186 88 32 13 5 1 
Child_Levy31248-52: 2360 1005 360 149 86 28 12 5 1 
Child_Levy31286-24: 2129 804 342 178 91 27 13 5 1 
Survivor31311-1: 2900 804 421 172 79 32 11 4 1 
Child_Cross31316-18: 2900 804 421 172 73 27 14 4 1 
Child_Avg31328-63: 2172 698 373 154 74 25 14 4 1 
Survivor31421-1: 3182 840 360 215 79 28 12 5 1 
Child_Cross31445-45: 4495 1812 758 324 149 79 28 12 5 1 
Survivor31464-1: 2710 808 310 159 89 32 12 5 1 
Child_Cross31476-34: 3846 1631 709 239 121 74 28 12 5 1 
Survivor31487-1: 3672 1135 426 149 71 34 16 5 1 
Survivor31491-1: 2646 850 316 127 72 32 13 4 1 
Child_Avg31636-39: 1804 669 259 133 66 28 12 5 1 
Child_Cross31677-2: 2969 1165 476 197 84 36 13 4 1 
Child_Levy31687-20: 2101 804 333 155 77 29 11 5 1 
Survivor31688-1_mutated: 2220 804 333 155 77 29 11 5 1 
Child_Cross31715-61: 8884 1921 817 277 107 81 28 12 5 1 
Child_Avg31727-35: 7227 1475 625 257 119 66 28 11 4 1 
Survivor31733-1_mutated: 7227 1331 625 257 119 66 28 11 4 1 
Survivor31841-1_mutated: 2824 990 431 186 82 29 14 4 1 
Survivor31873-1: 2325 831 278 147 74 28 12 5 1 
Survivor31887-1: 3949 1720 624 251 134 80 30 11 5 1 
Survivor31918-1: 2909 917 389 121 74 31 11 4 1 
Survivor32031-1: 3244 907 411 181 79 37 11 4 1 
Child_Levy32099-36: 2498 882 349 159 69 28 11 4 1 
Survivor32259-1: 2419 710 288 132 71 28 11 4 1 
Child_Avg32366-35: 2338 782 344 143 78 28 12 5 1 
Survivor32441-1: 2728 869 361 139 85 32 13 4 1 
Survivor32461-1: 2105 664 301 116 63 28 13 4 1 
Child_Avg32520-47: 3611 1076 478 266 113 64 28 11 4 1 
Survivor32551-1: 2284 814 317 154 76 31 11 5 1 
Survivor32559-1_mutated: 2284 814 317 154 74 31 11 5 1 
Survivor32564-1_mutated: 2284 814 317 154 76 31 11 4 1 
Child_Cross32596-57: 2830 820 343 165 69 35 11 4 1 
Child_Levy32687-56_mutated: 2398 889 299 136 67 35 13 5 1 
Child_Levy32693-60: 2266 772 289 154 66 35 12 5 1 
Child_Cross32694-13: 8048 1839 865 326 123 67 35 13 5 1 
Survivor32697-1_mutated: 8048 1839 865 381 123 67 35 13 5 1 
Survivor32747-1: 2635 1030 384 165 87 31 11 4 1 
Child_Cross32748-53: 2961 1109 409 163 94 31 11 4 1 
Child_Cross32756-42: 2441 852 373 154 94 35 13 5 1 
Survivor32757-1_mutated: 2820 852 373 170 94 35 13 5 1 
Child_Avg32812-3: 1967 730 304 145 71 28 11 4 1 
Child_Avg32847-27: 2177 795 354 155 75 24 11 4 1 
Child_Cross32874-13: 2929 902 535 165 78 35 11 5 1 
Survivor32877-1_mutated: 2603 902 535 165 78 35 11 5 1 
Child_Avg32962-35: 6742 1900 816 262 133 78 29 11 5 1 
Child_Cross32967-13: 2169 873 392 133 78 29 11 5 1 
Survivor33026-1: 2741 1095 475 199 72 29 10 4 1 
Child_Cross33120-10: 8244 3068 968 408 195 87 40 12 5 1 
Child_Avg33151-47_mutated: 2113 831 314 149 71 36 11 4 1 
Survivor33158-1: 2474 831 314 149 71 36 11 5 1 
Child_Levy33163-24: 2416 824 399 166 79 32 13 4 1 
Child_Cross33233-33: 3307 929 350 155 83 30 13 5 1 
Child_Cross33251-26: 2792 1013 424 185 72 30 13 5 1 
Survivor33320-1: 1942 886 328 153 83 33 14 4 1 
Child_Avg33341-27: 2234 664 279 134 71 28 11 4 1 
Child_Avg33342-23: 2907 1190 399 136 75 32 13 4 1 
Child_Avg33414-39: 2595 875 320 147 73 35 11 4 1 
Survivor33427-1: 2595 875 320 143 61 30 11 5 1 
Child_Levy33565-12: 3651 1112 524 266 88 33 17 5 1 
Child_Cross33568-17: 4559 1259 466 207 88 33 17 5 1 
Child_Avg33616-23: 3423 1044 463 171 77 28 13 4 1 
Child_Cross33680-57: 2825 978 436 202 87 36 13 4 1 
Child_Levy33702-16: 2293 1004 348 141 80 30 11 5 1 
Child_Cross33784-13: 2798 1007 348 193 83 30 12 5 1 
Child_Avg33800-47: 2627 774 334 147 89 35 11 4 1 
Child_Cross33805-54: 3767 1426 433 187 67 29 13 6 1 
Child_Avg33809-39: 2845 991 343 149 70 30 12 5 1 
Child_Avg33815-63_mutated: 2828 1132 434 193 83 34 16 5 1 
Child_Avg33835-31_mutated: 1980 933 313 147 74 26 14 5 1 
Child_Cross33907-54: 3135 992 386 201 111 35 13 5 1 
Child_Cross33974-29: 2539 876 370 179 73 37 13 5 1 
Survivor33982-1_mutated: 2321 876 370 179 73 37 13 5 1 
Child_Cross34160-34: 2881 1176 415 193 101 35 12 5 1 
Child_Levy34179-64: 3492 1136 345 156 71 35 13 5 1 
Child_Avg34190-27: 2404 779 355 148 82 29 14 4 1 
Child_Cross34229-58: 1805 690 279 127 63 28 11 4 1 
Survivor34230-1_mutated: 1887 690 279 127 63 28 11 4 1 
Child_Cross34260-58: 2168 792 313 133 78 29 14 4 1 
Survivor34278-1: 3314 1092 411 148 72 27 10 4 1 
Child_Cross34341-18: 2907 1018 386 163 94 31 11 4 1 
Survivor34355-1: 2216 769 325 153 77 35 11 5 1 
Child_Levy34441-28: 3031 849 305 140 79 32 13 4 1 
Child_Avg34444-27: 2445 737 361 150 69 28 11 4 1 
Child_Levy34539-48: 1935 704 382 151 73 35 12 5 1 
Survivor34575-1_mutated: 2161 758 337 139 61 28 12 5 1 
Child_Levy34749-8: 2236 718 336 149 69 28 11 4 1 
Child_Levy34784-48: 3116 864 350 239 91 30 13 5 1 
Child_Avg34817-23: 2255 849 340 178 87 28 11 4 1 
Child_Cross34822-21: 4300 1238 388 151 87 27 13 5 1 
Survivor34877-1_mutated: 7845 2160 739 292 116 68 25 11 6 1 
Survivor34893-1: 1993 844 320 161 83 31 14 5 1 
Child_Avg34917-39: 2146 1143 361 202 85 35 13 5 1 
Child_Cross34944-13: 2939 972 371 177 85 27 14 4 1 
Child_Cross34966-29: 2882 1037 418 194 93 32 13 5 1 
Survivor34989-1_mutated: 2882 843 360 194 93 32 13 5 1 
Child_Levy35010-4: 2205 835 339 145 76 35 11 4 1 
Child_Levy35058-48_mutated: 2290 863 317 161 89 35 12 5 1 
Child_Avg35157-47: 2358 749 312 131 72 32 11 4 1 
Child_Cross35235-33: 2424 991 351 146 67 24 11 4 1 
Survivor35265-1: 1961 729 376 141 67 35 11 4 1 
Child_Cross35300-17: 2421 872 378 161 70 31 11 4 1 
Survivor35318-1: 2046 644 286 123 74 28 12 5 1 
Child_Levy35370-20: 7118 1840 669 227 90 38 17 5 1 
Child_Levy35445-56: 2186 837 319 144 77 30 11 5 1 
Child_Cross35589-50: 2148 737 326 133 69 29 14 4 1 
Survivor35598-1_mutated: 2364 737 326 133 69 29 14 4 1 
Survivor35625-1: 8766 2450 949 281 156 71 23 10 4 1 
Child_Levy35704-48_mutated: 2807 784 353 190 69 28 12 5 1 
Child_Levy35727-24: 2364 807 452 163 93 38 13 5 1 
Child_Levy35738-24: 2077 761 355 141 88 30 11 5 1 
Survivor35774-1_mutated: 2819 931 351 199 63 32 13 5 1 
Child_Avg35851-39_mutated: 1759 692 301 126 58 28 11 4 1 
Survivor36017-1: 2998 859 437 132 89 31 14 5 1 
Child_Avg36096-27_mutated: 2324 859 349 165 79 32 11 4 1 
Survivor36150-1: 2251 793 372 200 96 37 12 5 1 
Survivor36172-1: 2120 758 338 121 66 29 14 4 1 
Child_Cross36199-38: 2455 913 373 162 95 32 13 4 1 
Child_Cross36253-58: 2455 913 373 162 88 32 13 4 1 
Child_Avg36274-35: 2332 961 377 161 74 25 14 4 1 
Child_Cross36278-58_mutated: 2057 961 377 161 86 28 12 5 1 
Survivor36363-1: 3815 1078 456 191 88 36 11 4 1 
Child_Avg36414-11: 2797 1025 453 163 78 31 10 4 1 
Survivor36426-1: 2090 811 308 136 84 35 11 5 1 
Child_Cross36467-62: 2823 962 350 157 75 28 11 4 1 
Child_Cross36480-1: 3685 1026 468 163 77 32 12 5 1 
Survivor36550-1: 2668 870 283 156 83 30 11 5 1 
Survivor36581-1_mutated: 3642 1065 556 298 132 67 30 11 5 1 
Child_Cross36625-61: 5904 1563 854 382 143 76 36 13 4 1 
Child_Avg36723-31_mutated: 6130 1540 628 249 108 56 24 11 4 1 
Survivor36741-1_mutated: 6130 1540 628 249 108 56 24 11 5 1 
Child_Cross36743-41: 6492 1540 628 249 108 56 24 11 5 1 
Child_Cross36754-62: 2424 798 310 127 59 27 10 4 1 
Survivor36851-1: 4295 1081 396 164 72 27 13 5 1 
Child_Avg36857-43: 3095 831 323 136 72 27 13 5 1 
Child_Levy36968-40: 2780 795 324 171 82 33 12 5 1 
Child_Levy37010-56: 2049 831 319 149 71 24 11 4 1 
Survivor37080-1: 2676 869 366 145 82 28 11 4 1 
Survivor37081-1_mutated: 3207 869 366 145 82 28 11 4 1 
Child_Avg37087-7: 2344 729 355 141 77 28 11 4 1 
Child_Cross37112-18: 2824 862 349 158 77 32 11 4 1 
Survivor37113-1_mutated: 2824 862 351 158 77 32 11 4 1 
Survivor37180-1: 1910 833 344 176 83 30 14 5 1 
Child_Cross37246-46: 2075 865 387 137 73 30 11 5 1 
Child_Avg37286-3: 2656 890 368 159 72 27 10 4 1 
Child_Levy37421-28: 2755 917 372 156 70 29 11 5 1 
Child_Avg37430-23: 2373 1198 372 176 81 32 13 4 1 
Survivor37481-1: 1913 809 285 137 72 28 13 4 1 
Survivor37602-1: 3279 1164 595 192 78 31 14 4 1 
Child_Levy37608-44: 2278 871 418 148 73 27 13 4 1 
Child_Cross37625-2: 2392 886 411 150 71 35 11 4 1 
Survivor37713-1: 3031 906 422 158 77 28 11 4 1 
Child_Cross37737-49: 8091 1897 644 296 118 73 27 10 4 1 
Child_Cross37788-1: 2716 1068 414 219 85 45 14 5 1 
Child_Avg37794-27: 2816 978 389 190 84 37 13 4 1 
Survivor38025-1: 2604 839 365 141 78 23 12 5 1 
Child_Avg38030-31: 2368 776 341 130 82 28 11 4 1 
Survivor38144-1: 2349 812 395 163 96 33 14 4 1 
Child_Cross38151-30: 2349 812 395 163 74 29 11 5 1 
Survivor38339-1: 2537 1005 350 185 87 30 13 6 1 
Child_Cross38366-38: 3979 1206 488 195 91 37 14 4 1 
Survivor38461-1: 2137 895 323 134 72 30 11 5 1 
Survivor38468-1_mutated: 2137 895 323 140 72 30 11 5 1 
Child_Cross38502-33: 2822 939 418 175 84 30 13 6 1 
Child_Levy38509-20: 2822 911 398 161 80 30 11 5 1 
Child_Levy38518-56: 2669 802 313 156 75 29 13 6 1 
Child_Levy38525-36: 2239 720 311 153 76 28 11 4 1 
Survivor38577-1: 2757 726 280 141 66 23 12 5 1 
Child_Cross38597-30: 2223 761 331 152 67 32 13 5 1 
Survivor38704-1_mutated: 1783 647 299 133 72 32 13 5 1 
Survivor38713-1: 2617 699 330 174 73 30 11 5 1 
Survivor38754-1: 2594 896 354 223 95 40 14 5 1 
Child_Levy38790-4: 2835 775 403 213 88 33 12 5 1 
Survivor38855-1: 9088 2527 1002 429 138 70 30 9 4 1 
Child_Levy38868-32: 2315 792 292 135 78 30 11 5 1 
Child_Cross38870-33: 6890 1874 761 335 123 71 29 11 5 1 
Child_Cross38962-22: 2866 1110 338 182 83 37 13 5 1 
Child_Avg38967-7: 3158 997 397 148 79 33 14 6 1 
Child_Cross38968-42: 2866 1110 338 182 97 34 16 5 1 
Survivor38973-1_mutated: 3091 1108 338 182 97 34 16 5 1 
Survivor39038-1: 2344 845 346 171 76 31 11 4 1 
Survivor39069-1_mutated: 2344 918 346 171 76 31 11 4 1 
Survivor39121-1: 2198 804 317 111 69 30 11 5 1 
Survivor39212-1: 2408 729 316 139 68 31 13 4 1 
Child_Levy39550-20: 2722 805 294 148 93 35 13 5 1 
Survivor39564-1_mutated: 2609 805 294 148 93 35 13 5 1 
Survivor39654-1: 2229 777 326 133 71 33 13 4 1 
Child_Avg39733-35_mutated: 2197 903 307 138 79 32 13 4 1 
Survivor39736-1: 2409 903 307 138 79 32 13 4 1 
Survivor39786-1: 3878 826 351 143 90 35 12 5 1 
Child_Levy39794-28: 3100 1353 509 250 88 35 12 5 1 
Child_Avg39828-7: 2711 1199 447 207 88 35 12 5 1 
Survivor39848-1: 3120 1052 424 189 101 32 11 4 1 
Survivor39949-1_mutated: 2047 709 342 154 91 27 13 5 1 
Child_Avg40094-59: 2856 945 347 162 77 28 13 4 1 
Child_Cross40230-17: 2857 857 358 163 63 28 11 4 1 
Survivor40260-1: 1812 693 306 135 79 29 11 5 1 
Survivor40352-1: 2447 793 351 140 61 27 11 4 1 
Survivor40428-1: 3521 993 353 153 79 36 13 4 1 
Survivor40433-1: 2737 872 363 151 83 36 13 4 1 
Survivor40537-1_mutated: 7056 2120 706 277 149 63 27 10 4 1 
Child_Cross40550-5: 6640 1835 678 322 145 63 27 10 4 1 
Survivor40673-1: 2353 923 450 191 72 40 13 5 1 
Survivor40709-1: 2030 792 313 138 72 32 11 4 1 
Child_Avg40717-3: 3195 899 393 176 80 30 11 5 1 
Survivor40754-1: 2915 1030 467 232 87 41 13 4 1 
Survivor40777-1: 1974 830 310 164 67 35 11 4 1 
Survivor40798-1: 7906 1854 617 302 119 83 31 11 4 1 
Survivor40826-1: 7470 1990 848 350 153 61 29 9 5 1 
Child_Cross40836-50: 6407 1531 710 304 165 72 27 10 4 1 
Survivor40840-1_mutated: 7003 1531 710 304 165 72 27 10 4 1 
Child_Cross40843-62: 6705 1531 710 304 165 72 27 10 4 1 
Child_Cross40888-18: 3773 1076 331 143 86 27 13 5 1 
Survivor40984-1: 2635 769 400 185 76 28 11 4 1 
Child_Cross41022-29: 3461 863 324 190 86 35 12 5 1 
Survivor41070-1_mutated: 2307 739 313 153 59 27 13 5 1 
Child_Levy41157-48: 2681 818 310 135 74 31 14 5 1 
Child_Cross41182-46: 3064 933 378 144 84 35 13 5 1 
Child_Levy41203-32: 2238 765 330 150 73 27 13 5 1 
Child_Levy41252-12: 2987 1144 465 177 79 31 11 4 1 
Survivor41282-1_mutated: 3626 1112 342 143 69 35 11 5 1 
Child_Levy41370-60: 2118 744 337 155 77 30 11 5 1 
Survivor41553-1_mutated: 2867 850 361 178 90 27 13 5 1 
Child_Levy41586-56: 2852 1300 448 162 93 32 13 5 1 
Child_Avg41631-39: 1886 716 318 157 67 32 11 4 1 
Child_Cross41662-14: 2942 845 397 179 93 37 13 4 1 
Survivor41848-1: 2612 1041 391 185 85 33 10 4 1 
Survivor42103-1: 2349 908 292 133 67 29 11 5 1 
Child_Levy42163-48: 2044 717 319 147 74 32 13 4 1 
Child_Cross42178-17: 2257 769 367 153 77 29 14 4 1 
Child_Cross42275-18: 3048 1062 479 173 96 36 13 4 1 
Child_Avg42281-19: 4070 1155 396 162 74 28 13 4 1 
Survivor42310-1: 1934 999 365 156 89 35 13 5 1 
Child_Avg42316-15: 2335 757 353 182 87 32 13 4 1 
Child_Avg42336-35: 2821 775 333 161 62 28 13 4 1 
Survivor42382-1: 4092 907 427 162 79 32 11 4 1 
Survivor42400-1_mutated: 3680 1205 461 177 73 32 13 4 1 
Child_Levy42425-28: 2929 1071 330 154 85 35 13 5 1 
Survivor42560-1: 2908 947 563 180 76 34 11 5 1 
Child_Cross42576-34: 6322 2475 935 420 157 76 34 11 5 1 
Child_Cross42609-45: 2127 773 346 161 79 32 11 4 1 
Survivor42618-1: 2920 1021 401 190 94 33 12 5 1 
Survivor42672-1: 3300 1074 404 165 89 35 11 5 1 
Child_Cross42678-45: 2942 867 355 154 89 35 11 5 1 
Child_Avg42709-23: 2691 734 294 153 82 28 12 5 1 
Child_Cross42793-38: 3296 1054 462 191 91 32 13 4 1 
Survivor42858-1: 2593 942 365 154 83 37 11 5 1 
Survivor42877-1: 2593 942 365 154 84 33 10 4 1 
Survivor42952-1: 3828 1014 440 181 107 32 13 4 1 
Child_Avg42956-15: 2293 861 333 158 77 31 11 5 1 
Child_Levy42959-40: 2288 753 323 131 81 32 13 5 1 
Survivor42967-1: 2288 865 323 131 81 32 13 5 1 
Child_Cross42980-37: 7793 3085 1190 387 138 76 29 13 6 1 
Child_Cross43139-50_mutated: 2656 1231 421 184 83 36 13 4 1 
Child_Cross43188-61: 5633 1768 624 304 135 71 28 11 4 1 
Child_Cross43193-33: 2992 1049 426 154 89 40 13 5 1 
Child_Avg43219-7: 4099 1143 412 191 100 36 13 4 1 
Survivor43262-1: 2940 895 339 129 63 31 11 4 1 
Child_Avg43277-51: 2855 857 323 146 79 29 11 5 1 
Survivor43365-1: 4220 1107 467 148 78 32 11 4 1 
Survivor43423-1: 2906 1119 422 197 94 34 11 5 1 
Child_Cross43440-46: 2850 876 349 133 66 30 13 5 1 
Survivor43451-1: 2094 787 278 137 71 28 11 4 1 
Survivor43465-1_mutated: 4526 1529 580 258 103 66 28 12 5 1 
Child_Cross43497-22: 2681 871 359 157 73 24 11 5 1 
Child_Cross43586-21: 3918 1479 559 306 113 64 28 11 4 1 
Child_Levy43642-36: 2173 686 307 143 74 28 12 5 1 
Survivor43656-1: 1843 627 272 125 71 28 12 5 1 
Survivor43690-1: 2428 722 354 132 69 29 14 4 1 
Child_Avg43715-27: 2462 739 344 139 69 30 11 5 1 
Child_Levy43836-44: 3581 1147 497 251 112 65 24 11 5 1 
Survivor43860-1_mutated: 2653 861 408 188 74 31 13 4 1 
Survivor43868-1: 2927 952 477 197 78 29 15 4 1 
Child_Avg43902-7: 2250 755 346 135 79 32 13 4 1 
Child_Cross43944-21: 4028 1280 519 228 96 37 14 4 1 
Survivor43984-1_mutated: 4028 1280 569 228 96 37 14 4 1 
Child_Levy43986-8: 2963 898 466 177 91 37 13 5 1 
Survivor44125-1: 1953 764 311 126 64 24 11 5 1 
Child_Avg44131-63: 2801 862 319 122 64 24 11 5 1 
Child_Avg44155-35: 2886 950 360 184 79 31 11 4 1 
Survivor44298-1: 6596 1504 671 316 137 97 30 11 5 1 
Child_Levy44537-44: 6526 1821 706 272 132 71 32 11 4 1 
Child_Cross44540-17: 6526 1821 706 272 132 71 29 11 4 1 
Child_Avg44589-63: 2761 1067 369 159 78 31 14 4 1 
Child_Avg44590-51: 3974 1229 460 190 81 31 13 4 1 
Survivor44603-1_mutated: 3974 1391 460 194 81 31 14 5 1 
Child_Avg44626-31: 2158 808 332 141 63 27 14 4 1 
Child_Cross44647-50: 4056 1224 473 172 71 37 12 5 1 
Child_Cross44651-58: 2836 876 383 170 92 30 11 5 1 
Survivor44845-1: 2764 796 352 131 81 32 11 4 1 
Survivor44874-1: 1999 763 353 139 78 35 11 4 1 
Survivor44888-1: 2260 669 335 149 80 30 11 5 1 
Survivor44922-1_mutated: 3070 1073 372 158 87 39 14 4 1 
Survivor45026-1: 6456 1438 449 235 97 40 14 5 1 
Survivor45277-1: 2894 1274 500 180 99 37 13 4 1 
Survivor45331-1: 1865 760 314 123 65 30 11 5 1 
Child_Levy45338-48: 2203 861 307 135 71 29 10 4 1 
Child_Levy45368-8: 2404 956 373 148 64 29 11 5 1 
Child_Avg45404-23: 2018 815 307 130 64 28 11 4 1 
Survivor45426-1: 3122 1185 340 143 77 28 12 5 1 
Child_Levy45442-44: 2291 807 280 128 69 28 11 4 1 
Child_Avg45571-63: 3246 1065 427 174 90 35 12 5 1 
Child_Cross45610-21: 2042 717 287 134 58 33 12 5 1 
Survivor45630-1: 2411 744 357 122 77 26 14 5 1 
Child_Cross45640-34: 2493 1004 361 176 78 33 14 6 1 
Child_Cross45642-2: 2768 848 343 166 78 33 14 6 1 
Child_Levy45644-44: 3981 1045 387 175 76 36 11 5 1 
Child_Avg45663-31: 2376 689 272 137 76 35 12 5 1 
Child_Avg45664-43: 3178 867 329 156 76 35 11 5 1 
Child_Avg45764-23: 2887 921 351 138 85 33 12 5 1 
Child_Cross45847-26: 3017 1021 421 182 90 37 12 5 1 
Child_Levy45950-16_mutated: 2659 1076 376 173 89 31 14 5 1 
Survivor45976-1: 6327 1920 616 279 121 81 32 11 4 1 
Survivor45994-1_mutated: 7284 2066 611 293 125 63 28 11 4 1 
Survivor46045-1: 2476 826 315 142 65 28 11 4 1 
Survivor46106-1: 7795 1774 726 332 173 57 23 14 4 1 
Survivor46111-1_mutated: 7740 1774 866 332 147 57 23 14 4 1 
Survivor46141-1: 7740 1774 866 332 129 57 23 14 4 1 
Child_Levy46147-12: 2752 1007 424 162 78 35 12 5 1 
Child_Cross46157-9: 3273 1103 438 181 78 35 12 5 1 
Child_Avg46166-51: 2188 770 309 134 78 35 12 5 1 
Survivor46265-1: 2978 772 355 177 66 32 13 4 1 
Child_Cross46271-6: 6533 2338 776 428 161 66 32 13 4 1 
Child_Levy46334-36: 2906 870 320 147 78 28 12 5 1 
Child_Levy46382-16: 2327 985 425 142 86 35 11 5 1 
Survivor46394-1: 2327 985 363 142 86 35 11 5 1 
Random46455-5: 2456 945 410 185 79 32 13 4 1 
Survivor46468-1_mutated: 2733 945 410 185 79 32 13 4 1 
Child_Cross46474-13: 9082 2034 662 389 185 79 32 13 4 1 
Child_Cross46496-61: 6961 1639 684 325 135 57 28 13 4 1 
Survivor46499-1_mutated: 6961 1418 684 325 135 57 28 13 4 1 
Child_Cross46501-46: 7510 1481 682 317 134 64 31 14 6 1 
Survivor46543-1: 2892 861 470 223 68 35 13 6 1 
Child_Cross46553-25_mutated: 7989 2031 843 323 188 68 35 13 6 1 
Child_Avg46573-31: 2119 890 345 130 59 28 11 4 1 
Child_Levy46576-32: 2304 919 390 159 69 28 12 5 1 
Survivor46589-1_mutated: 2304 899 349 159 69 28 12 5 1 
Survivor46608-1: 7362 1601 700 295 130 67 27 11 4 1 
Survivor46716-1: 2270 852 413 210 75 28 11 4 1 
Child_Avg46834-19: 6845 1878 788 299 153 55 23 10 4 1 
Survivor46888-1: 3682 1087 388 191 92 30 12 5 1 
Child_Cross46895-62: 3601 1374 409 156 67 35 12 5 1 
Child_Levy47053-20: 2107 735 349 146 74 27 13 5 1 
Survivor47123-1: 2164 711 354 145 68 31 13 4 1 
Survivor47164-1: 2988 1032 333 167 70 31 11 4 1 
Survivor47285-1: 3126 935 336 151 75 28 13 4 1 
Survivor47339-1_mutated: 5480 1692 684 275 139 66 29 9 4 1 
Child_Cross47370-45: 2611 862 357 178 70 29 11 5 1 
Child_Avg47494-19: 3013 1087 405 185 98 32 13 4 1 
Child_Avg47528-23_mutated: 2282 639 261 141 68 25 11 5 1 
Survivor47617-1: 2904 935 339 143 78 31 10 4 1 
Survivor47637-1: 2404 980 449 145 84 30 11 5 1 
Child_Levy47675-48: 2167 864 420 162 92 29 16 5 1 
Child_Cross47733-41: 3755 1035 511 196 103 34 16 5 1 
Survivor47772-1: 2559 740 308 159 73 33 12 5 1 
Survivor47799-1: 8681 2071 804 240 130 63 28 11 4 1 
Survivor47801-1_mutated: 8681 2202 804 240 116 63 28 11 4 1 
Child_Levy47841-20_mutated: 2432 875 281 142 61 30 13 5 1 
Survivor47843-1: 2866 842 322 153 68 27 11 4 1 
Child_Avg47938-51: 2881 1058 364 159 93 32 13 5 1 
Child_Avg47939-51: 2093 822 292 134 88 31 14 6 1 
Survivor47993-1_mutated: 2479 945 313 142 82 32 13 4 1 
Child_Avg47994-39: 2934 1158 401 150 81 29 14 4 1 
Survivor48028-1: 2407 734 305 158 83 27 13 5 1 
Survivor48039-1_mutated: 2223 734 305 158 83 27 13 5 1 
Child_Cross48101-37: 8385 1932 700 313 127 82 33 12 5 1 
Survivor48104-1_mutated: 8385 1932 700 313 127 82 40 12 5 1 
Child_Cross48179-1: 1877 779 325 155 78 33 14 4 1 
Survivor48213-1: 2681 853 364 139 80 28 11 4 1 
Survivor48319-1: 2430 948 368 147 63 36 13 4 1 
Survivor48357-1: 3954 1378 535 235 106 54 19 10 4 1 
Child_Avg48388-59: 2637 875 357 139 74 32 13 5 1 
Child_Cross48456-54: 2659 834 317 134 72 32 13 5 1 
Child_Avg48519-31: 2225 778 300 119 74 27 13 5 1 
Survivor48559-1: 6682 2850 831 426 153 77 41 13 4 1 
Child_Cross48564-26: 2445 932 368 140 85 31 14 5 1 
Survivor48574-1_mutated: 2445 932 368 145 85 31 14 5 1 
Survivor48575-1_mutated: 2110 932 368 145 85 31 14 5 1 
Survivor48588-1_mutated: 2145 932 368 145 85 31 14 5 1 
Child_Avg48590-39: 2028 878 327 132 75 28 13 4 1 
Child_Levy48631-32: 2082 881 324 173 76 29 14 4 1 
Survivor48660-1: 3692 1177 412 165 87 28 12 5 1 
Child_Levy48663-24: 2364 735 347 171 91 35 13 6 1 
Survivor48669-1_mutated: 2364 735 347 171 80 35 13 6 1 
Child_Avg48723-43: 2339 907 384 162 72 29 10 4 1 
Survivor48764-1: 2653 967 378 183 86 31 10 4 1 
Child_Levy48776-48: 2778 948 459 232 78 35 11 5 1 
Child_Cross48791-10: 3791 940 513 148 76 35 12 5 1 
Survivor48911-1: 2499 1007 374 172 96 35 12 5 1 
Child_Avg48917-39: 2239 858 358 137 77 32 11 4 1 
Child_Avg48979-31: 2781 857 373 154 69 28 11 4 1 
Child_Cross49004-18: 2756 861 466 189 90 35 12 5 1 
Survivor49009-1_mutated: 2756 781 466 189 90 35 12 5 1 
Survivor49022-1_mutated: 2756 781 466 201 90 35 12 5 1 
Survivor49050-1_mutated: 2756 827 519 201 90 35 12 5 1 
Survivor49053-1_mutated: 2756 827 519 201 90 35 13 5 1 
Child_Avg49082-11_mutated: 2525 699 295 143 74 31 14 5 1 
Survivor49097-1: 2525 836 295 143 74 31 14 5 1 
Child_Levy49206-20: 3111 906 372 158 82 29 11 5 1 
Survivor49228-1: 1919 661 287 133 70 30 11 5 1 
Child_Levy49280-44: 2640 989 364 183 90 35 12 5 1 
Child_Avg49297-7: 2285 869 336 154 87 35 11 5 1 
Survivor49416-1_mutated: 9289 1952 602 307 169 76 27 14 4 1 
Survivor49524-1_mutated: 2082 846 351 149 81 30 12 5 1 
Survivor49538-1: 2084 900 405 166 87 35 12 5 1 
Survivor49573-1: 2809 1147 487 246 86 38 13 5 1 
Survivor49602-1: 2293 793 349 152 67 32 11 4 1 
Survivor49716-1: 2159 812 318 146 93 35 11 5 1 
Child_Levy49744-60: 2440 770 383 183 78 32 13 5 1 
Child_Cross49789-30: 3214 957 358 149 81 31 11 4 1 
Child_Avg49832-35: 6091 1910 714 339 156 65 31 11 4 1 
Survivor49980-1: 2306 821 325 150 69 31 10 4 1 
Child_Cross50024-22: 3112 1086 550 175 92 32 11 4 1 
Survivor50107-1: 2909 832 320 146 77 32 11 4 1 
