Survivor51-2: 867 339 128 55 24 9 4 1 
Survivor82-1: 1440 384 155 65 23 12 5 1 
Survivor89-3: 1444 379 152 65 23 12 5 1 
LevyChild92-4: 1450 376 153 64 24 11 4 1 
LevyChild101-3: 1408 381 153 64 24 9 4 1 
LevyChild106-2: 1423 385 146 66 24 11 4 1 
Survivor111-16: 1444 380 165 62 24 11 4 1 
Survivor112-7: 1453 400 153 64 24 11 4 1 
Survivor115-5: 1482 383 151 65 24 11 4 1 
Survivor128-4: 1432 382 153 64 24 11 4 1 
Survivor142-22: 1446 378 151 67 24 11 4 1 
Survivor152-10: 1483 385 158 64 24 11 4 1 
Survivor168-8: 1482 375 155 64 24 11 4 1 
Survivor173-11: 1499 389 148 64 23 12 5 1 
Survivor174-13: 1464 380 155 66 24 11 4 1 
Survivor181-4: 1492 387 148 64 23 12 5 1 
Survivor183-17: 1449 397 157 62 24 11 4 1 
Survivor210-3: 1449 383 146 66 24 11 4 1 
Survivor225-8: 1455 377 157 66 24 11 4 1 
Survivor255-10: 1503 401 146 66 24 11 4 1 
Survivor262-20: 1426 379 150 65 23 12 5 1 
Survivor274-15: 1481 381 154 64 23 12 5 1 
Survivor293-24: 1431 381 142 64 24 11 4 1 
Survivor306-19: 1445 379 159 64 24 11 4 1 
Survivor307-17: 1456 378 144 65 23 12 5 1 
Survivor324-10: 1466 374 153 65 24 11 4 1 
Survivor329-25: 1439 389 146 66 24 11 4 1 
Survivor347-8: 1482 383 145 56 24 11 4 1 
Survivor400-4: 1456 383 162 67 24 11 4 1 
Survivor404-17: 1429 383 145 64 24 11 4 1 
Survivor406-8: 1443 387 154 62 24 11 4 1 
Survivor435-31: 1480 380 150 66 23 12 5 1 
Survivor454-27: 1442 375 142 64 24 11 4 1 
Survivor465-14: 1470 379 151 65 24 11 4 1 
Survivor505-32: 1455 377 155 61 23 12 5 1 
Survivor509-9: 1450 363 151 67 24 11 4 1 
Survivor512-2: 1443 379 151 64 24 11 4 1 
Survivor546-19: 1484 382 151 67 24 11 4 1 
Survivor566-13: 1420 363 142 64 24 11 4 1 
Survivor573-6: 1429 378 144 65 23 12 5 1 
Survivor590-14: 1471 380 150 66 23 12 5 1 
Survivor618-30: 1438 377 139 65 23 12 5 1 
Survivor619-3: 1414 382 149 67 24 11 4 1 
Survivor645-13: 1476 377 151 67 24 11 4 1 
Survivor657-47: 1451 381 145 64 24 11 4 1 
Survivor658-17: 1462 379 159 64 24 11 4 1 
Survivor670-25: 1512 401 151 64 24 11 4 1 
Survivor683-35: 1401 381 156 62 24 11 4 1 
Survivor701-23: 1369 379 154 62 24 11 4 1 
Survivor718-21: 1459 382 162 65 23 12 5 1 
Survivor720-42: 1480 382 149 67 24 11 4 1 
Survivor758-17: 1464 379 151 65 24 11 4 1 
Survivor763-3: 1446 383 149 67 24 11 4 1 
Survivor800-36: 1447 375 145 64 24 11 4 1 
Survivor805-14: 1487 387 148 64 23 12 5 1 
Survivor809-50: 1451 371 154 64 23 12 5 1 
Survivor810-13: 1503 379 151 65 24 11 4 1 
Survivor812-45: 1443 368 144 62 23 12 5 1 
Survivor818-19: 1482 385 156 62 24 11 4 1 
Survivor819-13: 1446 375 151 67 24 11 4 1 
Survivor820-33: 1473 379 151 65 24 11 4 1 
Survivor838-49: 1451 376 151 64 24 11 4 1 
Survivor883-25: 1438 381 162 64 24 11 4 1 
Survivor884-34: 1435 374 150 65 23 12 5 1 
Survivor889-39: 1462 381 146 64 24 11 4 1 
Survivor892-32: 1478 380 150 66 23 12 5 1 
Survivor911-17: 1425 388 145 62 23 12 5 1 
Survivor930-19: 1468 377 149 67 24 11 4 1 
Survivor942-40: 1456 379 144 65 23 12 5 1 
