LevyChild7-60: 1298 469 184 75 24 11 5 1 
LevyChild36-67: 1380 463 182 70 27 10 6 1 
LevyChild42-73: 1585 459 182 75 24 11 5 1 
Survivor66-2: 1641 461 181 78 24 11 5 1 
LevyChild79-68: 1692 466 179 75 24 11 5 1 
Survivor100-3: 1663 465 176 73 24 11 5 1 
Survivor108-3: 1554 466 181 75 24 11 5 1 
Survivor145-4: 1614 470 179 75 24 11 5 1 
Survivor180-6: 1659 454 169 75 24 11 5 1 
LevyChild192-71: 1717 455 177 73 24 11 5 1 
Survivor202-3: 1729 463 181 73 30 11 5 1 
LevyChild209-65: 1676 463 146 72 30 11 5 1 
Survivor227-9: 1690 487 146 72 30 11 5 1 
Survivor304-3: 1681 462 177 70 30 11 5 1 
Survivor307-12: 1782 462 147 70 30 11 5 1 
Survivor320-14: 1671 479 149 72 30 11 5 1 
Survivor321-5: 1877 461 181 78 30 11 5 1 
Survivor352-8: 1770 481 144 70 30 11 5 1 
Survivor359-14: 1692 462 179 70 30 11 5 1 
Survivor371-16: 1777 471 183 70 30 11 5 1 
Survivor402-7: 1655 476 149 72 30 11 5 1 
Survivor407-26: 1686 453 177 73 30 11 5 1 
Survivor413-6: 1818 469 160 72 30 11 5 1 
Survivor433-4: 1668 481 149 72 30 11 5 1 
LevyChild437-57: 1769 471 188 72 30 11 5 1 
LevyChild443-72: 1676 482 145 69 30 11 5 1 
Survivor510-35: 1787 461 185 71 29 10 6 1 
Survivor537-4: 1740 455 187 72 30 11 5 1 
Survivor579-9: 1763 461 153 73 30 11 5 1 
Survivor660-9: 1735 481 187 72 30 11 5 1 
Survivor673-22: 1775 463 147 70 30 11 5 1 
Survivor704-30: 1773 483 190 72 30 11 5 1 
Survivor737-5: 1785 459 184 70 30 11 5 1 
Survivor755-11: 1784 472 146 71 31 14 6 1 
LevyChild757-74: 1788 485 184 72 30 11 5 1 
Survivor799-15: 1805 484 185 73 29 13 6 1 
Survivor824-4: 1800 496 187 72 30 11 5 1 
Survivor923-24: 1768 481 183 72 30 11 5 1 
Survivor977-4: 1847 479 185 72 29 13 6 1 
Survivor987-2: 1806 474 185 73 29 13 6 1 
Survivor1065-2: 1828 488 199 73 29 13 6 1 
Survivor1077-2: 1746 480 183 74 28 12 5 1 
Survivor1087-3: 1735 478 184 73 29 13 6 1 
Survivor1105-4: 1720 473 183 74 31 14 5 1 
Survivor1112-2: 1744 475 184 73 29 13 6 1 
Survivor1115-5: 1821 490 183 74 28 12 5 1 
Survivor1124-9: 1831 484 193 74 28 12 5 1 
Survivor1129-18: 1809 478 188 75 29 13 6 1 
Survivor1161-31: 1744 477 184 73 28 12 5 1 
Survivor1173-4: 1829 483 194 73 29 13 6 1 
Survivor1180-3: 1845 502 181 72 29 13 6 1 
Survivor1193-20: 1794 479 180 75 28 12 5 1 
Survivor1220-2: 1754 480 183 74 28 12 5 1 
Survivor1224-4: 1743 477 183 74 28 12 5 1 
Survivor1239-16: 1822 475 184 73 29 13 6 1 
Survivor1240-38: 1712 490 183 74 28 12 5 1 
Survivor1265-34: 1727 476 181 74 28 12 5 1 
Survivor1273-33: 1723 475 176 73 28 12 5 1 
Survivor1286-15: 1757 479 188 71 28 12 5 1 
Survivor1292-20: 1749 459 183 74 28 12 5 1 
Survivor1307-40: 1742 499 179 71 28 12 5 1 
Survivor1312-31: 1826 498 181 73 29 13 6 1 
Survivor1320-3: 1825 483 193 74 28 12 5 1 
Survivor1359-37: 1745 474 184 73 29 13 6 1 
Survivor1360-7: 1757 475 193 73 28 12 5 1 
Survivor1378-49: 1735 466 184 73 29 13 6 1 
Survivor1383-41: 1780 501 183 74 28 12 5 1 
Survivor1387-38: 1759 477 192 72 29 13 6 1 
Survivor1393-33: 1757 487 184 73 29 13 6 1 
Survivor1394-10: 1776 480 183 74 28 12 5 1 
Survivor1423-13: 1816 503 180 71 28 12 5 1 
Survivor1438-29: 1756 490 181 73 29 13 6 1 
Survivor1443-21: 1742 476 177 72 29 13 6 1 
Survivor1454-31: 1722 478 179 73 28 12 5 1 
Survivor1460-38: 1746 470 195 74 28 12 5 1 
Survivor1513-29: 1717 476 181 72 29 13 6 1 
Survivor1528-36: 1780 495 181 72 29 13 6 1 
Survivor1531-39: 1723 489 177 72 29 13 6 1 
Survivor1535-45: 1845 482 187 73 28 12 5 1 
Survivor1543-10: 1720 463 183 74 28 12 5 1 
Survivor1573-20: 1757 464 189 74 28 12 5 1 
Survivor1596-31: 1783 502 184 73 28 12 5 1 
Survivor1604-6: 1784 503 180 71 28 12 5 1 
Survivor1613-9: 1727 478 176 73 28 12 5 1 
Survivor1615-30: 1833 479 195 73 29 13 6 1 
Survivor1623-18: 1816 502 183 74 28 12 5 1 
Survivor1625-14: 1729 476 171 73 29 13 6 1 
Survivor1630-21: 1762 496 181 72 29 13 6 1 
Survivor1636-3: 1747 476 179 72 29 13 6 1 
Survivor1645-21: 1765 496 180 71 28 12 5 1 
Survivor1647-7: 1729 513 182 76 29 13 6 1 
