Random13-90: 191 71 23 10 4 1 
Random14-52: 374 89 24 9 4 1 
Child15-7: 381 83 27 10 4 1 
Child19-2: 416 91 29 14 4 1 
Child32-10: 336 73 25 14 4 1 
Child54-23: 405 87 32 13 4 1 
Child62-1: 182 67 21 10 4 1 
Random152-90: 391 87 23 10 4 1 
Child170-17: 316 87 21 10 4 1 
Child211-11: 383 82 32 13 4 1 
Child215-7: 195 53 24 9 4 1 
Child217-6: 338 95 29 9 4 1 
Child243-1: 387 90 27 14 4 1 
Child293-5: 199 63 19 10 4 1 
Child375-2: 357 78 23 13 4 1 
Child393-1: 290 75 23 14 4 1 
Child403-20: 470 192 58 23 13 4 1 
Child467-27: 385 92 27 10 4 1 
Child478-10: 365 82 24 9 4 1 
Child521-8: 342 73 29 9 4 1 
Child545-31: 481 173 50 24 9 4 1 
Child555-2: 268 71 23 10 4 1 
Child561-1: 268 71 23 13 4 1 
Child582-2: 201 47 21 10 4 1 
Child586-1: 206 64 23 10 4 1 
Child594-1: 313 71 23 13 4 1 
Random616-92: 223 60 23 10 4 1 
Child617-2: 197 60 19 10 4 1 
Child665-8: 400 89 28 13 4 1 
Random671-84: 180 54 20 9 4 1 
Child674-2: 182 61 19 10 4 1 
Child676-3: 181 58 23 13 4 1 
Child689-9: 392 85 28 13 4 1 
Child768-36: 294 79 24 9 4 1 
Child769-18: 360 81 23 14 4 1 
Child833-17: 231 62 19 10 4 1 
Child843-1: 206 57 21 10 4 1 
Child867-3: 344 69 24 11 4 1 
Child878-1: 212 57 23 10 4 1 
Random935-90: 461 119 36 13 4 1 
Child1005-1: 153 54 19 10 4 1 
Child1010-3: 162 61 19 10 4 1 
Child1015-2: 218 63 19 10 4 1 
Child1019-10: 490 300 63 23 14 4 1 
Child1029-8: 361 93 28 11 4 1 
Child1030-20: 318 83 29 10 4 1 
Random1111-100: 392 86 23 14 4 1 
Random1134-96: 208 56 25 9 4 1 
Child1158-6: 392 84 29 9 4 1 
Child1191-3: 322 73 24 9 4 1 
Child1291-2: 210 49 24 9 4 1 
Child1302-5: 227 65 25 9 4 1 
Child1327-2: 293 67 24 9 4 1 
Child1397-35: 324 72 20 9 4 1 
Child1405-20: 319 70 19 10 4 1 
Child1419-5: 399 84 29 9 4 1 
Child1429-10: 196 45 23 10 4 1 
Child1455-11: 189 62 24 9 4 1 
Child1484-48: 368 74 28 13 4 1 
Random1501-98: 466 350 73 27 10 4 1 
Child1506-1: 215 56 17 10 4 1 
Child1533-8: 371 80 21 10 4 1 
Child1536-2: 212 63 19 10 4 1 
Child1541-8: 199 70 19 10 4 1 
Child1551-2: 442 131 51 19 10 4 1 
Child1595-4: 315 67 24 9 4 1 
Child1601-13: 386 80 27 10 4 1 
Child1607-3: 143 67 23 10 4 1 
Random1638-100: 214 61 24 9 4 1 
Child1661-2: 331 73 19 10 4 1 
Child1665-2: 307 67 21 10 4 1 
Child1681-24: 151 55 20 9 4 1 
Child1698-2: 332 78 21 10 4 1 
Child1747-1: 216 61 19 10 4 1 
Child1796-7: 382 90 31 10 4 1 
Child1824-28: 295 72 23 14 4 1 
Child1833-2: 391 80 23 10 4 1 
Child1843-2: 200 60 19 10 4 1 
Child1860-10: 377 79 24 9 4 1 
Child1879-2: 201 66 24 11 4 1 
Child1917-29: 208 68 21 10 4 1 
Child1940-22: 437 91 28 13 4 1 
Child1955-12: 160 61 24 9 4 1 
Child1965-1: 171 54 19 10 4 1 
Child1985-2: 149 55 19 10 4 1 
Child1995-10: 213 61 19 10 4 1 
Child2077-3: 409 175 57 20 9 4 1 
Child2082-3: 155 57 23 10 4 1 
Random2084-75: 397 80 23 10 4 1 
Child2086-2: 203 61 19 10 4 1 
Child2093-1: 203 61 19 13 4 1 
Child2140-2: 185 63 19 10 4 1 
Random2183-52: 392 80 33 9 4 1 
Child2238-8: 442 91 29 10 4 1 
Child2251-16: 356 80 23 10 4 1 
Child2316-2: 451 171 63 19 10 4 1 
Random2328-88: 413 129 54 19 10 4 1 
Child2342-16: 309 89 24 9 4 1 
Child2515-3: 320 71 28 11 4 1 
Child2548-2: 375 78 29 14 4 1 
Child2554-3: 199 59 19 13 4 1 
Child2583-7: 281 82 24 9 4 1 
Child2587-26: 201 55 21 10 4 1 
Child2623-2: 190 55 24 9 4 1 
Child2635-2: 440 183 58 21 10 4 1 
Random2638-90: 377 90 25 14 4 1 
Random2665-90: 143 62 29 9 4 1 
Child2750-1: 217 55 23 10 4 1 
Child2799-2: 204 63 19 10 4 1 
Random2838-51: 422 100 29 10 4 1 
Child2854-1: 219 53 24 9 4 1 
Child2855-2: 299 67 24 9 4 1 
Child2859-3: 324 67 24 9 4 1 
Child2879-2: 318 81 23 14 4 1 
Child2880-1: 318 81 23 10 4 1 
Child2891-39: 384 80 23 14 4 1 
Child2892-1: 384 80 23 10 4 1 
Child2894-2: 260 58 23 10 4 1 
Child2916-1: 421 185 49 21 10 4 1 
Child2954-25: 371 80 23 13 4 1 
Child2966-4: 314 65 23 10 4 1 
Child3018-2: 329 68 23 10 4 1 
Child3025-1: 329 68 23 13 4 1 
Child3083-1: 261 75 24 11 4 1 
Random3084-92: 219 61 24 9 4 1 
Child3107-48: 388 90 25 14 4 1 
Child3123-1: 140 52 19 10 4 1 
Child3132-2: 337 68 24 9 4 1 
Child3143-1: 177 51 19 10 4 1 
Random3153-56: 347 77 28 13 4 1 
Child3170-3: 188 54 19 10 4 1 
Random3187-69: 361 99 28 11 4 1 
Child3199-10: 180 51 19 10 4 1 
Random3258-89: 352 80 31 14 4 1 
Random3277-64: 395 90 25 14 4 1 
Child3288-1: 399 89 31 10 4 1 
Child3316-1: 225 82 24 9 4 1 
Child3330-7: 357 99 29 9 4 1 
Child3423-36: 205 54 19 10 4 1 
Child3445-2: 220 61 19 10 4 1 
Child3474-2: 227 82 24 9 4 1 
Random3501-61: 147 55 25 8 3 1 
Random3528-92: 395 89 28 13 4 1 
Random3556-70: 403 82 33 9 4 1 
Child3610-24: 345 87 25 14 4 1 
Child3639-1: 188 51 19 10 4 1 
Child3667-28: 338 74 31 14 4 1 
Child3699-22: 196 47 21 10 4 1 
Child3715-1: 271 67 23 14 4 1 
Child3724-1: 302 80 23 10 4 1 
Child3744-27: 377 76 24 9 4 1 
Child3759-7: 216 65 25 9 4 1 
Child3763-2: 152 51 19 10 4 1 
Child3800-37: 312 70 29 9 4 1 
Random3812-74: 219 68 23 10 4 1 
Child3820-1: 361 80 23 13 4 1 
Child3860-18: 146 58 23 10 4 1 
Child3896-2: 202 70 21 10 4 1 
Child3918-24: 315 72 23 14 4 1 
Random3930-77: 292 68 32 13 4 1 
Random3939-64: 331 80 24 9 4 1 
Child3943-7: 290 67 24 9 4 1 
Child3951-1: 131 43 17 10 4 1 
Child3979-3: 194 61 19 10 4 1 
Random3992-81: 365 79 25 14 4 1 
Child4031-1: 185 67 23 10 4 1 
Child4035-2: 367 83 29 14 4 1 
Random4039-100: 351 99 28 11 4 1 
Child4042-2: 196 67 21 10 4 1 
Child4048-19: 407 88 25 14 4 1 
Child4050-1: 375 79 25 14 4 1 
Child4090-4: 189 59 19 13 4 1 
Random4094-94: 414 119 46 20 9 4 1 
Child4148-2: 215 45 21 10 4 1 
Child4156-14: 143 42 19 10 4 1 
Child4173-23: 373 79 29 9 4 1 
Child4192-2: 156 60 19 10 4 1 
Child4194-4: 209 61 19 10 4 1 
Child4257-2: 185 51 23 10 4 1 
Child4260-37: 139 51 19 10 4 1 
Child4269-21: 419 93 29 10 4 1 
Child4270-2: 398 82 27 10 4 1 
Child4322-1: 326 77 23 10 4 1 
Child4323-1: 326 77 23 14 4 1 
Child4368-38: 196 61 29 10 4 1 
Child4370-2: 416 168 54 23 10 4 1 
Child4386-8: 377 110 28 11 4 1 
Child4400-17: 301 63 19 10 4 1 
Child4428-39: 437 294 72 27 10 4 1 
Child4545-4: 426 154 49 19 13 4 1 
Child4571-5: 156 59 17 10 4 1 
Random4618-92: 440 136 45 21 10 4 1 
Random4629-71: 195 78 21 10 4 1 
Child4646-2: 380 80 24 9 4 1 
Child4664-1: 181 51 19 10 4 1 
Child4682-26: 328 68 24 9 4 1 
Child4689-1: 123 51 19 10 4 1 
Child4691-1: 193 63 19 10 4 1 
Child4693-11: 474 331 72 32 13 4 1 
Child4709-2: 197 71 25 14 4 1 
Child4711-38: 279 80 23 10 4 1 
Child4713-2: 303 81 23 10 4 1 
Child4810-42: 218 67 23 10 4 1 
Child4845-4: 412 83 29 14 4 1 
Child4864-21: 338 71 28 11 4 1 
Child5058-1: 223 67 24 9 4 1 
Child5096-1: 194 54 23 10 4 1 
Child5100-28: 161 69 21 10 4 1 
Child5105-39: 357 81 21 10 4 1 
Child5161-2: 214 68 23 10 4 1 
Child5164-24: 286 63 19 10 4 1 
Child5182-5: 207 49 24 9 4 1 
Child5202-7: 303 67 25 9 4 1 
Child5312-35: 341 73 32 13 4 1 
Child5345-22: 134 61 19 10 4 1 
Child5371-19: 196 56 24 9 4 1 
Child5392-1: 441 118 41 19 10 4 1 
Child5396-42: 165 60 19 10 4 1 
Child5411-2: 224 63 19 10 4 1 
Child5414-4: 424 137 41 19 10 4 1 
Child5418-30: 300 80 23 10 4 1 
Child5424-2: 143 64 19 10 4 1 
Child5451-2: 134 53 17 10 4 1 
Child5465-2: 330 75 23 14 4 1 
Child5473-1: 341 72 23 14 4 1 
Child5490-4: 439 143 45 17 10 4 1 
Child5495-25: 198 53 19 10 4 1 
Child5498-4: 341 70 23 10 4 1 
Child5510-23: 301 65 25 9 4 1 
Child5541-1: 398 85 25 14 4 1 
Child5557-3: 381 91 28 13 4 1 
Child5561-12: 305 77 29 9 4 1 
Random5646-71: 185 66 27 10 4 1 
Child5664-16: 333 91 27 14 4 1 
Child5665-2: 410 86 27 14 4 1 
Child5696-14: 191 54 19 10 4 1 
Child5706-9: 182 50 24 9 4 1 
Child5726-10: 299 62 27 10 4 1 
Child5743-2: 359 85 25 14 4 1 
Child5756-2: 359 87 25 14 4 1 
Child5819-49: 386 88 25 14 4 1 
Child5834-27: 180 62 19 10 4 1 
Child5845-5: 404 99 27 10 4 1 
Random5859-86: 276 59 21 10 4 1 
Child5894-1: 190 53 19 10 4 1 
Child6017-45: 292 89 27 10 4 1 
Child6021-4: 351 86 24 11 4 1 
Child6070-12: 379 88 24 11 4 1 
Child6078-2: 299 79 29 9 4 1 
Child6093-2: 181 54 23 10 4 1 
Child6094-2: 463 135 47 23 10 4 1 
Child6098-29: 364 87 23 10 4 1 
Child6152-1: 141 51 19 10 4 1 
Child6212-15: 179 53 19 10 4 1 
Random6237-67: 471 215 57 23 10 4 1 
Child6246-13: 418 89 28 13 4 1 
Random6251-90: 443 138 53 19 10 4 1 
Child6338-6: 311 70 24 9 4 1 
Child6369-9: 329 72 23 14 4 1 
Child6415-1: 457 137 54 20 9 4 1 
Child6419-8: 205 75 24 11 4 1 
Child6420-4: 354 76 24 9 4 1 
Child6466-2: 159 59 21 10 4 1 
Random6508-71: 303 66 25 14 4 1 
Random6510-78: 336 68 23 10 4 1 
Child6528-49: 367 90 29 14 4 1 
Child6535-3: 150 41 19 10 4 1 
Child6556-1: 323 70 23 10 4 1 
Child6558-26: 298 70 19 10 4 1 
Random6667-74: 410 292 83 27 10 4 1 
Child6685-7: 220 61 19 13 4 1 
Child6741-15: 214 55 23 10 4 1 
Child6742-2: 134 58 23 10 4 1 
Child6744-2: 150 62 19 10 4 1 
Child6748-4: 367 76 27 10 4 1 
Child6768-2: 198 50 21 10 4 1 
Child6769-2: 189 60 21 10 4 1 
Child6814-2: 401 84 29 9 4 1 
Random6821-84: 361 75 29 10 4 1 
Random6858-51: 268 65 25 14 4 1 
Child6883-18: 204 65 23 10 4 1 
Child6898-27: 199 68 23 10 4 1 
Child6947-2: 347 79 29 9 4 1 
Random6970-57: 150 52 20 9 4 1 
Child6982-21: 291 67 24 9 4 1 
Child7052-2: 159 58 24 9 4 1 
Child7074-2: 370 84 29 9 4 1 
Child7081-8: 215 61 19 10 4 1 
Random7098-56: 199 59 17 10 4 1 
Random7132-84: 210 59 29 9 4 1 
Child7172-1: 312 70 23 13 4 1 
Child7183-1: 312 70 23 10 4 1 
Child7195-1: 212 55 19 13 4 1 
Child7198-3: 469 142 53 19 10 4 1 
Child7199-31: 209 59 24 9 4 1 
Random7201-90: 354 73 27 10 4 1 
Child7264-21: 173 60 23 10 4 1 
Child7296-3: 306 68 23 10 4 1 
Child7308-29: 334 87 23 10 4 1 
Child7368-22: 314 79 33 9 4 1 
Child7369-2: 296 61 24 9 4 1 
Random7421-77: 305 67 21 10 4 1 
Child7423-15: 414 94 23 14 4 1 
Child7437-32: 460 212 56 21 10 4 1 
Child7506-11: 399 84 23 13 4 1 
Child7521-19: 316 71 27 14 4 1 
Random7545-58: 321 77 23 10 4 1 
Child7546-2: 207 53 19 10 4 1 
Child7577-6: 342 75 32 13 4 1 
Child7587-8: 196 55 19 10 4 1 
Child7607-1: 211 50 24 9 4 1 
Child7626-40: 321 94 32 13 4 1 
Child7649-4: 230 66 21 10 4 1 
Child7807-5: 302 68 28 9 4 1 
Child7865-2: 215 67 21 10 4 1 
Child7887-1: 342 77 23 14 4 1 
Child7913-1: 449 126 49 17 10 4 1 
Child7936-21: 374 90 28 13 4 1 
Child7977-10: 357 91 31 14 4 1 
Random8011-53: 490 167 61 19 10 4 1 
Child8031-1: 336 72 19 10 4 1 
Child8099-21: 212 59 21 10 4 1 
Child8129-3: 204 70 23 13 4 1 
Child8157-1: 313 70 23 10 4 1 
Child8162-2: 460 147 58 23 10 4 1 
Child8168-1: 313 70 23 13 4 1 
Random8183-79: 325 72 27 10 4 1 
Child8233-1: 368 85 24 9 4 1 
Child8254-3: 321 72 23 14 4 1 
Child8259-2: 351 73 25 14 4 1 
Child8265-11: 147 43 24 9 4 1 
Child8271-1: 351 96 28 13 4 1 
Child8274-1: 193 51 19 10 4 1 
Child8330-10: 370 78 24 11 4 1 
Random8344-71: 202 61 23 10 4 1 
Child8378-21: 429 92 27 10 4 1 
Child8379-2: 183 53 19 10 4 1 
Child8386-3: 202 53 17 10 4 1 
Child8398-3: 345 77 29 14 4 1 
Child8405-2: 392 80 23 10 4 1 
Child8419-2: 184 57 21 10 4 1 
Child8463-18: 330 69 24 11 4 1 
Child8573-2: 296 65 24 9 4 1 
Child8587-23: 295 67 23 13 4 1 
Child8598-2: 232 57 23 10 4 1 
Child8633-41: 185 77 21 10 4 1 
Child8658-1: 331 69 24 11 4 1 
Child8700-2: 188 49 21 10 4 1 
Child8705-39: 239 53 19 10 4 1 
Child8760-2: 206 77 21 10 4 1 
Child8789-1: 365 81 23 13 4 1 
Child8826-1: 330 77 23 10 4 1 
Child8829-10: 214 59 24 9 4 1 
Child8845-2: 209 63 19 10 4 1 
Child8903-16: 311 80 23 13 4 1 
Child8940-6: 198 54 19 10 4 1 
Random8985-57: 370 110 29 14 4 1 
Child9019-12: 331 71 23 10 4 1 
Child9027-2: 338 71 23 10 4 1 
Random9029-61: 357 72 29 10 4 1 
Child9032-15: 338 71 23 13 4 1 
Child9043-4: 176 48 23 10 4 1 
Child9044-4: 372 75 23 14 4 1 
Child9092-35: 334 67 23 10 4 1 
Random9102-64: 351 83 24 9 4 1 
Child9104-14: 399 86 27 14 4 1 
Child9171-2: 332 67 24 9 4 1 
Child9175-7: 458 195 51 19 10 4 1 
Child9195-12: 347 77 23 10 4 1 
Child9227-3: 152 59 19 10 4 1 
Random9320-66: 350 76 27 14 4 1 
Child9350-4: 482 151 60 19 10 4 1 
Child9357-35: 213 55 19 13 4 1 
Child9384-24: 158 65 21 10 4 1 
Child9392-2: 441 127 45 19 10 4 1 
Child9404-13: 152 47 24 9 4 1 
Child9405-3: 391 87 25 14 4 1 
Child9421-19: 324 73 24 11 4 1 
Child9427-2: 405 91 29 10 4 1 
Child9454-34: 200 68 23 10 4 1 
Random9459-52: 374 91 29 10 4 1 
Child9474-35: 482 179 48 21 10 4 1 
Child9482-43: 149 61 24 9 4 1 
Child9500-3: 228 69 25 9 4 1 
Child9512-2: 408 94 23 10 4 1 
Child9537-2: 344 75 23 14 4 1 
Child9554-2: 143 53 19 10 4 1 
Child9574-47: 353 83 23 10 4 1 
Child9581-7: 195 55 19 10 4 1 
Child9605-1: 345 71 23 10 4 1 
Child9620-2: 195 51 23 10 4 1 
Child9642-1: 471 159 49 24 9 4 1 
Random9654-56: 415 89 27 10 4 1 
Child9655-2: 334 71 23 10 4 1 
Child9664-7: 387 79 27 10 4 1 
Child9683-1: 362 95 23 14 4 1 
Child9684-2: 368 95 23 14 4 1 
Child9712-27: 325 71 24 11 4 1 
Child9714-12: 376 100 27 10 4 1 
Child9731-9: 361 82 27 10 4 1 
Child9739-3: 199 53 19 10 4 1 
Child9756-1: 468 139 49 24 9 4 1 
Child9760-24: 196 79 27 10 4 1 
Child9803-33: 294 61 23 10 4 1 
Child9808-1: 225 63 19 10 4 1 
Child9860-2: 151 62 19 10 4 1 
Child9862-19: 355 78 23 13 4 1 
Child9868-6: 165 65 24 9 4 1 
Child9910-1: 422 101 42 19 10 4 1 
Child9960-7: 195 60 19 10 4 1 
Random9976-79: 360 97 29 14 4 1 
Random10004-55: 211 59 24 9 4 1 
Random10006-83: 349 77 28 13 4 1 
Child10017-1: 203 62 19 10 4 1 
Child10024-2: 475 139 61 19 10 4 1 
Child10050-1: 316 67 23 10 4 1 
Child10091-2: 209 48 23 10 4 1 
Child10105-2: 178 57 23 10 4 1 
Child10116-2: 213 55 23 10 4 1 
Child10118-2: 237 58 23 10 4 1 
Child10152-2: 333 71 27 14 4 1 
Child10174-1: 193 71 23 10 4 1 
Child10186-20: 193 52 24 9 4 1 
Child10340-13: 166 61 24 9 4 1 
Child10391-2: 182 54 24 11 4 1 
Child10422-6: 176 55 21 10 4 1 
Child10442-2: 374 81 23 13 4 1 
Child10448-23: 216 58 23 13 4 1 
Child10495-40: 384 81 29 14 4 1 
Child10522-1: 335 92 29 10 4 1 
Child10535-1: 461 171 61 19 10 4 1 
Child10599-3: 316 69 25 9 4 1 
Child10657-11: 403 89 28 13 4 1 
Child10716-33: 194 70 23 13 4 1 
Child10719-2: 186 53 17 10 4 1 
Child10728-2: 347 72 19 10 4 1 
Child10730-1: 293 63 19 10 4 1 
Child10735-2: 138 41 19 10 4 1 
Child10768-1: 384 90 25 14 4 1 
Child10800-12: 311 75 24 11 4 1 
Child10833-2: 488 155 49 21 10 4 1 
Child10874-4: 404 88 32 13 4 1 
Child10885-2: 198 71 24 9 4 1 
Child10887-35: 335 78 31 14 4 1 
Child10913-1: 142 55 19 10 4 1 
Child10928-1: 466 286 76 24 9 4 1 
Random10934-65: 449 93 28 11 4 1 
Child10937-2: 352 73 24 9 4 1 
Child10963-1: 206 51 19 10 4 1 
Child10968-2: 359 89 27 10 4 1 
Child10969-2: 376 77 21 10 4 1 
Child10983-10: 432 187 59 21 10 4 1 
Child11039-12: 366 84 23 10 4 1 
Random11049-85: 310 86 27 14 4 1 
Child11056-34: 208 74 24 9 4 1 
Child11073-30: 382 80 21 10 4 1 
Child11080-1: 153 59 19 13 4 1 
Child11115-7: 308 72 32 13 4 1 
Child11117-32: 203 74 24 9 4 1 
Child11119-1: 152 53 17 10 4 1 
Child11129-8: 372 78 25 9 4 1 
Child11133-30: 147 51 23 10 4 1 
Child11186-1: 320 67 23 10 4 1 
Child11202-4: 328 75 23 14 4 1 
Child11210-1: 373 81 23 10 4 1 
Child11214-50: 373 81 23 14 4 1 
Child11226-19: 316 66 21 10 4 1 
Child11238-17: 456 109 45 21 10 4 1 
Child11250-2: 137 62 19 10 4 1 
Child11259-9: 166 60 19 10 4 1 
Child11392-3: 235 71 23 10 4 1 
Child11407-33: 148 52 17 10 4 1 
Child11444-12: 146 48 21 10 4 1 
Child11463-19: 366 92 29 10 4 1 
Child11467-19: 405 92 28 13 4 1 
Child11471-38: 151 51 19 10 4 1 
Child11477-1: 303 68 23 10 4 1 
Child11495-2: 433 173 49 17 10 4 1 
Child11500-19: 315 87 25 14 4 1 
Random11510-92: 206 56 21 10 4 1 
Child11518-1: 445 141 53 19 10 4 1 
Child11579-18: 437 178 47 23 10 4 1 
Child11601-38: 483 183 58 21 10 4 1 
Child11639-16: 205 59 19 13 4 1 
Child11670-1: 361 78 23 10 4 1 
Child11713-1: 485 186 49 21 10 4 1 
Random11751-58: 355 75 27 10 4 1 
Child11762-2: 486 402 142 53 19 10 4 1 
Random11775-81: 362 77 24 11 4 1 
Child11791-9: 377 85 33 9 4 1 
Child11829-1: 290 77 24 9 4 1 
Child11837-5: 145 56 17 10 4 1 
Child11864-3: 314 71 24 9 4 1 
Random11874-77: 442 149 46 17 10 4 1 
Child11878-2: 193 73 23 10 4 1 
Child11899-9: 464 187 68 21 10 4 1 
Child11920-2: 153 49 21 10 4 1 
Child11965-2: 200 64 27 14 4 1 
Child12002-2: 147 61 19 10 4 1 
Child12030-1: 212 51 19 10 4 1 
Child12042-1: 452 212 71 23 10 4 1 
Child12049-1: 207 54 19 10 4 1 
Child12080-12: 379 84 29 9 4 1 
Child12145-1: 187 53 19 10 4 1 
Child12150-2: 226 64 19 10 4 1 
Child12151-2: 138 42 19 10 4 1 
Child12173-2: 492 148 47 23 10 4 1 
Child12224-32: 338 88 32 13 4 1 
Child12228-41: 389 83 27 10 4 1 
Random12244-53: 148 46 20 9 4 1 
Child12246-1: 202 56 24 9 4 1 
Child12250-26: 378 91 29 10 4 1 
Child12258-2: 198 64 24 9 4 1 
Random12287-83: 458 303 97 23 10 4 1 
Child12296-6: 204 59 24 9 4 1 
Random12318-73: 290 79 27 10 4 1 
Child12329-22: 345 84 23 10 4 1 
Child12363-14: 381 82 24 11 4 1 
Child12365-6: 361 76 24 9 4 1 
Child12382-15: 312 64 23 10 4 1 
Child12423-17: 341 77 29 9 4 1 
Child12481-2: 356 81 23 10 4 1 
Child12521-4: 453 152 69 21 10 4 1 
Child12529-7: 194 55 23 10 4 1 
Child12544-2: 208 62 19 10 4 1 
Child12604-3: 336 77 24 9 4 1 
Child12614-1: 193 57 20 9 4 1 
Random12639-70: 202 58 24 9 4 1 
Child12648-1: 146 49 17 10 4 1 
Child12649-24: 356 80 23 13 4 1 
Child12677-2: 197 63 19 10 4 1 
Random12679-59: 204 67 21 10 4 1 
Child12722-34: 343 70 24 9 4 1 
Child12724-33: 357 92 29 14 4 1 
Child12734-3: 201 59 17 10 4 1 
Random12762-90: 362 75 35 11 4 1 
Child12804-2: 233 56 24 9 4 1 
Child12818-8: 191 55 19 10 4 1 
Child12838-46: 350 71 23 10 4 1 
Child12864-11: 346 73 32 13 4 1 
Child12865-32: 314 76 27 14 4 1 
Child12883-5: 339 89 27 14 4 1 
Random12904-93: 442 103 29 10 4 1 
Child12932-46: 365 85 27 14 4 1 
Child12940-35: 331 75 23 10 4 1 
Child12993-49: 327 72 27 14 4 1 
Child13004-1: 306 80 23 14 4 1 
Child13007-2: 306 80 23 10 4 1 
Random13012-90: 317 72 20 9 4 1 
Child13016-2: 152 48 21 10 4 1 
Child13022-16: 350 83 27 10 4 1 
Child13025-9: 367 90 23 10 4 1 
Child13047-1: 451 202 54 23 10 4 1 
Child13056-3: 421 162 52 20 9 4 1 
Child13102-18: 332 74 28 13 4 1 
Random13189-53: 342 74 29 10 4 1 
Random13208-53: 300 61 24 9 4 1 
Child13222-16: 312 84 31 14 4 1 
Child13251-4: 141 53 19 10 4 1 
Child13287-1: 394 83 23 13 4 1 
Child13301-2: 489 177 55 23 10 4 1 
Child13302-14: 316 73 25 14 4 1 
Child13347-2: 208 59 21 10 4 1 
Child13348-2: 205 60 21 10 4 1 
Child13386-11: 207 63 20 9 4 1 
Child13439-33: 354 83 23 13 4 1 
Child13468-46: 375 83 33 14 4 1 
Child13471-13: 366 82 27 10 4 1 
Child13486-2: 137 41 19 10 4 1 
Child13494-6: 457 211 62 19 10 4 1 
Child13513-6: 361 83 29 14 4 1 
Child13532-1: 307 73 25 14 4 1 
Child13554-15: 334 77 31 14 4 1 
Child13628-11: 356 94 31 14 4 1 
Child13629-21: 368 99 27 10 4 1 
Child13671-2: 182 51 19 10 4 1 
Child13675-2: 388 115 44 19 10 4 1 
Child13677-2: 190 61 19 10 4 1 
Child13768-15: 413 93 28 11 4 1 
Child13802-1: 212 62 19 10 4 1 
Child13819-1: 229 67 23 10 4 1 
Child13828-8: 199 53 25 9 4 1 
Child13851-5: 376 85 27 14 4 1 
Child13878-20: 190 53 17 10 4 1 
Random13888-79: 216 67 24 9 4 1 
Child13903-1: 161 51 19 10 4 1 
Random13904-57: 312 75 31 10 4 1 
Child13941-1: 181 53 19 10 4 1 
Random13988-88: 446 206 54 20 9 4 1 
Random13991-54: 182 66 20 9 4 1 
Child14055-21: 497 156 54 23 10 4 1 
Child14101-8: 218 53 24 9 4 1 
Random14109-84: 215 61 24 9 4 1 
Child14110-2: 426 285 61 24 9 4 1 
Child14193-16: 332 73 24 11 4 1 
Child14198-28: 193 62 25 14 4 1 
Child14200-7: 231 70 23 10 4 1 
Child14258-2: 211 54 19 10 4 1 
Child14331-1: 197 61 29 9 4 1 
Child14456-1: 464 178 44 19 10 4 1 
Child14457-2: 200 53 19 10 4 1 
Child14551-15: 342 81 29 14 4 1 
Child14578-1: 335 68 23 14 4 1 
Child14588-30: 211 52 19 10 4 1 
Child14614-34: 198 59 25 14 4 1 
Child14670-44: 414 212 55 24 9 4 1 
Child14679-2: 117 49 21 10 4 1 
Child14680-4: 342 78 29 14 4 1 
Child14683-29: 155 68 23 10 4 1 
Child14692-2: 385 79 27 10 4 1 
Child14710-2: 359 77 21 10 4 1 
Child14713-4: 345 77 23 14 4 1 
Random14730-84: 323 74 24 9 4 1 
Child14732-38: 345 80 23 10 4 1 
Child14733-2: 345 77 23 10 4 1 
Child14745-2: 341 70 19 10 4 1 
Child14747-17: 430 94 28 13 4 1 
Child14763-1: 382 79 24 9 4 1 
Child14808-2: 419 90 23 10 4 1 
Child14833-24: 197 70 23 10 4 1 
Child14840-2: 441 191 48 23 10 4 1 
Child14858-1: 193 61 19 10 4 1 
Child14889-12: 327 75 32 13 4 1 
Child14897-22: 328 73 27 10 4 1 
Random14899-74: 347 80 29 10 4 1 
Child14907-28: 312 71 24 9 4 1 
Child14913-3: 229 72 23 14 4 1 
Child14954-2: 494 140 57 23 10 4 1 
Child14956-1: 265 67 21 10 4 1 
Child14971-1: 345 77 24 9 4 1 
Child15011-17: 152 63 19 10 4 1 
Child15030-2: 213 52 20 9 4 1 
Child15047-13: 201 57 23 10 4 1 
Child15071-2: 209 51 19 10 4 1 
Child15086-1: 356 82 24 9 4 1 
Child15089-2: 464 163 55 24 9 4 1 
Random15109-52: 366 83 27 10 4 1 
Child15143-14: 400 115 29 9 4 1 
Child15175-22: 142 48 19 13 4 1 
Child15238-10: 153 52 19 10 4 1 
Child15250-2: 303 84 23 10 4 1 
Child15264-2: 214 66 21 10 4 1 
Random15275-75: 411 96 29 14 4 1 
Child15335-1: 204 50 19 10 4 1 
Child15407-28: 309 68 23 10 4 1 
Child15433-2: 335 69 28 11 4 1 
Child15491-13: 399 94 31 14 4 1 
Child15509-2: 217 50 19 10 4 1 
Child15532-1: 369 86 24 11 4 1 
Child15538-2: 404 156 50 19 10 4 1 
Child15543-4: 321 76 25 14 4 1 
Child15544-5: 335 71 23 13 4 1 
Child15585-2: 139 53 17 10 4 1 
Child15598-30: 185 58 24 9 4 1 
Child15600-4: 193 76 24 9 4 1 
Child15624-2: 185 52 17 10 4 1 
Child15730-2: 445 193 54 19 10 4 1 
Random15741-88: 379 113 32 13 4 1 
Child15764-19: 363 87 35 11 4 1 
Random15856-100: 366 96 27 10 4 1 
Child15863-1: 439 91 29 10 4 1 
Child15864-3: 177 52 19 10 4 1 
Child15886-12: 311 80 23 10 4 1 
Random15890-92: 148 53 17 10 4 1 
Child15935-6: 199 54 20 9 4 1 
Child15945-48: 205 51 23 10 4 1 
Child15987-1: 336 81 28 13 4 1 
Child16024-5: 464 190 45 21 10 4 1 
Child16029-3: 445 129 49 17 10 4 1 
Child16069-2: 495 207 55 24 9 4 1 
Random16084-56: 480 200 70 19 10 4 1 
Child16126-1: 187 51 19 10 4 1 
Child16178-20: 342 76 25 14 4 1 
Child16207-2: 341 73 25 14 4 1 
Child16271-26: 375 88 24 11 4 1 
Child16341-2: 158 65 24 9 4 1 
Child16401-2: 201 64 24 9 4 1 
Child16407-15: 374 80 23 10 4 1 
Child16414-3: 329 70 19 10 4 1 
Child16446-2: 211 63 19 10 4 1 
Random16485-100: 234 65 27 10 4 1 
Child16506-9: 315 70 23 10 4 1 
Child16514-7: 244 71 24 9 4 1 
Child16555-1: 202 53 19 13 4 1 
Child16604-10: 456 179 67 23 10 4 1 
Child16646-2: 197 59 17 10 4 1 
Child16714-47: 314 76 23 14 4 1 
Random16715-68: 392 83 27 10 4 1 
Child16718-1: 196 63 25 14 4 1 
Child16728-3: 340 75 23 14 4 1 
Child16734-9: 401 81 29 14 4 1 
Random16828-82: 375 96 27 10 4 1 
Child16869-2: 307 77 28 13 4 1 
Child16883-26: 195 54 23 10 4 1 
Random16900-88: 303 76 27 14 4 1 
Random16904-87: 304 66 27 10 4 1 
Child16961-10: 381 81 28 13 4 1 
Child16971-3: 185 62 27 10 4 1 
Child16988-10: 317 76 25 14 4 1 
Child16996-25: 179 54 19 10 4 1 
Child17025-1: 479 208 72 29 9 4 1 
Child17049-46: 218 60 23 10 4 1 
Child17050-2: 493 138 55 23 10 4 1 
Child17056-1: 143 57 20 9 4 1 
Child17075-2: 199 54 23 10 4 1 
Child17112-4: 159 63 19 10 4 1 
Child17113-11: 326 71 23 10 4 1 
Child17136-4: 357 78 21 10 4 1 
Child17137-2: 224 61 19 10 4 1 
Child17138-2: 470 133 45 19 10 4 1 
Child17143-6: 205 63 19 10 4 1 
Child17159-1: 293 72 25 9 4 1 
Child17309-1: 323 94 23 10 4 1 
Child17347-3: 337 75 23 14 4 1 
Child17362-14: 323 77 28 11 4 1 
Child17425-1: 194 51 19 10 4 1 
Child17431-2: 333 67 21 10 4 1 
Child17435-15: 184 48 23 10 4 1 
Child17441-1: 487 183 57 20 9 4 1 
Child17447-1: 227 62 25 14 4 1 
Child17476-22: 163 49 21 10 4 1 
Child17500-1: 207 47 23 10 4 1 
Child17549-2: 426 164 55 23 10 4 1 
Child17558-41: 198 59 24 9 4 1 
Child17596-3: 360 87 25 14 4 1 
Child17621-14: 328 80 23 14 4 1 
Child17633-1: 296 81 23 14 4 1 
Child17645-4: 296 81 23 10 4 1 
Child17655-2: 145 46 21 10 4 1 
Child17711-20: 357 81 25 9 4 1 
Random17717-66: 190 74 23 10 4 1 
Child17743-25: 287 61 19 10 4 1 
Child17779-8: 340 77 25 14 4 1 
Child17794-21: 391 107 31 10 4 1 
Child17820-18: 329 87 28 13 4 1 
Child17829-14: 383 86 32 13 4 1 
Child17840-16: 354 78 27 14 4 1 
Child17865-1: 205 67 23 10 4 1 
Child17873-4: 205 60 23 10 4 1 
Child17883-17: 210 63 19 10 4 1 
Child17888-3: 375 84 25 14 4 1 
Child17919-1: 315 70 19 10 4 1 
Child17926-11: 364 79 29 9 4 1 
Child17929-11: 314 77 24 9 4 1 
Random17930-56: 217 60 21 10 4 1 
Child17950-21: 325 68 24 9 4 1 
Random17952-96: 425 94 31 14 4 1 
Child18038-2: 182 55 20 9 4 1 
Child18150-6: 394 88 25 14 4 1 
Child18224-34: 380 79 28 13 4 1 
Child18245-18: 455 168 58 23 10 3 1 
Child18285-28: 379 79 28 13 4 1 
Child18308-3: 186 50 21 10 4 1 
Random18334-51: 294 62 29 10 4 1 
Child18336-18: 201 58 24 9 4 1 
Random18346-68: 466 256 55 24 9 4 1 
Child18350-3: 159 68 20 9 4 1 
Child18372-1: 207 63 19 10 4 1 
Child18467-2: 173 48 21 10 4 1 
Child18472-2: 212 63 27 10 4 1 
Random18509-77: 340 77 24 9 4 1 
Child18525-17: 322 70 29 9 4 1 
Random18530-97: 297 73 27 10 4 1 
Child18584-4: 319 84 23 10 4 1 
Child18588-8: 215 57 20 9 4 1 
Child18607-4: 211 60 19 10 4 1 
Child18689-1: 309 63 27 10 4 1 
Child18719-2: 188 84 23 10 4 1 
Child18720-2: 202 54 19 10 4 1 
Child18742-2: 470 149 61 24 9 4 1 
Child18768-2: 301 61 23 10 4 1 
Child18774-2: 172 56 21 10 4 1 
Child18778-21: 282 81 23 10 4 1 
Child18780-1: 230 59 21 10 4 1 
Child18807-1: 194 49 21 10 4 1 
Child18817-32: 330 71 28 11 4 1 
Child18836-7: 232 74 24 9 4 1 
Random18851-99: 297 83 27 10 4 1 
Child18880-38: 195 59 27 10 4 1 
Child18885-1: 436 157 42 17 10 4 1 
Child18927-8: 298 65 25 14 4 1 
Child19023-4: 449 105 31 14 4 1 
Random19051-86: 139 52 19 10 4 1 
Child19069-2: 382 93 29 9 4 1 
Child19070-1: 382 93 29 10 4 1 
Child19083-10: 346 77 28 11 4 1 
Child19085-17: 396 83 24 9 4 1 
Child19091-15: 387 90 29 10 4 1 
Child19096-1: 410 141 60 23 10 4 1 
Random19102-82: 439 162 52 17 10 4 1 
Child19151-2: 189 58 23 10 4 1 
Child19169-43: 463 179 50 24 9 4 1 
Child19191-16: 349 85 25 14 4 1 
Random19193-96: 200 53 17 10 4 1 
Child19198-2: 400 89 27 10 4 1 
Child19214-46: 151 67 23 10 4 1 
Child19216-1: 196 54 23 10 4 1 
Child19268-1: 422 150 59 24 9 4 1 
Child19283-8: 135 50 19 10 4 1 
Child19306-6: 303 71 28 9 4 1 
Child19322-9: 281 60 23 10 4 1 
Child19323-2: 215 50 19 10 4 1 
Child19358-2: 375 86 24 9 4 1 
Child19360-1: 186 50 24 9 4 1 
Child19400-1: 203 55 20 9 4 1 
Child19464-2: 386 88 28 11 4 1 
Random19471-71: 324 92 32 13 4 1 
Child19477-12: 314 80 28 11 4 1 
Child19501-36: 450 192 44 23 10 4 1 
Child19510-31: 479 163 49 21 10 4 1 
Child19511-2: 365 104 39 21 10 4 1 
Random19538-99: 406 90 25 14 4 1 
Child19539-11: 351 87 32 13 4 1 
Child19543-1: 337 96 27 10 4 1 
Child19602-2: 426 200 55 24 9 4 1 
Random19608-69: 408 93 33 14 4 1 
Random19618-99: 221 59 21 10 4 1 
Child19626-3: 179 48 23 10 4 1 
Child19692-2: 385 86 27 10 4 1 
Child19693-2: 444 279 62 27 10 4 1 
Child19708-1: 474 309 81 31 14 4 1 
Random19715-67: 314 75 27 10 4 1 
Child19717-15: 402 94 31 14 4 1 
Child19817-15: 180 53 24 9 4 1 
Child19819-50: 196 58 24 9 4 1 
Random19822-70: 322 69 28 11 4 1 
Child19869-23: 369 77 28 10 3 1 
Child19871-15: 383 84 23 10 4 1 
Child19879-1: 380 87 23 10 4 1 
Child19881-2: 229 67 21 10 4 1 
Child19938-32: 216 66 20 9 4 1 
Random19970-58: 170 53 24 9 4 1 
Child19971-6: 363 84 23 13 4 1 
Child19976-2: 164 67 21 10 4 1 
Child19977-2: 318 80 21 10 4 1 
Child19988-34: 339 71 19 10 4 1 
Child20020-13: 327 71 25 14 4 1 
Child20032-13: 336 72 28 13 4 1 
Child20036-4: 376 85 24 9 4 1 
Child20039-2: 215 54 19 10 4 1 
Child20041-2: 310 75 23 14 4 1 
Child20055-2: 206 48 23 10 4 1 
Child20085-19: 164 62 19 10 4 1 
Child20086-2: 184 53 19 10 4 1 
Random20092-78: 337 75 29 10 4 1 
Child20124-2: 323 73 25 14 4 1 
Child20141-2: 176 51 19 10 4 1 
Child20152-1: 136 59 21 10 4 1 
Child20168-33: 377 93 29 14 4 1 
Child20180-10: 285 68 24 9 4 1 
Child20183-12: 454 192 57 23 10 4 1 
Child20269-27: 181 55 23 10 4 1 
Child20277-4: 360 93 23 13 4 1 
Random20281-55: 332 67 23 10 4 1 
Child20298-2: 184 60 19 10 4 1 
Child20329-30: 381 77 23 13 4 1 
Child20358-15: 232 67 24 9 4 1 
Random20370-57: 344 93 23 10 4 1 
Child20389-2: 183 58 23 10 4 1 
Child20413-16: 429 122 43 19 10 4 1 
Child20490-37: 313 66 28 13 4 1 
Random20513-82: 438 103 27 10 4 1 
Random20521-96: 325 68 23 14 4 1 
Child20524-2: 213 63 23 14 4 1 
Child20565-14: 395 82 27 10 4 1 
Random20588-65: 301 79 28 13 4 1 
Child20592-3: 217 57 20 9 4 1 
Random20606-56: 372 88 24 9 4 1 
Child20610-4: 440 166 53 19 10 4 1 
Random20671-85: 212 62 28 9 4 1 
Child20704-12: 351 79 25 9 4 1 
Child20715-2: 292 64 29 9 4 1 
Child20717-35: 307 64 29 9 4 1 
Random20724-74: 313 86 24 9 4 1 
Child20754-5: 193 61 24 9 4 1 
Child20761-22: 353 78 29 14 4 1 
Child20777-2: 346 71 27 14 4 1 
Child20778-2: 322 71 23 14 4 1 
Child20781-2: 322 71 23 10 4 1 
Child20799-40: 311 76 25 14 4 1 
Child20806-2: 153 48 23 10 4 1 
Child20809-2: 322 71 23 13 4 1 
Child20812-6: 333 76 31 10 4 1 
Child20825-2: 147 53 19 10 4 1 
Child20843-4: 285 62 24 9 4 1 
Child20892-2: 145 54 23 10 4 1 
Child20902-1: 470 144 60 19 10 4 1 
Random20905-98: 340 70 29 9 4 1 
Random20928-88: 173 68 24 9 4 1 
Child20964-1: 178 55 20 9 4 1 
Child20971-7: 306 71 23 13 4 1 
Child20995-4: 380 82 24 11 4 1 
Child21007-22: 402 89 28 13 4 1 
Child21009-1: 205 71 23 13 4 1 
Child21012-2: 205 71 23 10 4 1 
Child21032-29: 348 93 29 9 4 1 
Child21038-7: 338 75 24 11 4 1 
Child21041-32: 379 85 27 14 4 1 
Child21044-2: 379 85 27 13 4 1 
Child21053-1: 225 71 24 9 4 1 
Child21089-14: 434 90 31 10 4 1 
Child21116-1: 381 81 25 9 4 1 
Child21164-2: 327 79 25 14 4 1 
Random21206-78: 361 91 28 11 4 1 
Child21218-1: 356 85 25 14 4 1 
Child21228-2: 297 80 24 9 4 1 
Random21230-79: 320 77 23 14 4 1 
Random21250-51: 384 86 28 11 4 1 
Child21263-35: 336 80 23 10 4 1 
Child21276-2: 377 84 23 10 4 1 
Child21304-1: 206 60 19 10 4 1 
Child21308-4: 446 126 49 17 10 4 1 
Child21309-4: 137 49 17 10 4 1 
Child21379-4: 211 55 21 10 4 1 
Child21382-39: 404 91 31 14 4 1 
Child21428-2: 210 58 23 10 4 1 
Child21471-3: 227 71 23 10 4 1 
Child21473-5: 201 62 19 10 4 1 
Child21541-1: 164 51 19 10 4 1 
Child21573-6: 144 42 23 10 4 1 
Child21578-2: 235 68 23 10 4 1 
Child21580-2: 211 67 23 10 4 1 
Child21585-2: 195 57 21 10 4 1 
Child21587-1: 211 57 21 10 4 1 
Child21676-2: 308 69 21 10 4 1 
Child21723-1: 173 50 19 10 4 1 
Child21735-20: 368 90 29 9 4 1 
Child21752-37: 368 90 29 14 4 1 
Child21753-2: 403 87 25 14 4 1 
Child21775-11: 153 50 24 9 4 1 
Child21864-12: 206 65 25 9 4 1 
Child21866-2: 201 51 19 10 4 1 
Child21881-22: 346 76 28 13 4 1 
Child21888-2: 346 80 23 10 4 1 
Random21911-86: 478 211 61 19 10 4 1 
Child21971-14: 195 70 23 10 4 1 
Child21995-2: 199 72 19 10 4 1 
Child22062-1: 472 129 49 24 9 4 1 
Child22179-2: 413 89 27 14 4 1 
Child22197-1: 465 319 72 23 14 4 1 
Child22219-1: 342 71 23 10 4 1 
Child22223-2: 157 57 21 10 4 1 
Random22285-96: 447 192 61 23 10 4 1 
Child22296-36: 141 41 19 10 4 1 
Child22304-6: 187 49 17 10 4 1 
Child22337-11: 354 90 23 10 4 1 
Child22342-13: 315 67 23 10 4 1 
Child22345-26: 308 76 21 10 4 1 
Child22447-14: 373 83 33 14 4 1 
Child22471-2: 166 49 21 10 4 1 
Child22473-7: 289 59 21 10 4 1 
Child22509-4: 313 74 23 10 4 1 
Child22513-4: 413 136 43 19 10 4 1 
Child22524-25: 320 70 19 10 4 1 
Child22525-3: 333 71 23 10 4 1 
Child22535-1: 333 71 23 13 4 1 
Child22550-2: 379 78 23 10 4 1 
Random22563-76: 380 80 23 13 4 1 
Random22571-83: 277 59 24 9 4 1 
Child22598-18: 140 43 17 10 4 1 
Child22604-42: 218 59 24 9 4 1 
Child22620-20: 213 51 23 10 4 1 
Child22648-2: 339 74 23 10 4 1 
Child22692-37: 368 88 32 13 4 1 
Child22767-8: 382 77 25 14 4 1 
Child22775-14: 394 83 23 10 4 1 
Child22822-6: 319 74 24 9 4 1 
Random22824-76: 372 83 23 13 4 1 
Random22858-85: 329 71 23 10 4 1 
Child22860-11: 317 71 23 10 4 1 
Child22883-37: 149 59 21 10 4 1 
Child22888-1: 226 61 19 10 4 1 
Child22913-2: 186 54 19 10 4 1 
Child22923-2: 448 121 43 24 9 4 1 
Child22934-22: 358 86 27 10 4 1 
Child22939-6: 358 86 27 14 4 1 
Child22949-3: 207 61 23 10 4 1 
Child22963-4: 467 196 59 21 10 4 1 
Child22964-2: 187 54 19 10 4 1 
Child22983-2: 179 46 20 9 4 1 
Child23041-25: 394 79 28 13 4 1 
Child23069-12: 460 187 63 23 10 4 1 
Child23142-27: 227 51 19 10 4 1 
Child23145-10: 457 141 43 17 10 4 1 
Child23157-2: 205 77 21 10 4 1 
Child23187-2: 421 93 27 10 4 1 
Child23221-2: 331 70 23 10 4 1 
Child23233-1: 179 56 21 10 4 1 
Child23241-2: 203 53 19 10 4 1 
Child23254-6: 375 79 21 10 4 1 
Child23277-2: 157 61 19 10 4 1 
Child23292-44: 367 85 32 13 4 1 
Child23299-3: 183 52 17 10 4 1 
Child23314-36: 286 70 21 10 4 1 
Child23317-26: 215 62 24 11 4 1 
Child23334-1: 373 79 24 9 4 1 
Child23368-2: 291 81 23 10 4 1 
Child23369-2: 383 80 23 10 4 1 
Child23378-29: 383 80 23 13 4 1 
Child23442-24: 197 56 24 9 4 1 
Child23466-4: 415 101 32 13 4 1 
Child23504-1: 363 81 23 13 4 1 
Child23531-19: 447 299 77 25 14 4 1 
Child23560-8: 408 124 37 20 9 4 1 
Child23590-3: 378 79 25 14 4 1 
Child23621-22: 330 72 19 10 4 1 
Random23638-74: 288 71 23 10 4 1 
Child23653-1: 203 64 19 10 4 1 
Child23697-2: 160 54 19 10 4 1 
Child23709-2: 458 313 66 28 13 4 1 
Child23713-14: 330 82 33 9 4 1 
Child23715-1: 149 51 19 10 4 1 
Child23845-1: 359 76 25 9 4 1 
Child23862-44: 397 81 29 14 4 1 
Random23980-65: 215 60 23 10 4 1 
Child24015-10: 370 79 32 13 4 1 
Child24029-3: 309 72 23 14 4 1 
Random24069-55: 393 90 27 14 4 1 
Child24099-23: 350 90 29 10 4 1 
Child24145-1: 401 89 27 13 4 1 
Child24189-1: 376 77 23 14 4 1 
Child24215-21: 315 73 29 9 4 1 
Child24231-2: 314 70 19 10 4 1 
Random24257-88: 234 63 20 9 4 1 
Child24356-20: 213 62 19 10 4 1 
Child24366-2: 150 54 19 10 4 1 
Child24469-30: 369 79 33 14 4 1 
Child24491-4: 453 99 27 10 4 1 
Child24524-21: 236 63 23 14 4 1 
Child24529-8: 175 62 19 10 4 1 
Child24555-2: 339 70 29 9 4 1 
Child24576-4: 447 131 53 17 10 4 1 
Random24609-98: 177 61 24 9 4 1 
Child24620-17: 407 88 31 14 4 1 
Child24623-1: 400 90 23 10 4 1 
Child24658-2: 147 60 19 10 4 1 
Child24691-9: 356 95 29 9 4 1 
Child24751-2: 396 80 23 14 4 1 
Child24759-12: 396 80 23 10 4 1 
Child24771-1: 346 71 29 10 4 1 
Child24775-11: 322 75 31 10 4 1 
Child24804-41: 344 76 28 13 4 1 
Child24823-14: 396 160 43 19 10 4 1 
Child24824-2: 181 55 19 10 4 1 
Child24853-2: 204 59 17 10 4 1 
Child24865-1: 144 49 21 10 4 1 
Child24867-11: 413 88 32 13 4 1 
Child24909-2: 137 60 21 10 4 1 
Child24911-27: 165 62 19 10 4 1 
Child24919-13: 396 90 25 9 4 1 
Child24947-2: 469 137 44 24 9 4 1 
Random24949-62: 317 82 29 14 4 1 
Child24976-1: 206 58 23 10 4 1 
Child25028-49: 369 77 28 13 4 1 
Child25084-2: 174 70 19 10 4 1 
Child25110-2: 150 54 23 10 4 1 
Child25123-5: 383 79 27 10 4 1 
Child25174-7: 359 79 29 9 4 1 
Child25227-3: 331 69 25 9 4 1 
Child25254-2: 469 129 46 21 10 4 1 
Child25294-26: 156 64 24 9 4 1 
Child25303-1: 215 54 23 10 4 1 
Child25356-11: 272 63 23 14 4 1 
Child25393-2: 432 146 43 19 10 4 1 
Child25396-1: 208 54 19 10 4 1 
Child25403-1: 225 55 24 9 4 1 
Child25405-27: 471 155 52 24 9 4 1 
Child25462-1: 440 130 46 17 10 4 1 
Child25547-11: 293 59 21 10 4 1 
Child25569-23: 349 81 32 13 4 1 
Child25639-1: 441 178 50 21 10 4 1 
Child25661-15: 325 71 27 14 4 1 
Child25672-1: 150 52 19 10 4 1 
Child25695-7: 299 67 23 10 4 1 
Random25725-77: 326 70 17 10 4 1 
Random25743-55: 371 145 46 20 9 4 1 
Child25773-2: 381 80 23 10 4 1 
Child25841-9: 480 184 49 17 10 4 1 
Random25859-62: 208 70 21 10 4 1 
Random25866-63: 218 60 21 10 4 1 
Child25906-2: 317 68 24 9 4 1 
Child25911-2: 440 183 67 24 9 4 1 
Child25919-3: 149 52 24 9 4 1 
Random25933-61: 387 79 28 13 4 1 
Child25984-21: 317 65 21 10 4 1 
Child25986-15: 218 68 29 9 4 1 
Child25989-1: 339 71 24 9 4 1 
Child26014-1: 198 55 19 10 4 1 
Child26021-2: 198 55 19 13 4 1 
Child26050-13: 145 42 17 10 4 1 
Child26094-2: 209 54 19 10 4 1 
Child26105-10: 390 81 23 13 4 1 
Child26120-9: 315 71 23 10 4 1 
Child26121-2: 390 81 23 10 4 1 
Random26122-52: 361 88 31 14 4 1 
Child26200-24: 349 77 24 11 4 1 
Random26239-83: 172 70 29 9 4 1 
Child26247-23: 373 86 24 9 4 1 
Child26293-2: 300 70 21 10 4 1 
Child26308-1: 333 67 23 10 4 1 
Child26359-2: 204 71 24 9 4 1 
Random26429-94: 369 83 24 9 4 1 
Child26438-4: 439 115 28 13 4 1 
Child26440-1: 224 67 24 9 4 1 
Child26447-15: 195 74 29 10 4 1 
Child26480-11: 200 57 20 9 4 1 
Child26494-12: 358 88 31 11 4 1 
Child26512-2: 358 87 25 14 4 1 
Child26530-6: 422 103 50 19 10 4 1 
Child26551-1: 220 56 24 11 4 1 
Child26566-7: 151 59 21 10 4 1 
Child26611-4: 184 56 21 10 4 1 
Child26622-46: 446 178 77 23 10 4 1 
Random26632-89: 296 61 19 10 4 1 
Child26633-29: 207 67 21 10 4 1 
Child26635-3: 479 184 60 19 10 4 1 
Random26654-56: 286 59 21 10 4 1 
Child26678-2: 462 221 65 21 10 4 1 
Child26693-15: 299 71 27 14 4 1 
Child26699-1: 372 97 29 14 4 1 
Child26703-7: 379 79 32 13 4 1 
Child26739-33: 183 70 19 10 4 1 
Random26750-94: 194 80 24 11 4 1 
Child26817-1: 449 143 43 20 9 4 1 
Random26840-88: 375 76 33 9 4 1 
Child26882-21: 367 81 23 10 4 1 
Child26883-1: 367 81 23 14 4 1 
Child26949-1: 469 274 74 23 10 4 1 
Child26955-1: 339 72 19 10 4 1 
Random26996-61: 234 56 21 10 4 1 
Child27032-1: 217 59 24 9 4 1 
Child27059-1: 136 55 19 10 4 1 
Random27171-60: 331 67 23 10 4 1 
Child27187-6: 372 76 33 9 4 1 
Random27209-97: 152 69 21 10 4 1 
Child27300-28: 142 43 19 10 4 1 
Child27329-3: 209 53 24 9 4 1 
Child27356-2: 200 55 19 10 4 1 
Child27415-20: 331 94 32 13 4 1 
Child27430-3: 334 75 32 13 4 1 
Child27437-1: 345 74 23 10 4 1 
Child27444-14: 355 75 28 13 4 1 
Child27463-27: 152 52 17 10 4 1 
Random27481-97: 200 61 29 10 4 1 
Child27495-5: 379 81 32 13 4 1 
Child27524-5: 206 77 23 10 4 1 
Child27536-16: 225 71 23 13 4 1 
Child27547-6: 323 78 23 10 4 1 
Child27553-6: 351 77 28 9 4 1 
Random27559-62: 199 77 21 10 4 1 
Child27588-1: 352 80 21 10 4 1 
Child27637-10: 361 83 24 9 4 1 
Child27651-3: 308 75 29 9 4 1 
Child27677-44: 228 66 21 10 4 1 
Child27713-12: 341 71 24 9 4 1 
Child27714-2: 458 161 55 24 9 4 1 
Child27794-1: 148 47 23 10 4 1 
Child27808-1: 182 71 23 10 4 1 
Child27812-49: 493 202 54 23 10 4 1 
Child27836-2: 382 80 23 10 4 1 
Child27859-5: 403 81 23 10 4 1 
Random27862-81: 445 90 28 13 4 1 
Child27867-2: 344 81 23 10 4 1 
Child27879-2: 402 181 71 23 10 4 1 
Child27946-17: 383 78 27 14 4 1 
Child27996-1: 141 53 19 13 4 1 
Random28133-66: 380 84 27 14 4 1 
Child28141-33: 452 207 55 27 10 4 1 
Child28150-2: 210 54 19 10 4 1 
Child28157-14: 218 70 24 9 4 1 
Child28204-50: 228 61 19 10 4 1 
Child28227-2: 333 73 25 14 4 1 
Child28242-2: 149 44 19 10 4 1 
Child28255-2: 212 61 19 10 4 1 
Child28260-1: 489 145 43 20 9 4 1 
Random28309-66: 144 60 19 10 4 1 
Child28375-27: 187 59 21 10 4 1 
Child28394-15: 386 79 25 14 4 1 
Child28398-35: 208 62 27 10 4 1 
Random28405-64: 336 99 27 14 4 1 
Child28421-14: 336 99 27 10 4 1 
Child28449-14: 377 86 23 14 4 1 
Random28456-77: 360 75 28 11 4 1 
Child28463-1: 307 66 21 10 4 1 
Child28539-3: 333 73 27 10 4 1 
Child28548-1: 199 60 25 14 4 1 
Child28565-17: 312 81 32 13 4 1 
Child28578-1: 368 83 27 10 4 1 
Child28597-2: 299 70 23 13 4 1 
Random28608-80: 335 86 27 10 4 1 
Child28643-47: 461 204 61 23 10 4 1 
Child28663-7: 182 55 23 10 4 1 
Child28702-2: 177 54 19 10 4 1 
Child28724-17: 398 87 32 13 4 1 
Random28740-82: 449 161 55 24 9 4 1 
Child28746-21: 294 80 23 10 4 1 
Random28764-81: 213 49 21 10 4 1 
Child28816-6: 438 153 53 24 11 4 1 
Child28866-17: 353 82 32 13 4 1 
Child28885-26: 229 65 25 9 4 1 
Child28888-4: 204 60 19 10 4 1 
Child28904-15: 372 89 27 14 4 1 
Child28957-35: 399 88 29 9 4 1 
Child28991-2: 182 71 19 10 4 1 
Child29037-5: 403 168 49 24 9 4 1 
Child29063-2: 369 89 27 10 4 1 
Child29109-22: 223 61 19 10 4 1 
Child29123-27: 195 59 19 13 4 1 
Child29132-13: 339 70 24 9 4 1 
Child29149-14: 304 72 23 14 4 1 
Child29216-30: 343 72 23 14 4 1 
Child29239-3: 214 49 21 10 4 1 
Child29269-2: 177 61 19 10 4 1 
Child29275-1: 314 77 23 10 4 1 
Child29301-14: 151 47 24 9 4 1 
Random29358-69: 211 58 23 10 4 1 
Child29380-12: 398 80 23 10 4 1 
Random29414-70: 188 77 23 10 4 1 
Child29447-2: 138 53 19 10 4 1 
Child29448-3: 433 106 49 21 10 4 1 
Child29466-12: 461 196 54 23 10 4 1 
Child29502-30: 344 71 29 10 4 1 
Child29519-2: 448 141 50 19 10 4 1 
Child29562-1: 373 82 29 9 4 1 
Child29566-5: 373 82 29 14 4 1 
Child29569-1: 389 85 25 14 4 1 
Child29594-9: 333 87 25 14 4 1 
Child29606-42: 375 81 23 13 4 1 
Child29607-1: 375 81 23 10 4 1 
Child29612-1: 375 81 23 14 4 1 
Child29618-2: 198 64 23 10 4 1 
Random29631-59: 314 69 27 10 4 1 
Child29668-1: 462 184 56 17 10 4 1 
Child29672-2: 462 184 56 25 9 4 1 
Child29691-2: 328 70 29 9 4 1 
Random29694-56: 407 87 32 13 4 1 
Child29767-1: 204 53 17 10 4 1 
Child29774-2: 192 67 23 10 4 1 
Child29782-2: 204 71 23 10 4 1 
Child29815-1: 204 53 19 10 4 1 
Child29832-13: 196 57 23 10 4 1 
Child29856-18: 372 86 27 10 4 1 
Child29862-2: 305 67 24 9 4 1 
Child29897-38: 367 89 24 9 4 1 
Child29908-6: 360 79 25 14 4 1 
Child29923-2: 188 63 23 14 4 1 
Child29945-9: 353 77 29 14 4 1 
Child29967-44: 213 64 29 10 4 1 
Child29994-8: 459 171 61 19 10 4 1 
Child30003-4: 350 71 24 9 4 1 
Child30004-3: 335 79 27 10 4 1 
Child30015-2: 295 80 19 10 4 1 
Child30062-19: 159 62 19 10 4 1 
Child30067-27: 331 78 23 10 4 1 
Child30080-2: 349 89 27 14 4 1 
Child30104-5: 194 72 19 10 4 1 
Child30136-19: 188 52 19 10 4 1 
Random30174-78: 361 74 29 10 4 1 
Child30215-2: 313 70 21 10 4 1 
Child30257-1: 437 170 55 19 10 4 1 
Child30291-17: 379 89 28 13 4 1 
Child30322-16: 163 59 21 10 4 1 
Child30324-14: 184 44 19 10 4 1 
Child30357-2: 303 70 25 14 4 1 
Child30365-2: 337 69 25 9 4 1 
Child30387-2: 228 72 19 10 4 1 
Child30406-37: 283 78 23 10 4 1 
Child30408-2: 203 57 23 13 4 1 
Child30451-3: 329 88 25 14 4 1 
Child30495-39: 288 81 29 10 4 1 
Child30509-1: 193 55 19 13 4 1 
Child30519-2: 373 89 33 9 4 1 
Child30533-13: 224 61 24 9 4 1 
Random30576-91: 495 332 90 25 14 4 1 
Random30578-74: 394 84 23 10 4 1 
Child30613-20: 394 89 27 10 4 1 
Child30616-3: 153 44 19 10 4 1 
Child30677-35: 308 67 23 10 4 1 
Child30691-3: 325 78 24 11 4 1 
Child30694-16: 368 88 28 11 4 1 
Random30713-91: 328 79 31 11 4 1 
Child30740-15: 332 75 29 9 4 1 
Child30784-1: 154 61 23 10 4 1 
Random30809-99: 356 84 29 10 4 1 
Child30857-19: 420 97 33 14 4 1 
Child30915-1: 167 57 23 10 4 1 
Child30933-2: 322 76 24 9 4 1 
Random30962-96: 303 71 24 11 4 1 
Child30999-18: 436 134 53 24 9 4 1 
Random31091-73: 207 46 20 9 4 1 
Child31125-16: 296 62 27 10 4 1 
Child31223-2: 207 55 19 10 4 1 
Child31228-4: 457 107 43 19 10 4 1 
Child31270-2: 319 67 21 10 4 1 
Child31277-1: 491 226 55 24 9 4 1 
Random31311-58: 177 55 20 9 4 1 
Child31333-14: 377 91 28 11 4 1 
Child31356-13: 328 69 24 11 4 1 
Random31364-56: 202 82 27 10 4 1 
Child31371-6: 431 155 53 17 10 4 1 
Child31382-16: 364 77 27 14 4 1 
Random31386-77: 328 100 27 14 4 1 
Child31391-2: 455 214 57 23 10 4 1 
Child31421-1: 333 93 23 10 4 1 
Child31428-48: 370 84 29 10 4 1 
Child31434-1: 229 62 24 11 4 1 
Child31444-31: 374 104 25 14 4 1 
Child31552-3: 171 67 21 10 4 1 
Random31590-61: 415 96 27 10 4 1 
Child31599-20: 153 63 19 10 4 1 
Random31607-94: 402 90 28 9 4 1 
Random31624-78: 307 68 23 10 4 1 
Child31627-13: 352 93 29 10 4 1 
Child31630-1: 352 93 29 9 4 1 
Child31633-45: 204 58 23 10 4 1 
Child31662-1: 344 83 23 10 4 1 
Child31663-2: 470 167 57 23 10 4 1 
Child31676-2: 361 79 19 10 4 1 
Child31696-2: 206 63 19 10 4 1 
Child31781-17: 195 55 21 10 4 1 
Random31802-66: 397 84 29 9 4 1 
Child31823-8: 142 51 19 10 4 1 
Child31861-33: 332 77 25 14 4 1 
Child31902-8: 350 79 29 9 4 1 
Random31918-67: 346 81 29 10 4 1 
Child31933-1: 349 73 24 9 4 1 
Child31956-16: 408 83 27 10 4 1 
Child31958-2: 364 84 23 10 4 1 
Child32028-8: 346 87 32 13 4 1 
Child32030-33: 213 59 24 9 4 1 
Child32087-14: 354 81 29 10 4 1 
Child32090-2: 210 55 23 10 4 1 
Child32101-9: 333 72 23 14 4 1 
Random32120-51: 214 62 24 9 4 1 
Random32206-54: 209 60 19 10 4 1 
Child32207-4: 206 52 19 10 4 1 
Random32222-79: 178 73 24 9 4 1 
Child32237-25: 198 70 23 13 4 1 
Child32253-22: 150 64 23 10 4 1 
Child32271-29: 226 64 23 10 4 1 
Child32281-12: 353 79 24 9 4 1 
Child32300-1: 135 55 19 10 4 1 
Child32303-27: 376 83 27 10 4 1 
Child32360-4: 363 91 29 10 4 1 
Child32397-1: 145 54 19 10 4 1 
Child32466-40: 391 112 47 21 10 4 1 
Child32505-6: 211 50 19 10 4 1 
Child32527-1: 141 54 19 10 4 1 
Random32538-65: 364 83 29 14 4 1 
Child32587-7: 460 109 31 14 4 1 
Child32615-11: 374 84 29 9 4 1 
Child32785-2: 456 261 71 29 10 4 1 
Child32796-43: 220 63 27 10 4 1 
Child32834-6: 381 87 32 13 4 1 
Random32836-68: 365 90 27 14 4 1 
Child32849-44: 339 70 23 10 4 1 
Child32854-28: 315 81 23 13 4 1 
Child32924-34: 409 85 25 14 4 1 
Child32928-6: 164 61 23 10 4 1 
Child32939-1: 193 63 23 14 4 1 
Child32955-17: 374 103 29 10 4 1 
Child32975-50: 457 162 59 20 9 4 1 
Child33036-41: 200 69 21 10 4 1 
Child33061-33: 369 88 25 14 4 1 
Child33081-4: 146 50 17 10 4 1 
Child33095-27: 189 54 24 11 4 1 
Child33106-11: 292 67 23 10 4 1 
Child33115-1: 294 80 21 10 4 1 
Child33122-2: 172 63 19 10 4 1 
Child33128-5: 215 55 19 10 4 1 
Child33158-2: 439 171 52 19 10 4 1 
Random33197-67: 305 74 23 10 4 1 
Child33257-1: 311 77 24 9 4 1 
Child33274-49: 462 178 63 17 10 4 1 
Child33315-3: 410 94 32 13 4 1 
Random33332-59: 133 48 23 10 4 1 
Child33369-1: 201 58 23 10 4 1 
Child33374-1: 201 58 23 13 4 1 
Child33416-1: 440 124 45 21 10 4 1 
Child33468-9: 209 65 25 9 4 1 
Child33589-23: 162 64 24 9 4 1 
Child33624-1: 343 70 23 10 4 1 
Child33627-15: 394 81 29 14 4 1 
Child33636-3: 205 63 23 14 4 1 
Child33647-2: 326 74 23 10 4 1 
Child33664-4: 384 77 25 14 4 1 
Child33689-2: 219 54 23 10 4 1 
Child33690-2: 200 71 19 10 4 1 
Child33707-28: 350 80 23 10 4 1 
Child33724-9: 195 52 24 9 4 1 
Child33726-1: 366 90 29 14 4 1 
Child33728-2: 472 180 56 21 10 4 1 
Child33732-26: 147 66 21 10 4 1 
Child33733-2: 372 79 21 10 4 1 
Child33757-6: 155 47 24 9 4 1 
Child33787-1: 455 143 53 19 10 4 1 
Random33811-96: 342 79 31 10 4 1 
Child33838-1: 192 74 23 10 4 1 
Child33865-1: 204 69 28 11 4 1 
Child33910-2: 359 86 23 14 4 1 
Child33948-24: 434 93 28 11 4 1 
Child34001-2: 478 323 69 21 10 4 1 
Child34045-6: 493 134 53 24 9 4 1 
Random34064-70: 308 89 27 10 4 1 
Child34071-4: 327 69 28 9 4 1 
Child34089-2: 227 54 23 10 4 1 
Child34123-12: 450 153 54 23 10 4 1 
Child34173-13: 433 93 33 14 4 1 
Child34198-4: 388 81 23 10 4 1 
Child34199-2: 156 49 21 10 4 1 
Child34235-29: 180 62 24 9 4 1 
Child34253-1: 312 80 23 10 4 1 
Child34260-37: 329 79 27 10 4 1 
Child34290-11: 205 53 17 10 4 1 
Child34300-4: 380 90 25 14 4 1 
Child34305-1: 192 51 19 10 4 1 
Child34360-19: 348 70 23 10 4 1 
Child34395-1: 351 77 27 14 4 1 
Random34411-83: 479 164 67 21 10 4 1 
Child34451-1: 197 54 23 10 4 1 
Child34455-1: 197 54 23 14 4 1 
Random34482-92: 356 107 32 13 4 1 
Child34500-2: 314 77 23 14 4 1 
Child34518-1: 333 67 24 11 4 1 
Child34520-11: 207 44 23 10 4 1 
Child34536-32: 359 83 23 13 4 1 
Child34542-2: 218 61 19 10 4 1 
Child34567-2: 204 63 23 14 4 1 
Child34641-4: 317 70 21 10 4 1 
Child34657-9: 336 93 29 9 4 1 
Child34678-2: 192 53 17 10 4 1 
Child34714-1: 158 61 19 10 4 1 
Child34717-33: 195 61 23 10 4 1 
Child34734-2: 469 222 60 19 10 4 1 
Child34780-2: 391 91 29 10 4 1 
Child34788-4: 198 71 23 14 4 1 
Random34805-72: 157 46 20 11 4 1 
Child34829-20: 333 74 32 13 4 1 
Child34833-1: 146 53 19 10 4 1 
Child34863-31: 375 77 24 11 4 1 
Child34933-1: 220 68 23 10 4 1 
Child34953-12: 438 138 47 21 10 4 1 
Child34961-1: 161 63 19 10 4 1 
Child34987-9: 313 77 23 14 4 1 
Child34997-35: 189 46 20 9 4 1 
Child35001-1: 371 87 28 13 4 1 
Child35004-1: 313 77 23 10 4 1 
Random35019-61: 379 79 31 11 4 1 
Child35027-38: 371 80 23 10 4 1 
Child35053-19: 326 66 23 14 4 1 
Child35089-1: 182 54 19 10 4 1 
Child35111-19: 320 73 19 10 4 1 
Child35174-18: 377 90 23 10 4 1 
Child35177-22: 221 65 25 9 4 1 
Child35186-2: 207 68 21 10 4 1 
Child35263-9: 374 90 29 9 4 1 
Child35284-3: 290 79 24 9 4 1 
Child35288-21: 328 68 29 14 4 1 
Child35293-1: 355 80 24 9 4 1 
Child35313-2: 207 61 19 10 4 1 
Child35340-11: 466 148 51 19 10 4 1 
Child35362-2: 201 52 19 10 4 1 
Random35424-71: 393 82 28 11 4 1 
Child35433-8: 480 295 67 24 11 4 1 
Child35452-6: 331 71 23 13 4 1 
Child35463-1: 374 81 23 10 4 1 
Child35475-4: 327 74 24 9 4 1 
Random35528-64: 358 99 27 10 4 1 
Child35532-17: 330 74 23 10 4 1 
Child35545-1: 369 83 27 10 4 1 
Child35551-6: 222 80 23 10 4 1 
Random35605-75: 458 137 52 20 9 4 1 
Random35608-90: 353 77 24 11 4 1 
Random35626-60: 217 70 29 9 4 1 
Random35628-51: 195 80 28 9 4 1 
Child35679-2: 293 63 23 14 4 1 
Child35714-9: 374 89 31 10 4 1 
Child35749-1: 151 61 23 10 4 1 
Child35796-5: 326 66 27 10 4 1 
Child35831-30: 319 72 25 9 4 1 
Child35886-2: 455 187 61 24 9 4 1 
Child35932-1: 199 59 21 10 4 1 
Child35933-10: 191 56 25 9 4 1 
Child35947-1: 472 134 46 20 9 4 1 
Child35995-4: 161 66 21 10 4 1 
Child36084-3: 388 85 25 14 4 1 
Child36123-1: 196 52 17 10 4 1 
Child36127-5: 350 77 23 14 4 1 
Child36139-17: 344 79 28 13 4 1 
Child36142-4: 378 77 23 10 4 1 
Child36174-24: 376 84 25 14 4 1 
Child36178-31: 334 71 29 10 3 1 
Child36179-1: 334 71 29 10 4 1 
Child36192-1: 151 63 20 9 4 1 
Child36206-26: 395 80 28 11 4 1 
Child36216-11: 153 71 24 9 4 1 
Child36218-2: 423 127 37 20 9 4 1 
Child36233-6: 400 141 49 17 10 4 1 
Child36259-2: 371 77 24 11 4 1 
Random36300-54: 346 82 24 9 4 1 
Child36397-25: 363 77 24 9 4 1 
Child36410-26: 346 79 24 9 4 1 
Child36420-4: 304 63 19 10 4 1 
Child36442-3: 347 71 27 14 4 1 
Child36447-3: 211 58 24 9 4 1 
Child36450-20: 223 62 19 10 4 1 
Child36472-1: 160 54 23 10 4 1 
Child36482-6: 317 73 29 9 4 1 
Child36498-15: 374 93 24 11 4 1 
Child36507-13: 316 90 25 14 4 1 
Child36563-2: 379 77 23 10 4 1 
Child36577-48: 355 84 23 10 4 1 
Child36597-1: 328 67 24 9 4 1 
Child36605-1: 328 67 24 11 4 1 
Child36651-18: 302 71 23 10 4 1 
Child36682-10: 138 52 20 9 4 1 
Child36723-20: 352 84 23 10 4 1 
Random36724-58: 353 89 27 10 4 1 
Child36784-5: 131 70 23 10 4 1 
Child36825-31: 195 67 21 10 4 1 
Child36829-11: 385 79 31 11 4 1 
Child36845-1: 444 341 69 24 11 4 1 
Child36862-21: 325 76 27 10 4 1 
Child36893-9: 191 54 23 10 4 1 
Child36897-9: 338 87 32 13 4 1 
Child36981-12: 210 65 24 9 4 1 
Random37035-89: 142 49 24 9 4 1 
Child37126-16: 305 68 24 9 4 1 
Child37158-2: 215 62 27 10 4 1 
Random37170-54: 338 82 33 9 4 1 
Child37187-1: 352 81 23 13 4 1 
Child37194-7: 311 68 33 9 4 1 
Child37197-6: 331 72 19 10 4 1 
Child37217-2: 458 205 51 19 10 4 1 
Child37218-2: 230 61 19 10 4 1 
Child37244-12: 330 67 23 10 4 1 
Child37249-13: 363 78 23 10 4 1 
Child37250-2: 237 68 23 10 4 1 
Child37285-5: 348 71 23 13 4 1 
Child37331-5: 474 188 65 27 10 4 1 
Random37335-84: 373 92 28 13 4 1 
Child37354-3: 289 67 24 11 4 1 
Child37358-1: 289 67 24 9 4 1 
Child37362-4: 317 67 23 10 4 1 
Child37376-30: 393 80 23 10 4 1 
Child37377-2: 194 67 21 10 4 1 
Child37412-20: 484 167 55 24 9 4 1 
Child37415-46: 186 53 19 10 4 1 
Random37433-52: 305 79 31 10 4 1 
Child37441-15: 342 80 27 10 4 1 
Child37459-1: 356 82 29 14 4 1 
Random37469-53: 294 82 27 10 4 1 
Child37486-2: 339 84 23 10 4 1 
Child37510-9: 354 97 29 9 4 1 
Child37546-40: 347 71 23 13 4 1 
Child37559-2: 149 62 19 10 4 1 
Child37565-2: 180 50 17 10 4 1 
Child37618-1: 364 85 28 13 4 1 
Child37691-3: 366 89 27 10 4 1 
Child37704-2: 158 55 20 9 4 1 
Random37726-97: 476 178 64 23 10 4 1 
Child37800-13: 305 77 24 11 4 1 
Child37822-2: 318 77 21 10 4 1 
Random37824-95: 328 72 27 10 4 1 
Child37856-2: 323 68 23 10 4 1 
Child37862-5: 381 77 21 10 4 1 
Child37941-2: 180 54 19 10 4 1 
Child37952-4: 204 67 23 10 4 1 
Child37994-4: 152 60 19 10 4 1 
Random38030-91: 330 80 23 10 4 1 
Child38062-2: 286 67 21 10 4 1 
Child38108-14: 197 68 23 14 4 1 
Child38112-6: 337 81 32 11 4 1 
Random38121-76: 365 99 27 10 4 1 
Child38126-1: 320 69 21 10 4 1 
Child38129-2: 332 72 23 14 4 1 
Random38135-95: 176 59 24 9 4 1 
Child38148-2: 234 61 19 10 4 1 
Child38175-4: 338 78 31 14 4 1 
Child38197-17: 422 93 29 9 4 1 
Random38204-93: 170 64 28 13 4 1 
Child38206-6: 352 84 29 9 4 1 
Child38207-2: 484 155 55 29 9 4 1 
Child38227-1: 168 70 23 10 4 1 
Child38250-23: 386 88 31 14 4 1 
Child38315-16: 197 61 19 10 4 1 
Random38340-90: 349 99 27 10 4 1 
Child38360-2: 324 71 24 9 4 1 
Child38364-1: 198 62 19 10 4 1 
Child38413-34: 210 64 24 9 4 1 
Child38417-18: 368 86 23 14 4 1 
Random38451-60: 191 70 23 10 4 1 
Child38551-34: 180 73 19 10 4 1 
Child38562-5: 351 99 29 10 4 1 
Child38622-14: 201 59 20 9 4 1 
Child38647-2: 144 52 19 10 4 1 
Child38684-5: 304 63 27 10 4 1 
Child38709-44: 299 70 24 9 4 1 
Child38714-1: 364 77 23 14 4 1 
Child38717-1: 364 77 23 10 4 1 
Child38733-2: 213 60 23 13 4 1 
Child38855-18: 348 77 24 11 4 1 
Child38877-1: 316 90 27 14 4 1 
Child38908-44: 323 68 29 14 4 1 
Child38924-1: 336 71 23 10 4 1 
Child38927-3: 323 70 21 10 4 1 
Child39022-1: 214 53 19 10 4 1 
Child39043-39: 338 90 25 14 4 1 
Child39044-13: 346 78 23 10 4 1 
Child39045-3: 392 87 25 14 4 1 
Random39065-55: 372 100 29 10 4 1 
Child39067-30: 335 77 24 9 4 1 
Child39086-15: 372 77 27 14 4 1 
Child39093-17: 203 55 23 10 4 1 
Child39098-2: 360 80 25 14 4 1 
Child39181-1: 203 77 24 9 4 1 
Child39185-2: 155 70 19 10 4 1 
Child39195-38: 367 81 29 10 4 1 
Child39196-2: 305 67 23 10 4 1 
Child39206-7: 306 79 29 9 4 1 
Child39232-1: 232 60 23 10 4 1 
Child39313-2: 438 122 55 23 10 4 1 
Child39342-28: 162 55 24 9 4 1 
Child39360-47: 455 100 27 14 4 1 
Child39378-3: 204 57 23 10 4 1 
Child39394-1: 156 72 19 10 4 1 
Child39395-2: 484 181 44 19 10 4 1 
Child39401-21: 175 67 21 10 4 1 
Child39408-1: 191 60 19 10 4 1 
Child39440-3: 217 66 21 10 4 1 
Child39445-1: 284 84 23 10 4 1 
Child39477-2: 152 57 23 10 4 1 
Child39481-8: 295 70 23 10 4 1 
Child39509-19: 203 53 17 10 4 1 
Random39512-81: 266 73 27 10 4 1 
Child39550-3: 481 150 56 24 11 4 1 
Random39568-69: 319 74 28 13 4 1 
Child39579-2: 340 70 19 10 4 1 
Random39580-81: 155 64 23 10 4 1 
Child39635-2: 140 54 23 10 4 1 
Child39662-2: 495 139 57 23 10 4 1 
Child39667-16: 348 75 23 14 4 1 
Child39684-1: 330 70 29 9 4 1 
Child39697-27: 293 61 23 10 4 1 
Child39705-33: 355 81 23 13 4 1 
Child39708-5: 355 81 23 10 4 1 
Child39801-27: 352 78 24 11 4 1 
Child39811-2: 142 61 19 10 4 1 
Child39867-6: 337 70 23 13 4 1 
Child39972-37: 142 45 23 10 4 1 
Child40004-12: 324 67 23 13 4 1 
Child40026-1: 368 76 25 14 4 1 
Child40031-32: 175 74 23 10 4 1 
Random40051-75: 384 84 29 14 4 1 
Child40064-30: 197 61 23 13 4 1 
Random40066-51: 307 79 27 10 4 1 
Child40111-13: 230 57 23 10 4 1 
Random40113-71: 374 90 25 14 4 1 
Child40117-11: 374 90 25 9 4 1 
Child40128-20: 378 79 30 9 4 1 
Random40210-95: 382 80 33 9 4 1 
Child40221-1: 184 49 17 10 4 1 
Child40232-21: 220 69 21 10 4 1 
Child40290-18: 147 41 19 10 4 1 
Child40304-15: 378 95 29 9 4 1 
Child40330-1: 359 80 23 10 4 1 
Child40354-3: 468 318 66 29 9 4 1 
Child40360-8: 231 72 27 10 4 1 
Child40365-5: 329 77 23 10 4 1 
Child40387-18: 327 77 25 14 4 1 
Child40410-19: 362 85 25 14 4 1 
Child40425-1: 145 63 20 9 4 1 
Child40446-2: 442 184 44 19 10 4 1 
Child40464-3: 192 52 19 10 4 1 
Child40508-2: 153 60 19 10 4 1 
Child40537-34: 190 77 21 10 4 1 
Child40549-18: 371 79 31 11 4 1 
Child40664-11: 402 90 25 14 4 1 
Child40702-3: 207 57 20 9 4 1 
Child40752-1: 321 65 24 9 4 1 
Child40817-31: 367 87 23 10 4 1 
Child40823-2: 173 51 19 10 4 1 
Child40834-15: 377 87 25 14 4 1 
Child40856-10: 411 132 54 19 10 4 1 
Random40859-73: 373 100 23 10 4 1 
Child40864-18: 398 90 27 10 4 1 
Random40870-100: 390 84 29 9 4 1 
Child40871-1: 390 84 29 10 4 1 
Child40877-3: 312 67 24 9 4 1 
Child40901-30: 352 74 33 14 4 1 
Child40902-2: 314 76 25 14 4 1 
Child40920-2: 214 61 19 10 4 1 
Child40961-3: 205 70 23 13 4 1 
Child41017-2: 304 73 29 9 4 1 
Child41028-1: 141 57 20 9 4 1 
Child41044-7: 145 51 19 10 4 1 
Child41052-20: 367 85 25 14 4 1 
Child41106-8: 393 151 44 20 9 4 1 
Child41113-25: 303 71 23 10 4 1 
Child41133-48: 422 106 32 13 4 1 
Child41136-4: 402 93 29 10 4 1 
Child41142-20: 298 65 25 9 4 1 
Child41144-2: 379 87 25 14 4 1 
Random41150-86: 352 82 27 10 4 1 
Child41155-30: 379 104 32 13 4 1 
Child41168-32: 461 94 29 14 4 1 
Child41189-12: 222 59 24 9 4 1 
Child41202-26: 361 77 21 10 4 1 
Child41232-6: 234 70 19 10 4 1 
Child41233-2: 191 44 19 10 4 1 
Child41248-1: 197 57 23 10 4 1 
Random41277-97: 448 307 76 27 14 4 1 
Child41313-3: 199 67 21 10 4 1 
Child41314-2: 156 58 21 10 4 1 
Child41419-33: 374 83 23 13 4 1 
Child41450-20: 377 81 31 14 4 1 
Child41454-1: 177 67 21 10 4 1 
Child41501-1: 399 88 24 9 4 1 
Child41559-3: 308 87 25 14 4 1 
Random41599-85: 382 83 27 10 4 1 
Child41611-1: 232 68 23 10 4 1 
Random41619-52: 393 84 29 9 4 1 
Child41630-10: 306 69 24 11 4 1 
Child41659-36: 353 79 25 14 4 1 
Child41690-1: 382 81 28 13 4 1 
Child41691-4: 380 80 23 10 4 1 
Child41711-14: 377 83 23 13 4 1 
Child41754-3: 390 80 25 14 4 1 
Child41762-1: 143 55 19 10 4 1 
Child41817-16: 368 75 32 13 4 1 
Random41847-70: 490 205 61 19 10 4 1 
Child41869-4: 315 91 29 14 4 1 
Child41893-35: 206 53 19 10 4 1 
Child41914-18: 195 67 23 10 4 1 
Random41918-69: 378 81 23 10 4 1 
Random41929-62: 360 83 29 14 4 1 
Child41950-2: 195 67 23 14 4 1 
Child41956-19: 195 55 24 9 4 1 
Child41962-5: 162 48 23 10 4 1 
Child41995-2: 255 70 21 10 4 1 
Child42005-1: 403 90 23 10 4 1 
Random42010-84: 376 82 27 10 4 1 
Child42014-1: 153 57 23 10 4 1 
Child42040-2: 438 133 45 19 10 4 1 
Child42105-7: 188 53 17 10 4 1 
Random42136-59: 333 73 28 10 3 1 
Child42146-6: 333 75 23 14 4 1 
Random42150-66: 379 86 31 10 4 1 
Child42160-2: 352 71 23 10 4 1 
Random42181-65: 410 99 27 10 4 1 
Random42188-91: 490 181 74 24 9 4 1 
Child42191-1: 354 81 23 10 4 1 
Child42192-2: 344 70 23 10 4 1 
Child42210-31: 354 81 23 13 4 1 
Child42256-7: 423 97 28 11 4 1 
Child42312-22: 398 156 44 19 10 4 1 
Random42356-83: 196 69 21 10 4 1 
Child42370-25: 411 93 28 11 4 1 
Child42384-2: 304 67 23 10 4 1 
Child42390-2: 442 163 50 19 10 4 1 
Random42391-91: 233 55 24 9 4 1 
Child42417-1: 318 73 29 9 4 1 
Child42425-1: 379 81 23 14 4 1 
Child42427-10: 379 81 23 10 4 1 
Random42473-80: 370 93 32 13 4 1 
Child42501-1: 333 77 21 10 4 1 
Child42504-2: 221 56 21 10 4 1 
Random42530-75: 324 75 29 14 4 1 
Child42549-47: 368 81 32 13 4 1 
Child42561-2: 319 77 23 10 4 1 
Child42562-1: 319 77 23 14 4 1 
Child42567-2: 441 170 53 17 10 4 1 
Child42569-2: 194 56 17 10 4 1 
Child42582-26: 141 58 23 10 4 1 
Child42612-10: 359 98 32 13 4 1 
Random42624-80: 325 71 24 9 4 1 
Child42645-14: 150 63 19 10 4 1 
Child42649-32: 355 73 27 10 4 1 
Child42655-42: 332 73 27 10 4 1 
Child42681-1: 137 59 17 10 4 1 
Child42692-6: 147 56 17 10 4 1 
Child42752-18: 296 67 23 10 4 1 
Child42753-2: 359 78 23 10 4 1 
Random42866-82: 333 74 28 13 4 1 
Child42883-37: 223 67 24 11 4 1 
Child42888-5: 221 57 23 10 4 1 
Child42925-23: 430 147 43 20 9 4 1 
Random42954-74: 350 80 28 11 4 1 
Child42964-4: 358 80 23 10 4 1 
Child42998-4: 195 53 19 10 4 1 
Child42999-2: 197 62 19 10 4 1 
Child43037-2: 178 62 19 10 4 1 
Child43105-12: 364 75 29 9 4 1 
Child43110-13: 326 89 24 9 4 1 
Random43133-72: 179 67 23 10 4 1 
Child43138-30: 306 80 21 10 4 1 
Child43171-24: 395 80 29 10 4 1 
Child43216-1: 285 65 24 9 4 1 
Child43248-10: 328 83 24 9 4 1 
Child43297-4: 213 56 25 9 4 1 
Child43365-42: 424 117 27 14 4 1 
Child43366-3: 323 71 24 9 4 1 
Child43480-2: 183 52 24 9 4 1 
Random43495-82: 370 90 27 10 4 1 
Child43532-2: 178 63 20 9 4 1 
Child43552-1: 324 76 27 14 4 1 
Random43560-61: 439 137 43 20 7 3 1 
Child43626-24: 328 66 25 14 4 1 
Child43653-1: 387 80 27 10 4 1 
Child43654-2: 151 61 19 10 4 1 
Child43685-20: 194 58 23 10 4 1 
Child43690-2: 391 91 23 10 4 1 
Child43753-1: 201 59 21 10 4 1 
Child43782-2: 322 68 31 11 4 1 
Child43789-21: 337 74 34 9 4 1 
Child43799-2: 460 106 55 23 10 4 1 
Random43831-58: 208 77 24 9 4 1 
Child43837-39: 202 55 25 14 4 1 
Child43845-35: 223 54 19 10 4 1 
Child43846-20: 348 91 35 11 4 1 
Child43863-30: 205 55 23 10 4 1 
Child43890-6: 333 82 27 10 4 1 
Child43953-22: 300 70 23 10 4 1 
Child43960-2: 425 137 54 23 10 4 1 
Child43963-2: 320 70 23 10 4 1 
Child43992-10: 333 88 28 11 4 1 
Child44005-2: 354 80 21 10 4 1 
Child44017-26: 406 85 27 14 4 1 
Child44089-2: 188 53 19 10 4 1 
Random44136-64: 409 170 58 23 10 4 1 
Child44144-2: 153 41 19 10 4 1 
Child44161-11: 203 53 24 11 4 1 
Child44179-3: 479 195 48 21 10 4 1 
Child44187-3: 413 165 53 24 9 4 1 
Child44256-2: 462 190 54 19 10 4 1 
Child44260-4: 189 55 19 10 4 1 
Child44329-9: 299 80 27 10 4 1 
Random44337-81: 168 60 21 10 4 1 
Random44364-61: 315 77 24 9 4 1 
Child44377-1: 458 190 52 20 9 4 1 
Child44413-9: 174 71 23 10 4 1 
Child44419-3: 215 49 21 10 4 1 
Child44430-18: 392 88 32 13 4 1 
Child44453-1: 365 88 24 9 4 1 
Child44530-2: 428 135 49 24 9 4 1 
Child44533-4: 367 74 24 9 4 1 
Child44536-2: 203 79 21 10 4 1 
Child44597-5: 384 85 32 13 4 1 
Child44601-37: 227 67 23 10 4 1 
Child44633-2: 284 88 25 14 4 1 
Child44651-5: 393 114 27 14 4 1 
Random44656-98: 420 86 27 14 4 1 
Child44803-3: 383 91 30 9 4 1 
Child44851-2: 324 71 23 13 4 1 
Child44852-1: 324 71 23 14 4 1 
Child44860-2: 324 71 23 10 4 1 
Child44887-2: 447 119 51 19 10 4 1 
Child44902-32: 148 54 19 10 4 1 
Child45045-3: 288 62 24 9 4 1 
Child45107-11: 397 88 29 9 4 1 
Child45130-14: 320 79 28 13 4 1 
Child45150-2: 170 51 19 10 4 1 
Child45153-30: 133 52 17 10 4 1 
Child45155-45: 348 77 23 10 4 1 
Child45160-4: 386 89 21 10 4 1 
Child45166-10: 478 149 41 19 10 4 1 
Child45194-13: 216 55 24 9 4 1 
Random45232-93: 304 91 24 9 4 1 
Child45238-15: 417 99 27 10 4 1 
Child45248-3: 313 89 28 13 4 1 
Child45262-18: 202 61 23 13 4 1 
Child45297-6: 359 76 29 14 4 1 
Child45329-2: 199 54 19 10 4 1 
Child45347-15: 314 83 29 10 4 1 
Child45381-1: 459 222 65 24 9 4 1 
Child45389-5: 383 82 29 14 4 1 
Child45437-2: 362 91 29 10 4 1 
Random45448-100: 275 79 27 10 4 1 
Child45456-1: 326 67 23 10 4 1 
Random45462-89: 467 290 79 27 10 4 1 
Child45481-3: 343 72 32 13 4 1 
Child45533-2: 212 70 21 10 4 1 
Child45567-1: 297 70 23 10 4 1 
Child45570-39: 390 83 23 10 4 1 
Child45614-4: 362 94 31 14 4 1 
Child45622-9: 383 84 29 9 4 1 
Child45627-2: 319 69 25 9 4 1 
Child45648-2: 478 140 44 19 10 4 1 
Child45655-6: 450 128 42 19 10 4 1 
Child45708-2: 311 84 23 10 4 1 
Child45711-13: 321 70 23 10 4 1 
Child45724-13: 300 71 23 10 4 1 
Child45754-2: 199 62 27 10 4 1 
Random45756-93: 476 292 66 21 10 4 1 
Child45766-1: 179 56 17 10 4 1 
Child45776-21: 381 84 23 10 4 1 
Child45779-8: 329 70 23 10 4 1 
Child45842-2: 354 83 23 10 4 1 
Child45911-16: 370 89 27 10 4 1 
Child45912-29: 157 46 24 9 4 1 
Child45919-4: 152 53 19 10 4 1 
Child45946-2: 210 53 24 9 4 1 
Child45973-18: 353 86 24 11 4 1 
Child45975-1: 188 70 21 10 4 1 
Child45995-1: 314 75 23 14 4 1 
Child46036-2: 199 60 21 10 4 1 
Child46067-1: 362 80 23 10 4 1 
Child46072-2: 493 201 60 23 10 4 1 
Random46100-60: 422 92 29 14 4 1 
Child46128-8: 172 69 19 10 4 1 
Child46137-3: 185 59 24 9 4 1 
Random46143-68: 380 78 31 14 4 1 
Child46147-5: 380 81 23 14 4 1 
Child46167-47: 378 82 29 14 4 1 
Child46202-18: 311 70 23 10 4 1 
Random46216-83: 347 82 24 9 4 1 
Child46217-2: 325 67 24 9 4 1 
Child46231-2: 479 136 51 23 10 4 1 
Child46257-24: 336 73 23 13 4 1 
Random46271-55: 373 102 28 13 4 1 
Child46323-2: 423 159 55 23 10 4 1 
Child46328-1: 163 61 19 10 4 1 
Child46337-16: 349 87 28 13 4 1 
Random46373-94: 184 67 23 10 4 1 
Child46383-4: 362 90 27 10 4 1 
Child46403-42: 196 78 23 10 4 1 
Child46474-33: 211 56 21 10 4 1 
Random46536-84: 361 92 24 9 4 1 
Child46545-42: 388 80 27 10 4 1 
Random46546-74: 393 81 32 13 4 1 
Random46555-84: 186 67 21 10 4 1 
Child46578-7: 367 91 31 14 4 1 
Child46608-1: 341 75 32 13 4 1 
Child46674-23: 200 61 19 10 4 1 
Child46693-34: 266 84 29 9 4 1 
Random46717-56: 364 80 25 14 4 1 
Child46718-28: 439 175 59 21 10 4 1 
Child46788-2: 436 148 57 21 10 4 1 
Child46846-16: 348 105 31 14 4 1 
Child46891-22: 176 57 23 10 4 1 
Child46926-8: 415 105 32 13 4 1 
Child46939-16: 318 66 23 14 4 1 
Child46948-1: 146 50 19 10 4 1 
Child46976-2: 298 66 24 11 4 1 
Child47018-2: 204 54 23 10 4 1 
Child47021-2: 345 70 21 10 4 1 
Child47033-42: 411 91 29 10 4 1 
Child47047-17: 445 93 29 9 4 1 
Child47100-1: 189 59 21 10 4 1 
Child47153-1: 204 65 19 13 4 1 
Child47261-1: 485 177 53 17 10 4 1 
Child47326-6: 123 46 20 9 4 1 
Child47349-2: 209 56 25 9 4 1 
Child47422-17: 338 77 23 14 4 1 
Child47430-29: 362 86 28 11 4 1 
Child47446-3: 290 66 21 10 4 1 
Child47447-2: 183 67 21 10 4 1 
Child47498-2: 381 84 25 14 4 1 
Random47518-81: 312 71 23 10 4 1 
Child47524-1: 231 67 21 10 4 1 
Child47528-2: 374 80 23 13 4 1 
Random47536-78: 186 58 24 9 4 1 
Child47541-23: 349 80 24 11 4 1 
Child47614-3: 209 53 19 10 4 1 
Random47626-65: 381 88 32 13 4 1 
Random47634-68: 321 71 23 13 4 1 
Child47684-2: 290 67 23 10 4 1 
Random47726-54: 179 55 27 10 4 1 
Random47772-90: 161 59 21 10 4 1 
Child47813-2: 327 72 27 10 4 1 
Child47819-7: 197 65 24 9 4 1 
Child47825-3: 313 70 29 9 4 1 
Random47828-67: 192 69 24 11 4 1 
Child47833-14: 151 54 19 10 4 1 
Child47873-1: 322 67 24 11 4 1 
Child47993-11: 147 43 20 9 4 1 
Child48027-4: 221 69 21 10 4 1 
Child48039-3: 151 57 23 10 4 1 
Child48040-2: 221 51 19 10 4 1 
Child48081-20: 331 75 23 14 4 1 
Child48088-16: 362 78 23 10 4 1 
Child48119-33: 334 69 21 10 4 1 
Random48149-77: 237 57 23 10 4 1 
Child48243-1: 143 45 19 10 4 1 
Child48245-2: 202 71 19 10 4 1 
Child48274-16: 479 276 61 23 10 4 1 
Child48289-2: 345 90 31 11 4 1 
Random48315-78: 370 85 31 11 4 1 
Child48325-12: 327 68 23 10 4 1 
Child48381-19: 224 71 29 10 4 1 
Child48382-2: 162 64 19 10 4 1 
Random48496-91: 411 166 46 21 10 4 1 
Child48522-1: 320 87 25 14 4 1 
Child48587-9: 364 74 33 14 4 1 
Random48623-56: 358 76 24 9 4 1 
Child48651-6: 340 81 29 10 4 1 
Child48658-13: 361 109 27 10 4 1 
Child48680-2: 328 91 28 13 4 1 
Child48727-7: 340 84 29 9 4 1 
Child48768-1: 132 53 19 10 4 1 
Child48875-2: 360 75 24 11 4 1 
Child48927-2: 384 77 23 10 4 1 
Child48953-35: 422 87 28 13 4 1 
Child48962-15: 200 70 19 10 4 1 
Child48978-3: 454 136 51 19 10 4 1 
Child48999-2: 479 131 43 24 9 4 1 
Child49012-27: 344 98 32 13 4 1 
Child49028-11: 337 90 29 9 4 1 
Child49042-29: 288 67 23 10 4 1 
Child49057-5: 216 52 19 10 4 1 
Child49109-3: 196 77 23 10 4 1 
Child49117-2: 153 68 23 10 4 1 
Child49191-11: 209 56 21 10 4 1 
Child49192-2: 414 145 49 21 10 4 1 
Child49222-2: 433 174 47 23 10 4 1 
Child49238-1: 355 78 23 10 4 1 
Random49241-61: 332 72 29 10 4 1 
Child49302-29: 329 79 28 13 4 1 
Child49314-3: 216 49 21 10 4 1 
Child49351-3: 137 60 19 10 4 1 
Child49368-10: 468 165 57 23 10 4 1 
Child49416-11: 187 53 17 10 4 1 
Child49440-1: 290 63 23 14 4 1 
Child49463-26: 335 93 29 14 4 1 
Random49474-70: 336 74 25 9 4 1 
Child49490-36: 205 63 20 9 4 1 
Child49540-19: 384 79 31 10 4 1 
Child49575-12: 212 67 24 9 4 1 
Child49592-24: 399 90 27 14 4 1 
Child49610-11: 204 65 24 9 4 1 
Child49620-11: 209 45 23 10 4 1 
Child49642-16: 329 76 27 14 4 1 
Child49643-2: 341 87 25 14 4 1 
Child49684-1: 459 190 56 27 10 4 1 
Random49694-80: 366 74 24 9 4 1 
Child49695-2: 418 231 62 24 9 4 1 
Child49703-42: 324 65 27 10 4 1 
Child49726-9: 175 53 19 10 4 1 
Random49766-71: 376 80 29 10 4 1 
Child49789-2: 312 64 29 9 4 1 
Child49833-2: 358 88 25 14 4 1 
Child49849-5: 225 51 19 10 4 1 
Child49870-1: 471 147 50 24 9 4 1 
Child49893-1: 209 64 23 10 4 1 
Child49903-17: 320 73 23 13 4 1 
Child49937-3: 194 53 19 10 4 1 
Child49961-29: 360 77 21 10 4 1 
Child50010-1: 234 71 19 10 4 1 
Child50123-2: 208 51 19 10 4 1 
Child50165-4: 407 82 29 14 4 1 
Child50168-2: 400 87 28 13 4 1 
Random50181-89: 309 69 21 10 4 1 
Child50219-2: 190 55 21 10 4 1 
Child50257-24: 371 90 25 14 4 1 
Child50298-22: 372 77 24 11 4 1 
Child50311-2: 224 79 24 9 4 1 
Child50318-21: 371 75 29 10 4 1 
Child50357-18: 209 60 27 10 4 1 
Child50370-14: 207 58 23 10 4 1 
Child50379-2: 448 126 43 19 10 4 1 
Random50383-76: 489 216 63 29 10 4 1 
Child50402-17: 438 107 29 14 4 1 
Child50405-32: 233 82 27 10 4 1 
Child50420-2: 429 187 49 21 10 4 1 
Child50423-4: 438 139 54 19 10 4 1 
Child50437-3: 224 63 20 9 4 1 
Child50443-14: 325 73 24 9 4 1 
Random50451-66: 489 143 55 21 10 4 1 
Child50452-2: 450 143 45 21 10 4 1 
Random50468-82: 349 98 31 14 4 1 
Child50475-34: 207 47 24 9 4 1 
Random50495-56: 369 85 25 14 4 1 
Child50515-12: 386 86 27 10 4 1 
Random50572-75: 341 92 28 13 4 1 
Child50694-27: 157 48 20 9 4 1 
Child50699-38: 339 81 23 10 4 1 
Child50702-1: 207 71 24 11 4 1 
Child50705-2: 390 83 27 10 4 1 
Child50732-10: 152 57 23 13 4 1 
Random50779-99: 275 67 23 10 4 1 
Child50844-2: 181 64 24 9 4 1 
Child50852-2: 454 216 55 24 9 4 1 
Child50883-15: 381 83 23 10 4 1 
Child50886-17: 197 76 27 14 4 1 
Child50905-1: 206 59 21 10 4 1 
Child50964-10: 285 79 25 14 4 1 
Child51039-5: 363 83 24 9 4 1 
Child51054-21: 314 73 29 9 4 1 
Child51118-1: 362 81 29 9 4 1 
Child51119-1: 362 81 29 10 4 1 
Child51120-2: 335 71 29 10 4 1 
Child51188-3: 134 60 19 10 4 1 
Child51297-6: 328 73 24 11 4 1 
Child51301-24: 328 73 24 9 4 1 
Child51311-1: 346 71 24 9 4 1 
Random51359-76: 379 85 30 9 4 1 
Child51392-1: 138 42 17 10 4 1 
Child51409-2: 427 163 61 19 10 4 1 
Child51422-2: 352 93 28 11 4 1 
Random51425-68: 353 99 27 10 4 1 
Child51450-3: 430 87 28 13 4 1 
Child51480-10: 382 103 27 10 4 1 
Random51517-87: 195 76 27 10 4 1 
Child51552-18: 335 91 23 10 4 1 
Child51562-22: 367 80 29 10 4 1 
Random51567-87: 344 71 23 10 4 1 
Child51572-2: 479 148 47 23 10 4 1 
Random51602-87: 457 192 61 23 10 4 1 
Child51666-4: 179 52 17 10 4 1 
Child51675-41: 333 76 25 14 4 1 
Child51692-2: 273 77 23 10 4 1 
Child51709-2: 142 56 17 10 4 1 
Child51731-1: 210 65 21 10 4 1 
Child51745-2: 232 60 19 10 4 1 
Child51786-1: 163 54 23 10 4 1 
Child51793-1: 316 71 23 10 4 1 
Child51798-13: 387 93 23 10 4 1 
Random51803-71: 364 94 32 13 4 1 
Random51830-58: 380 87 33 10 4 1 
Child51835-2: 219 46 21 10 4 1 
Child51855-2: 340 74 23 10 4 1 
Random51869-54: 337 77 23 14 4 1 
Child51891-10: 337 93 37 13 4 1 
Child51920-9: 343 70 23 13 4 1 
Child51955-2: 226 66 27 10 4 1 
Child51958-32: 304 77 24 11 4 1 
Child51961-1: 335 71 23 10 4 1 
Child52024-1: 326 68 23 10 4 1 
Child52058-13: 140 44 19 10 4 1 
Child52060-20: 215 53 24 9 4 1 
Random52221-100: 379 83 29 10 4 1 
Child52228-3: 404 116 27 10 4 1 
Random52256-57: 364 106 27 10 4 1 
Child52280-2: 342 77 27 14 4 1 
Random52307-98: 337 70 24 9 4 1 
Child52310-38: 348 99 27 14 4 1 
Child52346-38: 382 92 29 14 4 1 
Random52353-56: 376 81 32 13 4 1 
Child52428-32: 440 280 71 24 9 4 1 
Child52485-15: 333 90 29 10 4 1 
Child52510-3: 307 75 27 10 4 1 
Child52529-1: 336 71 23 14 4 1 
Child52530-1: 336 71 23 13 4 1 
Child52586-35: 178 52 29 9 4 1 
Child52653-44: 210 67 23 10 4 1 
Child52665-12: 321 67 23 10 4 1 
Child52711-17: 150 45 19 10 4 1 
Child52715-2: 469 169 71 23 10 4 1 
Child52720-2: 289 70 23 10 4 1 
Child52726-1: 221 71 23 10 4 1 
Child52734-4: 239 67 23 10 4 1 
Child52759-4: 368 85 27 14 4 1 
Child52763-15: 208 59 24 9 4 1 
Child52770-1: 475 146 53 24 9 4 1 
Random52844-68: 363 100 27 14 4 1 
Child52861-8: 398 113 32 13 4 1 
Child53013-1: 146 60 21 10 4 1 
Child53042-8: 298 78 24 11 4 1 
Child53066-3: 406 83 29 10 4 1 
Child53108-2: 323 85 23 14 4 1 
Child53114-1: 479 192 62 19 10 4 1 
Child53129-2: 348 71 23 10 4 1 
Child53133-17: 383 110 29 14 4 1 
Child53180-2: 217 53 19 10 4 1 
Random53218-100: 407 187 46 20 9 4 1 
Child53269-17: 352 86 27 10 4 1 
Random53279-100: 412 124 50 19 10 4 1 
Random53292-55: 222 64 23 10 4 1 
Child53336-3: 489 346 70 29 9 4 1 
Child53338-2: 206 68 28 9 4 1 
Child53359-13: 318 68 24 9 4 1 
Child53370-19: 207 53 17 10 4 1 
Child53392-3: 141 43 20 9 4 1 
Child53400-41: 381 80 21 10 4 1 
Child53507-2: 456 121 43 19 10 4 1 
Child53522-42: 220 63 23 14 4 1 
Child53532-1: 362 80 24 11 4 1 
Child53533-1: 362 80 24 9 4 1 
Child53552-31: 377 81 23 14 4 1 
Random53571-94: 189 59 24 9 4 1 
Child53574-14: 362 92 30 9 4 1 
Child53624-37: 342 81 28 13 4 1 
Child53630-2: 487 131 43 19 10 4 1 
Child53719-1: 374 88 21 10 4 1 
Child53733-2: 195 60 21 10 4 1 
Random53740-96: 357 72 27 10 4 1 
Random53762-84: 469 166 70 21 10 4 1 
Child53784-1: 319 68 20 9 4 1 
Random53793-73: 462 156 56 23 8 3 1 
Child53807-2: 185 53 19 10 4 1 
Child53916-5: 372 78 31 10 4 1 
Child53951-30: 202 59 20 9 4 1 
Child53980-4: 152 52 19 10 4 1 
Random54047-71: 361 92 27 10 4 1 
Child54119-17: 415 114 51 20 7 3 1 
Child54163-2: 271 60 19 10 4 1 
Child54192-2: 199 55 20 9 4 1 
Random54247-68: 338 70 21 10 4 1 
Child54320-11: 333 90 29 14 4 1 
Random54323-77: 478 186 79 27 10 4 1 
Child54330-11: 208 64 23 10 4 1 
Child54331-2: 208 60 19 10 4 1 
Child54334-10: 331 75 27 10 4 1 
Child54336-1: 331 75 27 14 4 1 
Child54392-1: 150 67 21 10 4 1 
Child54415-2: 223 67 23 10 4 1 
Child54436-25: 348 77 29 14 4 1 
Child54441-2: 223 67 23 14 4 1 
Child54443-19: 200 53 29 9 4 1 
Child54493-19: 382 90 29 9 4 1 
Child54496-1: 306 67 23 10 4 1 
Child54510-2: 205 45 19 10 4 1 
Child54560-2: 321 77 24 9 4 1 
Child54642-2: 421 111 48 20 9 4 1 
Child54643-13: 395 84 29 10 4 1 
Child54721-6: 352 77 24 9 4 1 
Child54740-8: 164 56 25 9 4 1 
Child54823-48: 225 61 23 10 4 1 
Child54838-1: 165 67 21 10 4 1 
Child54881-23: 393 80 31 14 4 1 
Child54941-4: 207 52 24 9 4 1 
Child54956-34: 144 59 21 10 4 1 
Random54985-61: 472 149 55 27 10 4 1 
Child55044-4: 199 61 19 10 4 1 
Child55101-1: 376 81 23 14 4 1 
Child55111-1: 376 81 23 10 4 1 
Child55151-8: 288 62 19 10 4 1 
Child55158-2: 205 59 21 10 4 1 
Child55202-1: 141 63 20 9 4 1 
Child55253-11: 202 62 24 9 4 1 
Child55268-6: 293 74 28 13 4 1 
Child55275-17: 196 68 24 9 4 1 
Child55309-9: 357 77 27 14 4 1 
Child55323-1: 298 67 23 10 4 1 
Child55365-2: 201 65 24 9 4 1 
Child55419-22: 313 97 23 10 4 1 
Child55495-4: 427 159 56 21 10 4 1 
Child55562-11: 397 108 31 14 4 1 
Child55602-19: 197 74 24 9 4 1 
Random55612-72: 373 77 29 14 4 1 
Child55647-1: 143 49 21 10 4 1 
Child55654-1: 226 60 21 10 4 1 
Child55706-2: 187 57 23 10 4 1 
Child55728-3: 341 76 31 11 4 1 
Child55752-36: 368 84 23 13 4 1 
Child55759-40: 368 84 23 10 4 1 
Child55795-15: 366 75 29 9 4 1 
Child55873-2: 313 87 25 14 4 1 
Child55885-22: 402 87 28 13 4 1 
Child55910-2: 444 176 45 19 10 4 1 
Child55941-1: 142 57 21 10 4 1 
Child55952-5: 317 65 24 9 4 1 
Random56014-75: 297 82 24 9 4 1 
Child56028-2: 498 154 46 21 10 4 1 
Child56033-2: 142 52 17 10 4 1 
Child56066-1: 207 51 19 10 4 1 
Child56124-34: 393 84 23 10 4 1 
Child56142-2: 343 71 25 14 4 1 
Child56163-21: 151 55 19 13 4 1 
Child56209-8: 363 81 28 13 4 1 
Child56239-46: 297 65 27 10 4 1 
Child56263-2: 185 68 23 10 4 1 
Child56341-16: 329 70 23 13 4 1 
Child56381-2: 183 62 24 9 4 1 
Child56435-22: 217 55 24 9 4 1 
Child56462-26: 150 58 21 10 4 1 
Child56480-1: 222 68 24 9 4 1 
Child56481-2: 198 53 21 9 4 1 
Random56484-62: 285 82 27 10 4 1 
Child56488-8: 358 92 28 11 4 1 
Child56489-1: 358 92 28 13 4 1 
Child56511-48: 192 70 21 10 4 1 
Child56591-1: 173 63 19 10 4 1 
Child56598-2: 194 62 19 10 4 1 
Child56625-2: 401 94 32 13 4 1 
Child56634-10: 137 57 21 10 4 1 
Child56689-39: 460 147 61 24 9 4 1 
Child56734-36: 368 79 28 13 4 1 
Child56806-1: 220 71 23 10 4 1 
Child56874-1: 216 62 19 10 4 1 
Random56895-97: 402 90 28 13 4 1 
Child56912-7: 364 86 27 10 4 1 
Child56916-1: 207 62 19 10 4 1 
Random56920-60: 325 67 21 10 4 1 
Child56921-2: 129 51 19 10 4 1 
Child56950-15: 322 73 23 13 4 1 
Child56997-4: 186 61 19 10 4 1 
Child57049-7: 414 86 27 10 4 1 
Child57069-1: 212 61 23 10 3 1 
Child57083-1: 142 59 19 10 4 1 
Child57093-4: 378 77 29 9 4 1 
Child57105-22: 367 90 23 13 4 1 
Child57142-14: 342 70 19 10 4 1 
Child57152-18: 227 69 28 11 4 1 
Random57156-78: 314 68 23 10 4 1 
Random57162-60: 212 60 21 10 4 1 
Child57175-2: 478 233 67 23 10 4 1 
Child57205-2: 427 161 47 23 10 4 1 
Child57250-2: 330 73 25 14 4 1 
Random57272-68: 327 71 24 9 4 1 
Child57361-1: 351 77 25 14 4 1 
Child57418-2: 184 42 19 10 4 1 
Child57440-50: 331 90 27 14 4 1 
Child57450-16: 353 73 27 10 4 1 
Child57467-1: 202 70 23 10 4 1 
Child57513-1: 210 63 20 9 4 1 
Child57521-34: 289 62 27 10 4 1 
Child57535-5: 150 43 19 10 4 1 
Child57556-43: 183 54 20 9 4 1 
Child57630-1: 334 89 27 10 4 1 
Child57631-2: 222 59 21 10 4 1 
Random57702-82: 391 85 25 14 4 1 
Child57726-2: 187 71 19 10 4 1 
Child57729-28: 377 82 27 10 4 1 
Child57730-18: 474 331 73 27 10 4 1 
Child57785-8: 203 51 19 10 4 1 
Child57799-2: 313 70 19 10 4 1 
Child57812-2: 177 54 20 9 4 1 
Child57875-1: 320 77 21 10 4 1 
Child57876-2: 146 63 19 10 4 1 
Child57888-1: 354 77 24 9 4 1 
Child57893-1: 490 204 53 24 9 4 1 
Child57894-36: 369 80 23 10 4 1 
Child57897-5: 324 72 19 10 4 1 
Child57911-4: 483 316 66 21 10 4 1 
Child57944-2: 325 72 29 9 4 1 
Child58003-2: 221 50 23 10 4 1 
Random58004-99: 235 74 24 9 4 1 
Child58023-17: 224 47 23 10 4 1 
Random58064-94: 306 73 23 13 4 1 
Child58119-12: 143 61 19 10 4 1 
Child58120-3: 343 96 29 14 4 1 
Random58156-86: 382 77 23 14 4 1 
Child58184-9: 137 45 21 10 4 1 
Child58197-10: 392 80 27 10 4 1 
Child58254-1: 374 85 26 10 3 1 
Random58282-98: 395 99 27 10 4 1 
Random58310-90: 304 69 27 10 4 1 
Child58358-3: 206 72 19 10 4 1 
Child58363-44: 433 92 27 10 4 1 
Child58374-40: 296 86 23 14 4 1 
Random58383-71: 339 68 24 9 4 1 
Child58412-2: 457 183 59 21 10 4 1 
Child58431-2: 340 71 23 14 4 1 
Child58450-24: 158 52 19 10 4 1 
Child58470-1: 332 68 23 10 4 1 
Child58494-3: 363 77 24 11 4 1 
Child58507-25: 380 78 23 10 4 1 
Child58554-3: 332 77 24 9 4 1 
Child58572-2: 329 78 25 9 4 1 
Child58587-27: 212 64 29 9 4 1 
Child58606-2: 217 50 21 10 4 1 
Child58611-8: 315 68 24 9 4 1 
Random58617-63: 331 87 27 14 4 1 
Random58634-55: 481 195 59 20 9 4 1 
Child58661-31: 181 59 24 9 4 1 
Child58698-1: 215 51 19 10 4 1 
Child58726-35: 462 106 31 14 4 1 
Child58755-15: 415 91 31 14 4 1 
Child58827-3: 217 58 23 10 4 1 
Child58871-1: 213 59 21 10 4 1 
Child58872-2: 451 173 49 21 10 4 1 
Child58883-6: 187 54 23 10 4 1 
Child58940-3: 204 64 23 10 4 1 
Random58943-63: 317 70 24 9 4 1 
Child58979-3: 328 77 21 10 4 1 
Random59022-95: 484 197 48 20 9 4 1 
Child59085-1: 327 69 21 10 4 1 
Child59088-2: 175 57 21 10 4 1 
Child59094-50: 213 56 17 10 4 1 
Child59166-16: 193 72 27 10 4 1 
Child59203-1: 221 62 19 10 4 1 
Child59229-2: 149 67 23 10 4 1 
Random59255-58: 367 96 31 10 4 1 
Child59256-2: 380 89 27 10 4 1 
Child59257-2: 211 62 19 10 4 1 
Child59277-2: 196 64 24 9 4 1 
Child59306-5: 307 72 23 14 4 1 
Child59346-49: 205 56 21 10 4 1 
Child59500-23: 284 67 23 10 4 1 
Child59504-35: 187 44 23 10 4 1 
Child59536-8: 305 70 24 9 4 1 
Child59547-8: 390 93 27 10 4 1 
Random59549-69: 347 107 32 13 4 1 
Child59577-27: 368 79 33 9 4 1 
Child59592-20: 338 75 29 14 4 1 
Child59672-2: 316 74 23 10 4 1 
Child59707-14: 359 72 23 14 4 1 
Child59736-35: 345 81 23 14 4 1 
Child59741-19: 359 73 27 10 4 1 
Child59835-1: 358 77 23 10 4 1 
Child59836-2: 327 67 23 10 4 1 
Child59839-22: 358 77 23 13 4 1 
Child59841-2: 327 67 23 13 4 1 
Child59869-1: 428 86 27 14 4 1 
Child59887-1: 314 67 24 11 4 1 
Child59888-1: 314 67 24 9 4 1 
Child59930-2: 144 51 19 10 4 1 
Child60006-1: 135 56 21 10 4 1 
Child60034-1: 466 170 69 24 11 4 1 
Child60054-15: 392 81 23 14 4 1 
Child60080-19: 207 49 21 10 4 1 
Child60112-3: 204 59 20 9 4 1 
Child60120-21: 210 61 24 9 4 1 
Child60127-11: 370 108 29 14 4 1 
Random60162-85: 141 55 23 10 4 1 
Random60166-74: 203 56 27 10 4 1 
Child60170-1: 350 91 29 14 4 1 
Child60181-27: 228 70 24 9 4 1 
Random60293-85: 457 140 41 19 10 4 1 
Child60343-1: 146 43 19 10 4 1 
Child60393-2: 327 71 21 10 4 1 
Random60490-57: 367 83 27 10 4 1 
Random60560-65: 401 84 25 14 4 1 
Child60562-1: 201 71 23 10 4 1 
Random60674-66: 329 81 29 10 4 1 
Child60693-25: 361 97 28 11 4 1 
Child60706-1: 142 52 20 9 4 1 
Child60708-16: 395 81 23 13 4 1 
Child60730-32: 145 67 23 10 4 1 
Random60733-52: 377 89 28 13 4 1 
Child60737-1: 190 73 23 10 4 1 
Child60742-2: 200 67 23 10 4 1 
Random60781-96: 323 69 21 10 4 1 
Child60810-1: 373 93 28 11 4 1 
Child60818-7: 333 74 25 14 4 1 
Child60823-1: 333 74 25 9 4 1 
Child60824-36: 360 80 23 13 4 1 
Child60869-27: 477 363 76 29 14 4 1 
Child60899-1: 329 73 24 9 4 1 
Child60906-2: 370 83 27 10 4 1 
Child60911-5: 333 77 27 14 4 1 
Child60920-1: 148 52 19 10 4 1 
Child60949-2: 334 67 21 10 4 1 
Child60961-1: 376 100 28 13 4 1 
Child60999-11: 324 73 24 9 4 1 
Child61005-4: 203 65 25 9 4 1 
Child61018-17: 203 58 23 10 4 1 
Child61051-1: 235 65 24 9 4 1 
Child61072-39: 437 91 29 14 4 1 
Child61073-1: 437 91 29 10 4 1 
Child61116-29: 177 79 25 14 4 1 
Child61142-24: 375 85 32 13 4 1 
Child61167-37: 435 92 27 10 4 1 
Child61177-1: 205 53 19 10 4 1 
Child61180-22: 200 55 19 13 4 1 
Child61187-8: 353 83 23 13 4 1 
Child61204-6: 367 79 25 14 4 1 
Child61219-2: 448 128 43 20 9 4 1 
Child61257-12: 183 52 29 9 4 1 
Child61274-6: 213 63 19 10 4 1 
Child61275-2: 454 115 41 19 10 4 1 
Child61315-45: 221 57 20 9 4 1 
Child61321-7: 383 81 28 13 4 1 
Child61423-2: 205 54 23 10 4 1 
Child61424-2: 191 81 23 10 4 1 
Child61426-18: 231 71 23 10 4 1 
Random61428-56: 202 66 21 10 4 1 
Child61443-12: 348 70 29 9 4 1 
Child61472-16: 386 98 32 13 4 1 
Child61523-9: 381 89 31 14 4 1 
Child61551-2: 397 162 44 23 10 4 1 
Child61557-22: 452 231 57 23 10 4 1 
Child61569-1: 357 76 25 14 4 1 
Child61586-1: 216 57 20 9 4 1 
Child61615-34: 204 62 24 11 4 1 
Child61631-8: 415 94 28 13 4 1 
Child61652-18: 310 84 23 10 4 1 
Child61691-12: 460 299 60 28 11 4 1 
Random61710-86: 226 70 24 9 4 1 
Child61740-1: 383 77 23 14 4 1 
Child61757-2: 474 176 52 19 10 4 1 
Child61773-2: 390 80 23 10 4 1 
Child61774-1: 390 80 23 14 4 1 
Child61830-2: 200 59 21 10 4 1 
Random61851-65: 318 79 25 14 4 1 
Child61868-2: 475 179 48 21 10 4 1 
Child61922-39: 322 73 27 10 4 1 
Child61931-36: 188 77 21 10 4 1 
Child61935-19: 175 72 19 10 4 1 
Child61937-7: 386 87 33 10 4 1 
Child61942-1: 175 60 19 10 4 1 
Child61981-14: 379 79 24 9 4 1 
Child62040-1: 387 84 23 10 4 1 
Random62043-87: 224 73 24 9 4 1 
Child62118-24: 197 59 21 10 4 1 
Child62144-2: 333 72 19 10 4 1 
Child62191-3: 208 59 19 13 4 1 
Child62203-2: 146 47 23 10 4 1 
Child62205-10: 379 83 27 10 4 1 
Child62275-1: 367 80 24 11 4 1 
Child62278-17: 367 80 24 9 4 1 
Child62279-4: 308 70 23 13 4 1 
Child62282-1: 433 160 53 19 10 4 1 
Child62300-33: 204 49 21 10 4 1 
Random62307-87: 447 129 45 20 9 4 1 
Child62315-4: 141 63 19 10 4 1 
Random62320-59: 199 71 23 10 4 1 
Child62411-2: 191 79 21 10 4 1 
Child62558-1: 210 66 20 9 4 1 
Child62648-1: 468 169 58 23 10 4 1 
Child62678-18: 381 81 23 13 4 1 
Child62733-2: 202 60 17 10 4 1 
Child62736-12: 329 69 25 9 4 1 
Child62766-2: 342 77 21 10 4 1 
Child62774-1: 342 73 27 10 4 1 
Random62776-83: 188 58 23 10 4 1 
Child62779-18: 174 51 19 10 4 1 
Child62891-8: 196 72 19 10 4 1 
Child62917-32: 301 71 23 10 4 1 
Child62920-15: 394 89 28 13 4 1 
Child62924-2: 301 71 23 14 4 1 
Child62951-1: 195 68 21 10 4 1 
Child62975-11: 371 81 32 13 4 1 
Random63026-99: 154 60 19 10 4 1 
Child63046-1: 211 61 19 10 4 1 
Child63072-24: 354 82 24 9 4 1 
Random63076-84: 425 90 29 9 4 1 
Child63113-1: 443 141 48 20 9 4 1 
Child63118-2: 383 91 29 14 4 1 
Child63208-1: 363 94 23 10 4 1 
Random63244-95: 169 58 23 10 4 1 
Child63294-6: 365 81 25 9 4 1 
Child63300-1: 371 84 25 14 4 1 
Child63329-1: 332 70 19 10 4 1 
Random63415-86: 471 190 49 24 9 4 1 
Random63434-90: 483 352 78 21 10 4 1 
Child63446-30: 319 72 27 11 4 1 
Child63486-2: 309 72 19 10 4 1 
Random63499-86: 128 53 19 10 4 1 
Child63565-24: 206 75 24 11 4 1 
Child63599-26: 327 77 27 14 4 1 
Child63725-2: 192 58 23 10 4 1 
Child63757-2: 208 68 23 10 4 1 
Child63772-26: 299 79 27 10 4 1 
Child63790-6: 157 43 17 10 4 1 
Child63798-17: 364 82 24 11 4 1 
Child63816-1: 131 43 19 10 4 1 
Child63842-23: 322 70 23 10 4 1 
Child63865-18: 366 76 25 14 4 1 
Child63882-2: 448 143 42 19 10 4 1 
Child63886-6: 287 68 20 9 4 1 
Child63965-1: 460 180 53 19 10 4 1 
Child63969-7: 393 81 29 9 4 1 
Child63976-17: 393 81 29 14 4 1 
Child63980-1: 450 105 32 13 4 1 
Child63995-40: 357 97 29 14 4 1 
Random64006-75: 469 302 64 33 9 4 1 
Child64058-2: 206 54 19 10 4 1 
Child64076-32: 287 63 19 10 4 1 
Child64093-2: 342 70 27 10 4 1 
Random64118-64: 418 165 53 19 10 4 1 
Child64158-12: 346 72 20 9 4 1 
Child64164-3: 189 50 19 10 4 1 
Random64169-91: 366 74 29 10 4 1 
Child64300-1: 211 51 23 10 4 1 
Child64345-10: 195 74 23 10 4 1 
Child64373-49: 224 57 23 10 4 1 
Child64403-4: 472 146 53 17 10 4 1 
Child64432-3: 193 70 24 9 4 1 
Child64449-2: 154 61 19 10 4 1 
Child64495-2: 191 56 17 10 4 1 
Child64539-15: 371 81 28 13 4 1 
Child64553-9: 435 94 28 13 4 1 
Child64593-1: 173 67 21 10 4 1 
Child64609-14: 195 47 23 13 4 1 
Random64650-71: 393 107 28 13 4 1 
Random64681-94: 197 68 24 9 4 1 
Child64695-38: 369 84 25 14 4 1 
Child64703-5: 409 89 28 13 4 1 
Child64713-23: 326 81 29 14 4 1 
Child64716-4: 326 81 29 10 4 1 
Child64764-10: 339 77 29 14 4 1 
Child64769-14: 371 84 29 10 4 1 
Child64772-2: 153 61 19 10 4 1 
Child64821-1: 150 59 21 10 4 1 
Child64839-1: 239 59 21 10 4 1 
Child64851-2: 482 146 39 21 10 4 1 
Child64895-26: 478 141 56 25 9 4 1 
Child64925-10: 135 47 23 10 4 1 
Child64931-8: 210 57 23 13 4 1 
Child64934-3: 154 54 19 10 4 1 
Child64959-3: 202 81 19 10 4 1 
Child64966-18: 317 70 19 10 4 1 
Child64981-1: 306 70 21 10 4 1 
Child65001-14: 365 106 29 14 4 1 
Child65013-7: 464 189 52 20 9 4 1 
Child65015-40: 214 52 24 9 4 1 
Child65018-1: 197 58 21 10 4 1 
Child65025-1: 354 82 28 11 4 1 
Child65030-2: 321 77 28 11 4 1 
Child65035-27: 292 77 23 14 4 1 
Child65042-1: 370 79 28 13 4 1 
Child65211-2: 461 160 66 21 10 4 1 
Child65226-24: 444 100 27 14 4 1 
Child65230-3: 374 80 21 10 4 1 
Child65233-3: 416 100 31 10 4 1 
Child65275-1: 158 70 21 10 4 1 
Child65283-2: 379 89 24 9 4 1 
Child65319-2: 149 63 19 10 4 1 
Child65362-4: 423 92 32 13 4 1 
Random65382-99: 330 75 27 10 4 1 
Child65388-31: 321 70 23 13 4 1 
Random65395-73: 342 79 28 13 4 1 
Random65408-98: 209 63 27 10 4 1 
Child65422-42: 207 46 21 10 4 1 
Child65438-1: 342 80 21 10 4 1 
Child65454-2: 219 60 19 10 4 1 
Child65488-17: 328 70 19 10 4 1 
Random65513-56: 299 74 24 9 4 1 
Child65548-2: 277 71 23 10 4 1 
Child65588-4: 150 52 17 10 4 1 
Child65634-2: 222 70 21 10 4 1 
Child65640-2: 238 67 21 10 4 1 
Child65649-2: 311 67 21 10 4 1 
Child65656-3: 312 72 27 10 4 1 
Child65657-4: 155 54 19 10 4 1 
Child65665-26: 326 97 24 9 4 1 
Child65690-7: 137 55 20 9 4 1 
Child65692-4: 331 74 23 10 4 1 
Child65725-1: 444 174 43 20 9 4 1 
Child65727-4: 174 61 23 10 4 1 
Child65747-17: 312 73 30 9 4 1 
Child65780-48: 321 68 28 13 4 1 
Child65826-50: 350 90 23 10 4 1 
Child65828-20: 343 73 24 9 4 1 
Child65886-24: 343 74 23 10 4 1 
Child65901-1: 308 62 24 9 4 1 
Random65919-66: 365 88 30 9 4 1 
Random65936-64: 210 76 24 9 4 1 
Child65942-2: 306 69 21 10 4 1 
Random66080-51: 333 78 23 10 4 1 
Child66100-2: 196 56 17 10 4 1 
Child66229-3: 210 79 24 9 4 1 
Child66240-48: 319 73 24 9 4 1 
Random66288-60: 490 133 55 21 10 4 1 
Child66302-8: 138 51 19 10 4 1 
Child66309-14: 228 69 27 10 4 1 
Child66323-21: 345 79 24 9 4 1 
Child66329-36: 360 76 25 14 4 1 
Child66366-2: 357 75 28 11 4 1 
Child66376-25: 349 71 23 13 4 1 
Child66377-1: 349 71 23 10 4 1 
Child66380-9: 199 52 24 9 4 1 
Child66386-5: 348 72 23 14 4 1 
Child66400-25: 312 65 25 14 4 1 
Child66477-47: 369 101 25 14 4 1 
Child66497-4: 215 57 23 10 4 1 
Child66513-46: 341 70 27 10 4 1 
Random66518-52: 201 77 23 10 4 1 
Random66521-51: 190 43 24 9 4 1 
Random66522-55: 204 61 24 9 4 1 
Random66535-64: 323 86 27 14 4 1 
Child66542-31: 368 83 33 14 4 1 
Child66599-1: 157 57 23 10 4 1 
Child66671-6: 327 80 23 10 4 1 
Child66751-15: 350 92 28 11 4 1 
Child66776-15: 363 79 27 11 4 1 
Child66785-21: 324 71 28 11 4 1 
Child66800-2: 334 72 19 10 4 1 
Child66816-26: 303 77 21 10 4 1 
Child66819-20: 290 70 29 9 4 1 
Child66839-17: 352 86 31 10 4 1 
Random66932-58: 393 113 50 19 10 4 1 
Child66949-3: 124 51 19 10 4 1 
Child66990-2: 328 71 30 9 4 1 
Child67008-3: 189 73 25 14 4 1 
Random67100-85: 208 62 24 9 4 1 
Child67124-15: 346 80 23 13 4 1 
Child67137-3: 294 67 24 9 4 1 
Random67142-60: 370 85 25 14 4 1 
