94|Survivor|1: 2463 724 313 129 66 28 12 5 1 
345|Survivor|1|Mutated: 2452 857 325 146 83 27 13 5 1 
351|Child_Cross21|34: 2288 881 326 142 75 32 13 5 1 
352|Child_Avg|35: 2303 851 331 145 78 28 12 5 1 
356|Child_Levy|52: 2391 869 327 144 77 30 11 5 1 
368|Child_Cross21|6: 2450 884 345 140 78 30 11 5 1 
371|Child_Cross21|38: 2517 887 349 140 76 29 13 6 1 
373|Child_Levy|36: 2223 809 315 141 81 28 11 4 1 
577|Child_Levy|20|Mutated: 1912 679 325 124 70 30 11 5 1 
751|Child_CrossABC2|2: 2216 690 304 109 62 28 12 5 1 
754|Child_Cross21|18: 2310 690 304 109 62 28 12 5 1 
755|Child_Cross12|17: 2259 690 304 109 62 28 12 5 1 
756|Child_Cross21|34: 2215 692 304 109 62 28 12 5 1 
763|Child_Avg|27: 2239 690 304 109 62 28 12 5 1 
769|Survivor|1: 2251 690 304 109 62 28 12 5 1 
839|Survivor|1: 2352 887 357 138 61 30 11 5 1 
876|Child_Avg|39: 2377 841 331 142 67 24 11 5 1 
891|Child_Avg|27: 2290 767 311 138 65 24 11 5 1 
912|Child_CrossABC1|7: 2113 741 289 135 64 24 11 5 1 
928|Survivor|1|Mutated: 2113 704 289 135 64 24 11 5 1 
1043|Child_Cross21|2: 2230 789 300 125 67 30 11 5 1 
1564|Child_Cross21|34: 1720 636 280 119 61 28 12 5 1 
1567|Child_Avg|47: 1732 621 274 120 61 28 12 5 1 
1635|Survivor|1: 1818 731 297 116 63 28 12 5 1 
1749|Survivor|1: 2219 822 339 147 61 28 12 5 1 
1751|Child_Levy|12|Mutated: 2213 841 355 169 63 28 12 5 1 
1961|Survivor|1: 2222 710 335 139 70 31 14 5 1 
1978|Survivor|1: 2300 713 328 127 68 30 12 5 1 
1981|Survivor|1: 2300 713 328 127 64 28 11 4 1 
2004|Child_Levy|56: 2231 690 318 121 64 28 11 4 1 
2027|Child_CrossABC2|8|Mutated: 2251 689 323 127 64 28 11 4 1 
2269|Survivor|1: 2012 756 322 119 74 27 13 5 1 
2315|Survivor|1: 2281 764 324 118 70 27 13 5 1 
2679|Survivor|1: 2460 758 349 125 67 24 11 5 1 
2698|Survivor|1: 2358 817 303 114 67 30 11 5 1 
2720|Child_Avg|59: 2263 811 338 130 72 35 13 5 1 
2773|Survivor|1: 2364 747 289 111 63 27 13 5 1 
2866|Child_Levy|12: 1856 675 284 127 74 28 12 5 1 
2892|Child_CrossABC2|2: 1874 661 279 123 74 28 12 5 1 
2941|Survivor|1: 1765 664 280 113 67 28 12 5 1 
2955|Child_Cross12|13: 1761 658 267 113 67 28 12 5 1 
2964|Child_LevyP2|4: 1758 646 259 141 67 26 14 5 1 
3038|Survivor|1: 2226 699 277 119 60 28 11 4 1 
3245|Survivor|1: 1786 638 299 112 54 24 11 5 1 
3335|Child_CrossABC2|2: 2222 714 295 129 53 24 11 5 1 
3439|Child_CrossABC2|8: 2209 772 379 167 86 28 12 5 1 
3443|Survivor|1: 1822 743 334 144 82 29 13 6 1 
3448|Survivor|1: 2294 754 312 145 79 28 12 5 1 
3451|Survivor|1: 2329 749 322 125 71 28 12 5 1 
3460|Child_Cross12|1: 2335 740 327 123 77 28 12 5 1 
3462|Child_CrossABC1|7: 2283 758 315 127 73 28 12 5 1 
3658|Child_CrossABC1|7: 1846 739 317 127 58 28 12 5 1 
3668|Child_CrossABC1|1: 1839 691 318 127 58 28 12 5 1 
3688|Survivor|1: 2345 682 280 117 59 28 12 5 1 
4040|Child_Cross21|2: 2135 684 311 137 73 30 11 5 1 
4085|Survivor|1: 1846 704 297 118 62 30 11 5 1 
4216|Survivor|1: 2322 727 300 126 73 30 11 5 1 
4234|Survivor|1: 2256 734 299 121 73 30 11 5 1 
4235|Child_CrossABC2|2: 2283 716 299 121 73 30 11 5 1 
4330|Survivor|1: 2459 894 311 143 82 29 11 5 1 
4556|Child_Levy|48: 2396 721 287 125 62 28 13 4 1 
4666|Survivor|1: 2196 667 298 119 73 28 12 5 1 
4771|Child_CrossABC1|7: 2281 792 343 144 81 28 13 4 1 
4926|Survivor|1: 2971 917 316 151 76 28 13 4 1 
4964|Survivor|1: 2277 745 305 119 66 28 11 4 1 
5188|Child_LevyABC2|12: 2173 743 283 122 64 30 11 5 1 
5761|Survivor|1: 1810 685 291 121 61 23 10 4 1 
6050|Survivor|1: 1864 688 297 110 58 24 11 4 1 
6132|Survivor|1: 1819 688 296 117 70 30 11 5 1 
6175|Child_LevyABC1|5|Mutated: 1785 756 330 139 77 28 12 5 1 
6187|Child_CrossABC1|1: 1750 658 293 123 77 28 12 5 1 
6349|Survivor|1: 2368 707 317 123 64 30 12 5 1 
6359|Survivor|1: 2357 720 294 109 62 28 12 5 1 
6613|Survivor|1: 2276 875 346 156 77 27 13 5 1 
6641|Survivor|1: 2084 736 297 127 64 27 13 5 1 
6644|Survivor|1: 1892 703 301 123 63 27 13 5 1 
6649|Child_CrossABC1|7: 1751 676 290 124 63 27 13 5 1 
6663|Child_CrossABC1|1: 1758 668 283 124 64 27 13 5 1 
7048|Child_LevyP2|4|Mutated: 3005 847 359 151 71 28 12 5 1 
7065|Child_Avg|19: 2223 789 317 136 76 27 13 5 1 
7067|Survivor|1: 2838 833 322 145 71 28 12 5 1 
7071|Child_Avg|23: 2540 773 328 137 71 28 12 5 1 
7076|Child_CrossABC2|8: 2419 767 342 133 71 28 12 5 1 
7131|Child_CrossABC2|2: 2408 759 335 119 73 28 12 5 1 
7209|Survivor|1: 2040 747 301 150 63 27 10 4 1 
7626|Child_Cross12|49|Mutated: 2352 804 313 156 76 35 12 5 1 
7635|Survivor|1: 2240 781 309 147 78 32 11 4 1 
7647|Child_Cross12|29: 1813 720 287 135 74 28 12 5 1 
7651|Child_CrossABC2|8: 1824 725 287 135 74 28 12 5 1 
7658|Child_CrossABC2|2: 1844 698 293 123 74 28 12 5 1 
7660|Child_CrossABC2|2: 1839 699 290 123 74 28 12 5 1 
7676|Child_Avg|39: 1864 750 293 113 65 27 13 5 1 
7689|Survivor|1: 1867 744 290 111 66 28 12 5 1 
7718|Survivor|1: 2332 943 406 162 88 32 13 5 1 
7738|Survivor|1: 1783 755 325 119 72 30 11 5 1 
7754|Survivor|1: 1939 817 338 144 65 28 12 5 1 
7760|Child_CrossABC1|7: 1887 838 327 128 65 28 12 5 1 
7761|Child_Avg|15: 1857 794 327 124 65 28 12 5 1 
7835|Survivor|1: 2414 753 321 118 64 24 11 5 1 
7845|Survivor|1: 2199 721 295 115 62 24 11 5 1 
8014|Child_Levy|20: 2478 717 331 121 67 30 11 5 1 
8024|Survivor|1: 1836 717 286 139 67 30 11 5 1 
8048|Child_CrossABC1|1: 1777 626 282 121 64 28 11 4 1 
8231|Child_CrossABC2|8: 2184 789 344 136 78 30 11 5 1 
8252|Child_Cross12|49|Mutated: 2096 743 311 129 78 30 11 5 1 
8672|Child_Avg|7: 2267 932 301 130 66 28 11 4 1 
8900|Child_LevyABC2|6: 3084 914 340 165 72 27 14 4 1 
8992|Survivor|1: 2280 683 275 127 64 24 11 5 1 
9098|Child_Cross21|58: 2139 778 302 136 73 28 12 5 1 
9382|Child_CrossABC1|7: 2320 895 386 139 63 35 12 5 1 
9460|Survivor|1: 2314 778 327 133 65 28 11 4 1 
9484|Survivor|1: 2276 771 331 119 69 28 12 5 1 
9486|Child_Cross21|58: 2203 822 309 119 69 28 12 5 1 
9493|Child_CrossABC2|8: 2203 817 308 119 65 28 12 5 1 
9500|Child_Cross21|46: 2191 828 308 115 66 28 12 5 1 
9531|Survivor|1: 2203 853 319 123 65 28 11 4 1 
9538|Child_CrossABC1|1: 2206 869 322 122 65 28 11 4 1 
9794|Child_Cross12|17: 2215 663 284 123 72 27 13 5 1 
9798|Survivor|1: 2176 792 283 123 72 27 13 5 1 
9804|Survivor|1: 2196 809 283 123 72 27 13 5 1 
9812|Survivor|1: 2195 824 283 123 72 27 13 5 1 
9838|Child_CrossABC2|8: 2390 866 275 132 72 27 13 5 1 
10321|Survivor|1: 2230 691 348 149 64 27 14 4 1 
10465|Child_CrossABC2|2: 2229 666 316 114 65 28 11 4 1 
10872|Child_Levy|48: 1884 709 287 119 69 28 12 5 1 
10925|Survivor|1: 2263 896 310 137 56 24 11 4 1 
11059|Child_CrossABC1|7: 2303 874 325 141 60 26 14 5 1 
11440|Survivor|1: 2161 688 263 122 66 24 11 5 1 
11469|Child_CrossABC2|8: 2309 745 282 132 69 28 12 5 1 
11488|Child_CrossABC2|8: 2308 676 315 139 69 28 12 5 1 
11492|Child_Avg|43: 2335 746 305 127 69 28 12 5 1 
11516|Child_Levy|20: 2326 722 346 155 69 28 12 5 1 
11542|Survivor|1: 2310 741 346 167 67 30 12 5 1 
11692|Child_LevyP1|3: 2073 792 316 131 62 30 11 5 1 
11787|Survivor|1: 2080 784 308 127 62 28 12 5 1 
11788|Child_Cross21|46: 2095 744 283 123 62 28 12 5 1 
11911|Child_Avg|7: 1814 712 285 131 65 28 11 4 1 
11943|Survivor|1: 1924 727 304 135 65 28 12 5 1 
11958|Survivor|1: 1873 788 314 135 65 28 12 5 1 
11960|Child_Avg|31: 1867 786 313 143 65 28 12 5 1 
11974|Survivor|1: 1814 691 307 116 61 28 12 5 1 
11991|Survivor|1: 1778 724 310 119 61 28 12 5 1 
12208|Child_Levy|32|Mutated: 2064 711 293 121 67 30 11 5 1 
12221|Child_CrossABC1|1: 2316 692 282 117 67 30 11 5 1 
12711|Survivor|1: 2568 749 352 143 74 31 14 5 1 
12715|Child_Avg|23: 2323 701 338 126 75 27 13 5 1 
12722|Child_Avg|51: 2229 690 335 129 74 28 12 5 1 
12735|Child_Cross12|53: 2321 705 322 123 74 28 12 5 1 
12739|Child_Cross21|2: 2323 715 318 123 74 28 12 5 1 
12742|Survivor|1: 2316 693 329 121 74 28 12 5 1 
12868|Child_Avg|19: 2348 874 347 179 80 31 14 5 1 
12904|Child_CrossABC2|2|Mutated: 2413 701 316 166 74 31 14 5 1 
12919|Child_Avg|31: 2146 764 295 141 70 30 12 5 1 
12938|Child_Cross21|6: 2155 742 280 121 67 28 12 5 1 
12953|Survivor|1: 2108 724 280 121 67 28 12 5 1 
12963|Survivor|1: 1774 731 314 148 68 29 14 6 1 
13247|Survivor|1: 1897 811 334 126 78 29 11 5 1 
13267|Survivor|1: 1787 724 319 115 77 28 12 5 1 
13308|Survivor|1: 2374 792 367 148 83 33 14 6 1 
13315|Child_Cross12|45: 2385 799 349 143 86 31 14 5 1 
13323|Survivor|1: 2512 795 338 136 86 31 14 5 1 
13326|Child_Levy|8: 2551 768 357 141 74 28 12 5 1 
13331|Child_Cross12|29: 2500 779 344 133 74 28 12 5 1 
13336|Child_Cross21|18: 2484 763 340 131 74 28 12 5 1 
13340|Child_Avg|43: 2480 774 377 131 74 28 12 5 1 
13344|Survivor|1: 2491 774 369 131 74 28 12 5 1 
13347|Child_CrossABC1|7: 2499 767 304 123 74 28 12 5 1 
13348|Child_Avg|39: 2540 770 319 127 74 28 12 5 1 
13364|Survivor|1: 2266 770 319 127 74 28 12 5 1 
13367|Child_CrossABC2|8: 2334 753 308 139 73 28 12 5 1 
13381|Child_CrossABC1|7: 2421 772 289 141 71 28 12 5 1 
13384|Child_Cross21|10: 2274 733 309 124 71 24 11 5 1 
13386|Child_Cross21|38: 2345 743 320 124 71 28 11 4 1 
13427|Survivor|1: 2208 697 362 134 73 30 11 5 1 
13703|Survivor|1: 2308 958 333 151 58 28 11 4 1 
13704|Child_Cross21|54: 1863 725 269 134 58 28 11 4 1 
13982|Survivor|1: 2208 659 279 128 71 29 11 5 1 
14153|Survivor|1: 1979 706 288 128 69 28 11 4 1 
14154|Child_LevyP1|3: 1911 753 286 131 65 28 12 5 1 
14158|Child_Cross12|17: 1884 715 281 124 65 28 12 5 1 
14166|Survivor|1: 1917 730 271 124 65 28 12 5 1 
14183|Survivor|1: 1825 679 271 115 66 28 12 5 1 
14513|Survivor|1: 2350 648 336 124 73 27 13 5 1 
14529|Child_CrossABC2|2: 1953 652 363 129 73 27 13 5 1 
14679|Survivor|1: 1792 683 275 122 63 25 11 5 1 
14689|Survivor|1: 1799 684 276 122 63 25 11 5 1 
14703|Survivor|1: 1759 684 276 122 63 25 11 5 1 
15002|Survivor|1: 2479 757 292 169 78 30 11 5 1 
15272|Child_Avg|55: 1925 664 297 124 64 27 13 5 1 
15345|Survivor|1: 2075 673 303 111 66 28 12 5 1 
15502|Child_CrossABC2|2: 1797 674 288 132 67 30 11 5 1 
15881|Survivor|1: 1776 669 295 124 53 28 11 4 1 
16014|Survivor|1: 1791 654 288 121 67 28 12 5 1 
16027|Survivor|1: 1752 650 288 121 67 28 12 5 1 
16413|Child_CrossABC1|7: 2305 697 346 133 74 28 12 5 1 
16427|Child_Avg|23: 2365 728 297 147 73 28 12 5 1 
16431|Child_Cross21|18: 2349 730 304 129 75 28 12 5 1 
16458|Survivor|1: 2147 661 277 119 69 28 12 5 1 
16634|Child_CrossABC1|7: 2330 747 336 141 67 28 12 5 1 
16638|Child_Avg|7: 2356 719 335 144 61 28 12 5 1 
16660|Child_Avg|15: 2306 816 295 135 65 28 12 5 1 
16661|Child_Avg|51: 2204 827 303 135 64 28 11 4 1 
16662|Child_Cross12|53: 2229 785 291 123 65 28 12 5 1 
16678|Child_Cross12|1: 2226 793 291 119 65 28 12 5 1 
16683|Survivor|1: 2365 758 318 115 65 28 12 5 1 
16705|Child_CrossABC1|7: 2289 839 315 121 64 28 11 4 1 
16972|Child_Cross21|34: 2196 812 380 133 77 30 11 5 1 
16981|Child_Cross12|57: 2134 811 379 130 71 28 11 4 1 
16988|Child_Cross12|57: 2044 729 336 119 72 30 11 5 1 
17025|Child_Avg|27|Mutated: 2327 703 318 131 80 30 11 5 1 
17142|Survivor|1: 2253 786 311 118 64 30 11 5 1 
17299|Child_Cross12|49: 2994 712 339 144 63 28 12 5 1 
17550|Child_Avg|7: 2447 790 327 131 69 28 12 5 1 
17555|Survivor|1|Mutated: 2412 934 367 131 74 28 12 5 1 
17568|Child_Cross12|37: 2358 952 363 129 74 28 12 5 1 
17574|Survivor|1: 2158 802 360 133 71 28 12 5 1 
17577|Child_CrossABC2|2: 2232 819 353 143 69 28 11 4 1 
17691|Child_Cross12|5: 2218 671 284 124 74 27 13 5 1 
17766|Survivor|1: 2063 729 314 119 73 28 12 5 1 
18421|Survivor|1: 1719 723 303 115 65 28 12 5 1 
18424|Child_CrossABC1|1: 1819 723 303 115 65 28 12 5 1 
18425|Child_CrossABC1|1: 2266 723 303 115 65 28 12 5 1 
18430|Survivor|1: 1752 723 303 115 65 28 12 5 1 
18431|Child_CrossABC1|7: 1775 723 303 115 65 28 12 5 1 
18436|Survivor|1: 1777 723 303 115 65 28 12 5 1 
18439|Survivor|1: 1761 723 303 115 65 28 12 5 1 
18671|Survivor|1: 2633 780 338 152 67 28 12 5 1 
18672|Child_Levy|60: 2209 666 285 131 65 28 11 4 1 
18677|Child_CrossABC1|7: 2257 666 285 131 65 28 11 4 1 
18679|Child_CrossABC1|1: 2251 666 285 131 65 28 11 4 1 
18681|Child_Avg|35: 2242 666 285 131 65 28 11 4 1 
18682|Child_Avg|11: 2238 666 285 131 65 28 11 4 1 
18683|Child_Avg|3: 2255 667 286 131 65 28 11 4 1 
18684|Child_CrossABC2|2: 2239 666 285 131 65 28 11 4 1 
18686|Child_CrossABC1|7: 2244 666 285 131 65 28 11 4 1 
18687|Child_CrossABC1|7: 2243 666 285 131 65 28 11 4 1 
18704|Child_CrossABC2|2: 2234 666 285 131 65 28 11 4 1 
18709|Child_CrossABC2|8: 2232 666 285 131 65 28 11 4 1 
18725|Child_Cross12|49: 2240 706 284 123 65 28 11 4 1 
18731|Child_Levy|44: 2251 655 287 120 63 28 12 5 1 
18745|Survivor|1: 2219 665 306 128 63 28 11 4 1 
18767|Survivor|1: 2329 741 314 112 61 23 12 5 1 
18776|Child_Cross21|58: 2318 741 314 112 61 23 12 5 1 
18845|Survivor|1: 2277 749 327 151 77 30 12 5 1 
18852|Survivor|1: 2151 786 301 151 73 30 11 5 1 
18937|Child_CrossABC1|1: 2063 724 309 118 74 27 13 5 1 
18951|Child_Cross12|9|Mutated: 2204 693 326 132 65 28 12 5 1 
19033|Survivor|1: 2183 742 284 127 74 28 12 5 1 
19098|Child_Cross21|42: 2085 832 363 144 70 30 11 5 1 
19186|Survivor|1: 1808 717 281 128 61 28 12 5 1 
19204|Survivor|1: 1836 728 286 119 61 28 12 5 1 
19499|Child_CrossABC2|2: 1902 717 285 131 65 28 12 5 1 
19630|Child_Cross21|34: 2235 722 297 123 70 30 11 5 1 
19640|Survivor|1|Mutated: 2346 722 297 123 70 30 11 5 1 
19761|Child_Cross12|13: 1785 758 280 141 62 29 14 4 1 
19784|Survivor|1: 1724 730 273 129 62 28 12 5 1 
19792|Survivor|1: 1836 725 286 119 61 28 12 5 1 
19897|Child_Cross12|33: 2309 778 332 145 80 33 12 5 1 
20061|Survivor|1: 2113 734 300 131 74 28 12 5 1 
20065|Child_CrossABC2|8: 2294 702 307 137 74 28 12 5 1 
20152|Survivor|1: 2149 675 301 127 63 28 11 4 1 
20197|Survivor|1: 2158 685 307 131 65 28 11 4 1 
20315|Child_CrossABC2|2: 2142 753 321 122 73 27 13 5 1 
20333|Survivor|1: 2083 753 308 115 72 27 13 5 1 
20334|Child_CrossABC2|8: 2062 751 315 115 72 27 13 5 1 
20341|Survivor|1: 2068 746 326 115 72 27 13 5 1 
20703|Child_CrossABC2|8: 2341 708 301 115 77 28 12 5 1 
20711|Survivor|1: 2346 718 309 111 77 28 12 5 1 
20777|Child_Avg|15: 2350 719 295 111 62 28 12 5 1 
20787|Survivor|1: 2402 728 297 111 57 28 12 5 1 
20947|Survivor|1: 2459 891 329 146 82 35 11 5 1 
20951|Survivor|1: 2459 891 329 146 86 35 11 5 1 
21132|Child_Cross21|22: 2262 795 313 114 65 28 11 4 1 
21150|Child_CrossABC1|7: 2335 733 273 145 74 28 12 5 1 
21158|Child_Cross12|9: 2232 657 287 127 74 28 12 5 1 
21295|Survivor|1: 1950 677 306 119 69 28 12 5 1 
21389|Survivor|1: 1717 668 281 113 67 28 12 5 1 
21477|Survivor|1: 1813 685 256 125 67 30 11 5 1 
21577|Child_Levy|28: 2257 702 309 119 73 28 12 5 1 
21649|Survivor|1: 1913 699 311 131 62 30 11 5 1 
21656|Child_Cross12|9: 1925 754 321 131 62 30 11 5 1 
21768|Child_Levy|36: 2155 775 316 135 78 28 12 5 1 
21783|Child_Avg|59: 2109 792 315 127 77 28 12 5 1 
21820|Child_Levy|20: 2125 758 319 115 77 28 12 5 1 
21886|Child_Avg|19: 2335 797 311 133 69 30 11 5 1 
21887|Child_CrossABC1|7: 2336 810 364 131 69 30 11 5 1 
21895|Child_CrossABC1|7: 2336 810 383 131 69 30 11 5 1 
21899|Survivor|1: 2303 790 330 125 69 30 11 5 1 
21904|Survivor|1: 2279 760 300 122 69 30 11 5 1 
22055|Survivor|1: 2879 791 324 127 74 28 12 5 1 
22130|Child_CrossABC1|1: 2261 692 304 122 71 26 14 5 1 
22183|Survivor|1: 2226 703 287 151 64 27 13 5 1 
22194|Child_CrossABC2|8: 2285 677 274 120 64 27 13 5 1 
22465|Survivor|1: 1870 692 290 119 71 28 11 4 1 
22469|Survivor|1: 1883 696 284 119 59 28 11 4 1 
22567|Child_Cross12|13: 2185 711 277 113 66 24 11 5 1 
22573|Survivor|1: 2203 670 277 113 66 24 11 5 1 
22581|Child_CrossABC1|1: 2196 670 277 113 66 24 11 5 1 
22585|Survivor|1: 2197 670 277 113 66 24 11 5 1 
22593|Child_CrossABC2|2: 2187 670 277 113 66 24 11 5 1 
22599|Child_CrossABC1|1: 2204 670 277 113 66 24 11 5 1 
22807|Survivor|1: 2171 790 311 124 74 32 13 4 1 
22913|Child_Avg|11: 2268 657 309 145 60 28 11 4 1 
22924|Survivor|1|Mutated: 2192 657 309 145 60 28 11 4 1 
22966|Child_Avg|11: 2334 881 351 142 66 35 12 5 1 
22984|Child_CrossABC1|1: 2911 910 338 146 66 35 12 5 1 
22991|Child_CrossABC2|2: 2212 841 359 146 66 35 12 5 1 
23011|Survivor|1: 2123 785 345 142 65 35 11 5 1 
23017|Survivor|1: 2123 884 345 142 65 35 11 5 1 
23376|Survivor|1: 2213 671 269 125 62 23 12 5 1 
23748|Survivor|1: 3208 773 337 137 69 28 11 4 1 
23829|Child_Cross21|58: 2413 708 281 115 66 28 12 5 1 
24131|Survivor|1: 2264 731 306 131 66 28 12 5 1 
24222|Child_CrossABC2|2: 2527 746 316 137 70 29 11 5 1 
24233|Survivor|1: 2267 739 313 126 70 29 11 5 1 
24252|Survivor|1: 2332 760 318 121 71 28 12 5 1 
24257|Child_CrossABC1|1: 2332 760 317 121 71 28 12 5 1 
24302|Survivor|1: 1803 650 304 113 58 28 12 5 1 
24377|Child_Avg|47: 2489 734 317 122 69 30 11 5 1 
24396|Child_CrossABC2|8: 1681 720 282 125 69 30 11 5 1 
24566|Child_Avg|59: 1830 764 277 124 64 27 13 5 1 
24634|Survivor|1: 1959 710 285 126 61 27 13 5 1 
24894|Child_CrossABC2|2: 3250 920 350 131 82 28 12 5 1 
25135|Child_Cross12|49: 2232 817 328 122 67 23 10 4 1 
25571|Child_Levy|40: 2087 788 344 138 65 28 12 5 1 
25576|Child_CrossABC1|7: 2173 815 371 128 65 28 12 5 1 
25730|Child_Levy|24: 2195 786 366 137 77 29 11 5 1 
25774|Child_Avg|55: 2281 806 309 142 70 30 11 5 1 
25780|Child_Cross12|41: 2242 793 294 131 62 28 12 5 1 
25798|Survivor|1: 2181 729 283 124 65 27 13 5 1 
25805|Child_CrossABC1|7: 2456 697 284 124 65 27 13 5 1 
25812|Survivor|1: 2111 709 282 124 65 27 13 5 1 
25922|Survivor|1: 1888 698 295 122 74 28 11 4 1 
25993|Survivor|1: 2163 830 285 120 69 28 12 5 1 
26195|Survivor|1: 2408 949 374 150 66 27 10 4 1 
26243|Child_Avg|7: 2581 881 357 148 67 35 13 5 1 
26842|Survivor|1: 1783 649 268 112 63 23 12 5 1 
27489|Survivor|1: 1835 741 288 122 69 24 11 5 1 
28142|Child_Avg|47: 1831 704 280 126 55 24 9 4 1 
28748|Child_Levy|40: 2187 753 290 142 69 30 11 5 1 
29661|Child_CrossABC2|8: 2764 971 391 163 81 35 13 5 1 
29669|Survivor|1: 2280 776 299 165 81 35 13 5 1 
29682|Survivor|1: 2352 731 320 150 86 35 12 5 1 
29801|Survivor|1: 2407 726 303 114 67 30 11 5 1 
29947|Survivor|1: 2328 849 344 137 71 32 11 4 1 
30505|Survivor|1: 2208 846 314 123 74 28 12 5 1 
30656|Survivor|1: 2331 735 323 125 76 35 13 5 1 
30669|Child_CrossABC2|8: 2292 737 324 132 76 35 13 5 1 
30683|Survivor|1: 1940 737 324 132 76 35 12 5 1 
30736|Survivor|1: 2040 774 317 128 78 30 11 5 1 
30745|Child_CrossABC2|8: 2020 766 327 128 78 30 11 5 1 
30761|Child_CrossABC1|7: 1938 764 311 128 78 30 11 5 1 
30763|Survivor|1: 1910 730 299 121 78 30 11 5 1 
30792|Survivor|1: 1910 786 299 121 78 30 11 5 1 
30916|Child_Cross21|54: 1795 667 272 119 65 28 12 5 1 
30965|Child_Cross12|45: 2305 897 350 133 75 35 11 5 1 
30980|Child_CrossABC1|1: 2296 903 362 133 75 35 11 5 1 
31013|Child_Avg|19: 2296 829 387 145 73 27 13 5 1 
31018|Child_Avg|23: 2126 765 329 136 67 28 12 5 1 
31125|Child_CrossABC1|7: 2237 803 297 114 67 30 11 5 1 
31178|Child_Levy|60: 2269 850 334 155 69 32 13 5 1 
31180|Child_Avg|43: 2241 815 303 135 63 23 12 5 1 
31302|Survivor|1: 2253 845 322 123 73 28 12 5 1 
31306|Child_Avg|35: 1842 780 326 119 73 28 12 5 1 
31315|Child_CrossABC2|8: 1826 786 338 123 73 28 12 5 1 
31317|Child_CrossABC2|2: 1835 777 342 131 73 28 12 5 1 
31348|Child_Avg|55: 1866 794 323 119 64 24 11 5 1 
31384|Survivor|1: 1880 797 319 142 64 24 11 5 1 
31421|Survivor|1: 1931 786 334 124 71 24 11 5 1 
31437|Child_CrossABC2|8: 1929 758 330 121 69 24 11 5 1 
31529|Survivor|1: 1701 671 308 117 71 27 13 5 1 
31903|Child_Cross21|38: 1698 694 281 134 70 30 11 5 1 
31904|Child_Avg|47: 2250 815 364 151 78 30 11 5 1 
31909|Child_CrossABC2|2: 2323 803 365 154 78 30 11 5 1 
31918|Child_CrossABC1|7: 2323 803 364 154 78 30 11 5 1 
31922|Survivor|1: 2269 722 350 133 69 30 11 5 1 
31926|Survivor|1: 2283 721 347 131 70 30 11 5 1 
32009|Survivor|1: 2184 678 287 142 64 28 13 4 1 
32021|Survivor|1: 1849 660 268 146 63 27 13 5 1 
32031|Survivor|1: 1763 700 272 124 63 27 13 5 1 
32176|Child_Levy|20: 1934 764 305 123 69 24 11 5 1 
32180|Child_CrossABC1|1: 1900 772 302 121 69 24 11 5 1 
32374|Child_LevyABC2|12: 1787 630 321 124 58 24 11 5 1 
32529|Survivor|1: 1787 653 271 124 54 24 11 5 1 
32679|Child_Cross12|45: 3060 867 362 139 69 26 14 5 1 
32685|Survivor|1|Mutated: 3403 867 362 139 69 26 14 5 1 
32693|Survivor|1: 2417 737 305 119 66 28 11 4 1 
33056|Survivor|1: 1698 682 281 111 64 24 11 4 1 
33106|Survivor|1: 1846 645 326 128 69 28 11 4 1 
33272|Survivor|1: 1941 679 243 119 56 24 11 5 1 
33292|Survivor|1: 1877 653 239 121 56 24 11 5 1 
33400|Child_Avg|27: 1926 785 336 147 75 28 13 4 1 
33418|Child_Levy|12: 2545 827 311 143 71 30 13 5 1 
33507|Survivor|1: 2169 809 307 135 64 29 10 4 1 
33517|Child_CrossABC2|8: 2177 786 322 149 64 29 10 4 1 
33521|Child_Avg|3: 2174 781 304 128 65 27 10 4 1 
33763|Survivor|1: 2362 681 305 118 62 30 11 5 1 
33881|Survivor|1: 2164 667 321 125 66 28 12 5 1 
34204|Child_Levy|16: 2493 870 320 148 75 35 12 5 1 
34214|Survivor|1: 2160 854 299 142 74 35 12 5 1 
34375|Survivor|1: 2958 893 343 146 88 35 11 5 1 
34849|Child_Avg|43: 2306 830 299 129 65 28 11 4 1 
34859|Survivor|1|Mutated: 2332 725 346 136 67 28 12 5 1 
34862|Child_Avg|43: 2284 746 316 129 67 28 12 5 1 
35400|Survivor|1: 3250 885 379 143 71 30 13 5 1 
35411|Child_Cross21|42: 2434 814 328 133 66 28 12 5 1 
35437|Survivor|1: 2134 766 346 121 71 28 12 5 1 
35735|Survivor|1: 2234 697 282 119 66 28 12 5 1 
36096|Survivor|1: 2301 744 282 122 63 27 10 4 1 
36702|Survivor|1: 2345 818 308 147 59 27 13 5 1 
37081|Child_Levy|20: 2273 817 303 132 58 24 11 5 1 
37228|Child_Avg|39: 2304 746 298 127 69 27 10 4 1 
37244|Survivor|1: 2307 778 317 131 61 28 12 5 1 
37725|Survivor|1: 1935 695 299 131 58 27 13 5 1 
38206|Child_CrossABC2|2: 1782 636 274 121 67 30 11 5 1 
38485|Child_Cross12|13: 1873 817 275 118 62 30 11 5 1 
38498|Child_Cross21|2: 1911 768 304 129 64 30 12 5 1 
38643|Survivor|1: 2172 820 294 128 63 28 11 4 1 
38646|Survivor|1: 2186 803 294 123 63 28 11 4 1 
38655|Survivor|1: 2169 832 292 127 63 28 11 4 1 
38793|Survivor|1: 1774 639 317 135 64 28 11 4 1 
38814|Survivor|1: 1688 635 305 123 65 28 12 5 1 
39007|Child_Avg|11: 2275 684 313 126 73 30 11 5 1 
39055|Survivor|1: 1848 667 266 106 67 30 11 5 1 
39835|Child_Cross21|34: 1896 753 287 128 65 28 11 4 1 
39851|Child_CrossABC1|1: 1888 746 311 131 65 28 11 4 1 
39856|Survivor|1: 1779 770 317 137 67 28 12 5 1 
39939|Survivor|1: 2836 834 340 143 71 31 14 5 1 
39941|Child_Avg|23|Mutated: 2408 790 347 152 63 29 14 4 1 
39945|Child_Levy|36: 2333 743 310 133 67 29 13 6 1 
39947|Child_Cross12|29: 2355 722 309 132 61 30 13 5 1 
39955|Survivor|1: 2375 723 308 119 62 28 13 4 1 
39984|Child_CrossABC2|8: 2058 819 314 124 68 32 13 5 1 
40004|Survivor|1: 2035 818 309 125 71 28 12 5 1 
40026|Survivor|1: 1853 710 300 113 61 23 12 5 1 
40051|Survivor|1: 1869 703 289 112 61 23 12 5 1 
40197|Survivor|1|Mutated: 1876 750 289 132 63 27 10 4 1 
40280|Child_CrossABC1|7: 1869 701 290 111 64 24 11 4 1 
40288|Child_Cross21|54: 1859 701 290 111 64 24 11 4 1 
40289|Child_Avg|27: 1862 701 290 111 64 24 11 4 1 
40292|Child_Cross21|14: 1858 701 290 111 64 24 11 4 1 
40298|Child_CrossABC1|1: 1859 701 290 111 64 24 11 5 1 
40300|Child_Cross21|18: 1862 701 290 111 64 24 11 5 1 
40307|Child_Cross21|30: 1873 701 290 111 64 24 11 5 1 
40310|Child_Cross21|14: 1865 701 290 111 64 24 11 5 1 
40311|Child_Cross12|57: 1869 701 290 111 64 24 11 5 1 
40328|Child_Cross12|25: 1815 701 290 111 64 24 11 5 1 
40330|Child_Cross21|2: 1849 701 290 111 64 24 11 5 1 
40336|Child_Cross21|26: 1825 701 290 111 64 24 11 5 1 
40337|Child_Cross12|57: 1852 701 290 111 64 24 11 5 1 
40348|Child_Cross21|34: 1858 701 290 111 64 24 11 5 1 
40361|Child_Cross12|57: 1853 701 290 111 64 24 11 5 1 
40444|Child_LevyABC2|6: 3118 885 309 147 61 28 12 5 1 
40777|Survivor|1: 2516 1037 366 152 72 29 13 6 1 
40787|Survivor|1: 2159 850 315 123 73 28 12 5 1 
40788|Child_Levy|8: 2124 841 320 125 71 28 12 5 1 
40792|Survivor|1: 2166 834 344 125 71 28 12 5 1 
40869|Survivor|1: 1867 619 287 125 64 23 12 5 1 
40872|Survivor|1: 1826 662 294 113 64 23 12 5 1 
40970|Survivor|1: 1936 774 296 131 65 28 11 4 1 
41550|Survivor|1: 2231 835 340 172 72 30 11 5 1 
41576|Survivor|1: 3155 826 343 146 65 28 11 4 1 
41840|Survivor|1: 2311 719 284 122 62 23 12 5 1 
42185|Survivor|1: 2267 778 288 118 63 28 13 4 1 
42331|Survivor|1: 2235 801 333 137 81 30 11 5 1 
42337|Survivor|1: 2180 811 337 136 78 30 11 5 1 
42350|Survivor|1: 2135 758 307 123 73 30 11 5 1 
42360|Child_Cross12|17: 2123 769 311 123 73 30 11 5 1 
42404|Survivor|1: 2256 849 371 145 67 30 13 5 1 
42416|Survivor|1: 2042 762 340 131 70 28 12 5 1 
42440|Child_Levy|32: 1785 693 320 124 61 23 12 5 1 
42565|Survivor|1: 1855 646 283 132 63 28 12 5 1 
42569|Survivor|1: 1842 676 284 129 59 28 12 5 1 
42584|Child_LevyP2|10: 2123 653 304 143 65 28 12 5 1 
42586|Child_Avg|19: 1981 643 285 143 62 28 12 5 1 
42597|Survivor|1: 1783 697 306 134 63 28 11 4 1 
42682|Survivor|1: 2203 704 327 124 71 24 11 4 1 
42717|Survivor|1: 2196 683 327 124 71 24 11 4 1 
42729|Survivor|1: 2274 721 327 124 71 24 11 4 1 
42852|Survivor|1: 2299 677 309 132 70 32 11 4 1 
42911|Child_Cross12|45: 2392 947 383 161 71 28 12 5 1 
42914|Child_CrossABC1|1: 2395 940 368 158 71 27 13 5 1 
42928|Child_Levy|36: 2355 879 348 152 71 28 12 5 1 
42933|Child_Avg|35: 2294 810 315 146 70 27 13 5 1 
43092|Child_Avg|35: 1889 681 291 119 65 28 12 5 1 
43126|Survivor|1: 1715 692 286 122 65 28 12 5 1 
43202|Child_Cross12|33: 2272 723 314 133 72 28 13 4 1 
43512|Survivor|1: 2198 705 309 133 64 35 13 5 1 
43561|Survivor|1: 2320 638 285 137 77 27 13 5 1 
43573|Survivor|1: 2320 638 285 137 75 28 12 5 1 
43698|Child_Cross21|34: 2369 736 383 146 75 28 11 4 1 
43777|Survivor|1: 5843 1660 639 268 118 72 27 10 4 1 
43952|Survivor|1: 1765 676 275 127 82 28 12 5 1 
43966|Survivor|1: 1791 672 275 115 78 28 12 5 1 
44015|Survivor|1: 2190 696 330 125 64 30 12 5 1 
44027|Child_Levy|8: 2114 651 304 115 66 28 12 5 1 
44098|Survivor|1: 2320 676 291 115 65 28 12 5 1 
44266|Child_Cross21|14: 5847 1547 720 323 122 57 23 10 4 1 
44440|Survivor|1: 2143 749 345 139 77 28 12 5 1 
44447|Child_Cross12|9: 2746 790 329 133 74 28 12 5 1 
44451|Survivor|1: 2044 753 321 131 74 28 12 5 1 
44460|Child_CrossABC1|7: 2066 751 316 127 74 28 12 5 1 
44480|Survivor|1: 2073 836 313 121 74 28 12 5 1 
44543|Survivor|1: 2497 706 309 121 64 28 11 4 1 
44552|Survivor|1: 2451 706 309 121 64 28 11 4 1 
44612|Child_Avg|11: 2216 723 295 129 72 27 13 5 1 
44664|Child_Cross12|5: 2133 680 309 125 71 28 12 5 1 
44677|Survivor|1: 2267 722 310 119 69 28 12 5 1 
44685|Child_CrossABC1|7: 2262 704 299 119 70 27 13 5 1 
44696|Child_CrossABC1|1: 2330 704 299 119 70 27 13 5 1 
44708|Child_CrossABC2|2: 2237 704 303 118 70 27 13 5 1 
44720|Child_Levy|16: 2260 807 316 128 72 27 13 5 1 
44761|Child_CrossABC1|1: 1777 742 335 131 71 27 13 5 1 
44900|Survivor|1: 2328 759 316 145 78 28 12 5 1 
44908|Child_Cross21|26: 2668 963 367 135 78 28 12 5 1 
44910|Child_Cross12|25: 2190 811 303 143 78 28 12 5 1 
44956|Child_Cross12|45: 1842 671 377 156 70 30 11 5 1 
44989|Child_Cross12|1: 1774 639 309 125 67 30 11 5 1 
44998|Survivor|1: 1759 635 307 121 67 30 11 5 1 
45100|Survivor|1: 1843 703 312 134 69 28 11 4 1 
45118|Survivor|1: 1840 719 298 126 69 28 11 4 1 
45155|Survivor|1: 1790 693 313 138 68 25 11 5 1 
45372|Survivor|1: 1799 679 259 135 64 24 9 4 1 
45406|Survivor|1: 1799 679 259 135 64 24 11 4 1 
45528|Survivor|1: 2187 786 294 141 67 28 12 5 1 
45534|Child_Levy|44: 2166 775 288 147 66 28 12 5 1 
45537|Child_CrossABC1|1: 2144 766 279 133 66 28 12 5 1 
45542|Child_CrossABC1|1: 2151 766 281 133 66 28 12 5 1 
45544|Child_Avg|55: 2147 766 280 133 66 28 12 5 1 
45546|Child_CrossABC2|8: 2158 766 281 133 66 28 12 5 1 
45547|Child_Cross21|34: 2147 766 281 133 66 28 12 5 1 
45550|Child_Avg|47: 2143 766 281 133 66 28 12 5 1 
45555|Child_Cross21|14: 2169 792 285 131 66 28 12 5 1 
45563|Child_Levy|20: 2077 764 333 119 64 28 13 4 1 
45665|Survivor|1: 2175 888 412 154 80 33 12 5 1 
45675|Child_Cross12|37: 1918 754 362 144 75 28 12 5 1 
45681|Child_Levy|12: 1904 717 336 133 75 27 13 5 1 
45691|Survivor|1: 1895 709 321 121 62 27 13 5 1 
45874|Survivor|1: 1873 693 383 156 63 27 13 5 1 
45880|Survivor|1: 1778 680 303 119 62 28 12 5 1 
46152|Survivor|1: 2177 621 275 124 64 24 11 5 1 
46263|Survivor|1: 1786 698 315 113 64 28 11 4 1 
46473|Child_Levy|8: 2401 868 413 155 77 28 12 5 1 
46490|Child_Levy|40: 2286 921 391 145 75 28 12 5 1 
46492|Child_Cross12|57: 2286 921 391 145 76 28 11 4 1 
46678|Survivor|1: 2206 929 399 159 85 36 14 5 1 
46834|Survivor|1: 1993 871 328 126 65 30 11 5 1 
46836|Child_CrossABC1|1: 2198 746 329 126 65 30 11 5 1 
46947|Child_Levy|60: 2256 781 286 123 72 27 13 5 1 
47146|Child_Levy|60: 2429 778 339 146 67 30 13 5 1 
47252|Survivor|1: 1891 759 311 133 70 29 13 6 1 
47326|Child_CrossABC2|2: 2147 822 286 123 63 27 13 5 1 
47344|Survivor|1: 2147 841 286 119 63 27 13 5 1 
47361|Child_CrossABC1|1: 2147 728 281 124 63 27 13 5 1 
47397|Survivor|1: 2167 759 270 165 61 23 12 5 1 
47417|Survivor|1: 1863 692 267 123 60 23 12 5 1 
47486|Survivor|1: 2264 679 265 118 71 27 13 5 1 
47521|Child_Avg|3: 2236 678 277 122 69 27 10 4 1 
48028|Child_Levy|32: 2273 713 365 163 66 28 12 5 1 
48040|Child_CrossABC2|8: 2087 811 399 146 72 27 13 5 1 
48043|Child_CrossABC2|2: 1916 698 293 131 71 27 13 5 1 
48106|Survivor|1: 1926 732 275 117 63 28 12 5 1 
48109|Survivor|1: 1869 730 282 117 63 28 12 5 1 
48392|Survivor|1: 2360 714 311 141 66 35 12 5 1 
48720|Child_Cross21|14: 2078 728 327 136 72 31 14 5 1 
48985|Survivor|1: 2204 658 317 128 75 28 12 5 1 
49094|Child_CrossABC2|8: 1824 700 287 141 74 28 12 5 1 
49096|Child_CrossABC1|1|Mutated: 1906 789 313 137 71 28 12 5 1 
49105|Child_CrossABC2|2: 2130 740 304 141 67 28 12 5 1 
49113|Child_CrossABC1|1: 1832 726 285 125 67 28 12 5 1 
49816|Child_Levy|40: 2546 807 326 147 74 28 12 5 1 
49833|Survivor|1: 2261 785 282 131 73 28 12 5 1 
49850|Survivor|1: 2158 798 307 125 72 26 14 5 1 
50184|Survivor|1: 1705 679 301 119 61 27 13 5 1 
50216|Child_CrossABC2|8|Mutated: 1803 667 291 131 60 27 13 5 1 
50287|Survivor|1: 1777 634 285 121 58 28 12 5 1 
50290|Child_Avg|51: 1748 633 287 121 58 28 12 5 1 
50297|Child_Avg|27: 1758 633 287 121 58 28 12 5 1 
50308|Child_Cross21|18: 1763 633 287 121 58 28 12 5 1 
50318|Survivor|1|Mutated: 1762 633 287 121 58 28 12 5 1 
50319|Child_Cross21|50: 1766 633 287 121 58 28 12 5 1 
50322|Child_Cross12|49: 1756 633 287 121 58 28 12 5 1 
50327|Child_Avg|19: 1780 633 287 121 58 28 12 5 1 
50349|Child_CrossABC1|1: 1773 704 287 121 58 28 12 5 1 
50350|Child_Cross12|41: 1766 696 287 121 58 28 12 5 1 
50360|Child_Cross21|58: 1761 646 287 121 58 28 12 5 1 
50365|Child_Avg|31: 1762 651 287 121 58 28 12 5 1 
50366|Child_Cross21|2: 1764 676 287 121 58 28 12 5 1 
50383|Child_Cross21|18: 1794 676 287 121 58 28 12 5 1 
50385|Child_Avg|19: 1801 676 287 121 58 28 12 5 1 
50386|Child_Cross21|14: 1761 691 287 121 58 28 12 5 1 
50388|Child_Cross21|10: 1790 676 287 121 58 28 12 5 1 
50390|Child_Avg|31: 1777 686 287 121 58 28 12 5 1 
50392|Child_Cross12|9: 1809 676 287 121 58 28 12 5 1 
50399|Child_Cross12|13: 1776 676 287 121 58 28 12 5 1 
50401|Child_Cross12|5: 1777 676 287 121 58 28 12 5 1 
50402|Child_Cross21|10: 1788 676 287 121 58 28 12 5 1 
50403|Child_Cross12|13: 1822 676 287 121 58 28 12 5 1 
50404|Child_Avg|51: 1802 676 287 121 58 28 12 5 1 
50406|Child_Avg|23: 1795 676 287 121 58 28 12 5 1 
50418|Child_Cross21|10: 1803 676 287 121 58 28 12 5 1 
50421|Child_Cross12|45: 1789 676 287 121 58 28 12 5 1 
50427|Child_Cross12|57: 1782 676 287 121 58 28 12 5 1 
50456|Child_Cross21|58: 1840 676 287 121 58 28 12 5 1 
50457|Child_Cross21|10: 1745 681 287 121 58 28 12 5 1 
50471|Child_CrossABC1|1: 1820 676 287 121 58 28 12 5 1 
50472|Child_Cross21|50: 1808 676 287 121 58 28 12 5 1 
50489|Child_Cross21|18: 1796 676 287 121 58 28 12 5 1 
50510|Child_Cross21|26: 1806 676 287 121 58 28 12 5 1 
50512|Child_Cross21|10: 1846 676 287 121 58 28 12 5 1 
50538|Survivor|1: 1827 676 287 121 58 28 12 5 1 
50612|Child_Cross21|54: 1807 676 287 121 58 28 12 5 1 
50622|Child_CrossABC2|8: 2197 676 287 121 58 28 12 5 1 
50626|Child_Avg|51: 1833 676 287 121 58 28 12 5 1 
51253|Child_CrossABC2|8: 1841 679 275 130 62 24 11 5 1 
51329|Survivor|1: 2208 964 319 146 71 29 10 4 1 
51390|Child_CrossABC2|8: 2191 698 292 136 65 28 12 5 1 
51554|Survivor|1: 2137 811 327 143 77 28 12 5 1 
51584|Child_LevyP1|3: 1963 732 296 129 67 30 11 5 1 
52387|Child_Avg|43: 2158 759 341 138 76 35 12 5 1 
52404|Child_CrossABC1|1: 2200 767 341 138 74 35 12 5 1 
52439|Survivor|1: 2227 744 333 126 74 35 12 5 1 
52480|Survivor|1: 2280 693 290 119 72 30 11 5 1 
52600|Child_Avg|47: 1803 635 270 129 64 24 11 5 1 
52614|Survivor|1: 1803 635 238 129 64 24 11 5 1 
52774|Survivor|1: 1944 747 335 135 61 28 12 5 1 
