20|Survivor|1: 1134 344 129 55 23 10 4 1 
124|Child_Cross|34: 1373 326 172 59 21 10 4 1 
473|Survivor|1|Mutated: 1337 370 138 53 24 11 5 1 
684|Survivor|1: 447 163 72 27 10 4 1 
909|Survivor|1|Mutated: 742 289 113 55 24 9 4 1 
966|Child_Cross|57|Mutated: 1189 319 136 56 21 10 4 1 
1371|Survivor|1: 1385 332 157 47 24 9 4 1 
1434|Survivor|1: 1682 355 151 62 28 9 4 1 
2237|Survivor|1: 906 292 115 44 19 10 4 1 
2267|Survivor|1: 827 305 130 46 24 9 4 1 
2486|Survivor|1: 796 290 111 47 25 9 4 1 
2747|Survivor|1: 831 239 99 46 21 10 4 1 
2806|Child_Levy|24: 433 136 55 24 9 4 1 
2905|Survivor|1: 1582 328 105 55 24 9 4 1 
2906|Child_Cross|6: 1284 267 111 55 24 9 4 1 
2918|Child_Cross|50: 1284 267 111 49 24 9 4 1 
3134|Survivor|1: 605 245 103 50 24 9 4 1 
3291|Survivor|1: 1398 354 151 67 30 9 4 1 
3586|Survivor|1: 448 139 61 23 10 4 1 
3618|Child_Cross|54: 1852 405 125 58 23 10 4 1 
3688|Child_Levy|44: 1198 345 150 62 24 9 4 1 
3810|Survivor|1: 1310 312 129 44 24 9 4 1 
4231|Survivor|1: 940 280 141 57 23 10 4 1 
4302|Survivor|1: 1569 424 113 59 20 9 4 1 
4684|Survivor|1|Mutated: 1376 278 113 51 19 10 4 1 
5904|Survivor|1|Mutated: 1525 383 185 61 29 10 4 1 
6130|Survivor|1: 1546 362 112 61 24 9 4 1 
6306|Survivor|1: 382 150 55 24 9 4 1 
6999|Child_Cross|18: 1494 359 159 49 21 10 4 1 
7079|Child_Cross|10: 1526 427 119 53 24 9 4 1 
7188|Survivor|1: 803 244 120 52 19 10 4 1 
7212|Survivor|1: 452 186 77 23 10 4 1 
7832|Survivor|1: 1248 337 193 69 27 10 4 1 
8213|Survivor|1: 1359 370 135 58 24 9 4 1 
8329|Survivor|1: 1763 385 142 59 28 13 4 1 
8791|Child_Avg|15: 929 300 126 61 23 10 4 1 
8827|Child_Cross|17: 1515 404 125 54 19 10 4 1 
9046|Child_Cross|61: 1249 261 123 47 23 10 4 1 
9063|Survivor|1|Mutated: 1416 278 145 47 23 10 4 1 
9311|Survivor|1: 475 171 69 27 10 4 1 
9751|Survivor|1: 1342 302 113 46 24 9 4 1 
9851|Survivor|1: 847 249 103 45 21 10 4 1 
10422|Survivor|1: 935 280 105 53 24 9 4 1 
10487|Random|24: 1715 360 147 59 24 9 4 1 
10513|Survivor|1: 1251 311 128 46 24 9 4 1 
10948|Survivor|1: 1315 459 139 63 27 10 4 1 
11182|Survivor|1: 1285 478 139 79 27 10 4 1 
12240|Child_Avg|35: 443 182 66 27 10 4 1 
12330|Survivor|1: 465 156 58 24 9 4 1 
12931|Survivor|1: 1215 350 113 47 21 10 4 1 
13614|Survivor|1: 1279 368 136 50 29 9 4 1 
14379|Child_Cross|21: 1391 321 139 56 25 10 4 1 
14394|Child_Cross|29: 1391 321 139 56 25 9 4 1 
14438|Survivor|1: 1391 367 139 58 28 11 4 1 
14466|Survivor|1: 1357 300 117 50 24 9 4 1 
14636|Survivor|1: 1333 317 125 49 24 9 4 1 
15107|Survivor|1: 465 132 61 24 9 4 1 
15678|Child_Cross|58: 1393 381 129 55 28 13 4 1 
15738|Child_Levy|56: 1316 371 131 58 24 9 4 1 
15946|Survivor|1: 800 244 98 51 23 10 4 1 
16114|Survivor|1: 1340 364 127 53 24 11 4 1 
16121|Child_Cross|9: 1340 364 127 53 24 9 4 1 
16158|Survivor|1: 487 176 69 27 10 4 1 
16177|Survivor|1: 1275 313 118 48 27 10 4 1 
16233|Survivor|1: 1647 501 141 49 24 9 4 1 
16270|Random|16: 1761 385 143 67 21 10 4 1 
16290|Survivor|1: 1638 459 169 59 21 10 4 1 
16433|Child_Cross|37: 1374 484 161 58 24 9 4 1 
16545|Survivor|1: 1529 328 148 52 25 14 4 1 
16850|Survivor|1: 1497 372 140 53 22 8 3 1 
17388|Survivor|1: 453 164 64 29 10 4 1 
17688|Child_Levy|12: 393 161 67 24 9 4 1 
17738|Survivor|1: 824 251 137 53 24 9 4 1 
17789|Survivor|1: 940 251 137 53 24 9 4 1 
17803|Survivor|1: 778 236 99 43 20 9 4 1 
17963|Survivor|1: 580 174 75 28 11 4 1 
18129|Survivor|1: 898 277 119 49 24 9 4 1 
18600|Survivor|1: 471 197 73 27 10 4 1 
18657|Child_Avg|47|Mutated: 1285 382 117 58 24 9 4 1 
18705|Survivor|1: 780 253 103 39 20 9 4 1 
19077|Child_Cross|25: 1477 379 142 50 19 10 4 1 
19119|Survivor|1: 714 224 97 47 21 10 4 1 
19601|Survivor|1: 1781 388 181 60 23 10 4 1 
19832|Survivor|1: 785 298 108 51 23 10 4 1 
20371|Survivor|1: 1276 333 136 57 21 10 4 1 
20582|Survivor|1: 448 185 61 29 10 4 1 
20948|Survivor|1: 455 167 53 24 9 4 1 
21547|Child_Cross|61: 1303 271 114 59 27 10 4 1 
21723|Child_Cross|50: 1440 369 137 43 24 9 4 1 
22355|Survivor|1: 1461 328 151 63 27 10 4 1 
22639|Survivor|1: 1631 383 121 56 24 9 4 1 
23389|Child_Cross|21: 1458 352 132 59 27 10 4 1 
23592|Child_Cross|18|Mutated: 789 320 110 43 20 9 4 1 
24233|Child_Avg|31: 1394 389 131 60 23 10 4 1 
24359|Child_Levy|44: 442 158 67 23 10 4 1 
24474|Survivor|1: 549 164 65 29 10 4 1 
24660|Survivor|1: 1887 439 192 62 24 9 4 1 
24715|Survivor|1: 820 255 112 47 23 10 4 1 
24814|Child_Levy|56: 1566 404 149 52 24 9 4 1 
25015|Survivor|1: 433 143 61 24 9 4 1 
25698|Survivor|1: 1182 316 103 59 20 9 4 1 
25854|Survivor|1: 409 149 71 23 10 4 1 
25869|Child_Levy|40: 1339 274 104 49 21 10 4 1 
25907|Survivor|1: 946 254 103 49 21 10 4 1 
25997|Survivor|1: 809 253 102 46 24 9 4 1 
26299|Survivor|1: 1338 379 140 45 23 10 4 1 
26407|Random|35: 1796 426 154 61 24 9 4 1 
26424|Survivor|1|Mutated: 1796 349 154 61 24 9 4 1 
27074|Survivor|1: 921 296 116 43 20 9 4 1 
27321|Survivor|1: 1214 312 134 49 21 10 4 1 
27386|Survivor|1: 767 281 120 56 25 9 4 1 
27720|Survivor|1: 1872 562 234 106 51 23 10 4 1 
27961|Survivor|1: 1472 350 143 59 22 8 3 1 
28223|Child_Avg|51: 1244 325 152 61 29 9 4 1 
28692|Survivor|1: 1258 324 129 52 24 9 4 1 
29175|Survivor|1: 892 275 109 53 24 9 4 1 
29201|Child_Cross|1: 1065 331 137 55 24 9 4 1 
29258|Survivor|1: 446 176 67 24 9 4 1 
29278|Survivor|1: 479 174 73 27 10 4 1 
30052|Survivor|1: 861 271 107 43 20 9 4 1 
30189|Survivor|1: 1223 344 118 47 25 9 4 1 
30443|Child_Cross|30|Mutated: 1529 315 121 67 25 9 4 1 
30528|Survivor|1: 379 151 59 27 10 4 1 
30681|Survivor|1: 463 151 61 23 10 4 1 
30715|Child_Cross|62: 1206 313 117 47 21 10 4 1 
30794|Child_Cross|34: 1214 285 130 54 24 11 4 1 
30894|Child_Cross|29: 1258 278 116 49 25 10 4 1 
31199|Child_Levy|36: 813 303 122 47 23 10 4 1 
31360|Survivor|1: 1755 450 133 60 29 10 4 1 
32026|Survivor|1: 485 177 55 27 10 4 1 
32250|Child_Avg|55: 1096 335 124 51 23 10 4 1 
32314|Survivor|1: 1249 392 118 49 24 9 4 1 
32415|Child_Levy|64: 518 176 69 27 10 4 1 
32759|Survivor|1|Mutated: 1498 371 109 64 24 9 4 1 
32763|Survivor|1|Mutated: 1700 371 126 64 29 9 4 1 
33019|Survivor|1|Mutated: 1820 558 164 62 27 10 4 1 
33070|Survivor|1: 1361 392 141 59 27 10 4 1 
33139|Survivor|1: 799 269 101 52 24 9 4 1 
33316|Survivor|1: 744 278 110 48 23 10 4 1 
33371|Child_Cross|5: 1345 407 152 55 27 10 4 1 
33853|Survivor|1: 429 136 59 24 9 4 1 
34184|Survivor|1: 1522 445 136 58 23 10 4 1 
34191|Survivor|1|Mutated: 1522 453 136 58 23 10 4 1 
34257|Survivor|1: 448 155 58 23 10 4 1 
34349|Survivor|1: 1370 302 107 66 27 10 4 1 
34381|Child_Cross|6: 907 375 114 53 24 9 4 1 
34421|Survivor|1: 449 129 58 24 9 4 1 
35094|Child_Cross|9: 1237 300 106 49 21 10 4 1 
35465|Survivor|1: 550 157 68 28 13 4 1 
35760|Survivor|1: 793 294 111 51 23 10 4 1 
35980|Survivor|1: 372 139 59 27 10 4 1 
36108|Survivor|1: 1206 356 132 60 19 10 4 1 
36122|Child_Cross|9: 815 247 92 49 17 10 4 1 
36260|Survivor|1: 561 167 70 21 10 4 1 
36302|Survivor|1: 1611 501 129 64 23 10 4 1 
36425|Survivor|1: 1568 425 139 64 29 14 4 1 
36426|Child_Avg|55: 1153 304 126 61 23 10 4 1 
36443|Child_Cross|62: 1374 404 177 56 27 10 4 1 
36458|Survivor|1: 1516 404 177 56 27 10 4 1 
36512|Survivor|1: 907 295 105 55 24 9 4 1 
36819|Survivor|1: 414 143 58 24 9 4 1 
36952|Child_Cross|49: 1429 345 104 59 21 10 4 1 
37095|Survivor|1: 572 199 72 32 13 4 1 
37310|Child_Avg|3: 444 166 61 24 9 4 1 
37317|Survivor|1: 1195 333 105 61 24 9 4 1 
37533|Child_Avg|39: 1288 374 128 61 24 9 4 1 
37760|Survivor|1: 1186 378 121 56 21 10 4 1 
37765|Child_Cross|25: 814 258 113 47 21 10 4 1 
37806|Survivor|1: 814 258 113 47 23 10 4 1 
38142|Survivor|1: 1183 368 131 61 23 10 4 1 
38255|Survivor|1: 894 287 104 55 21 10 4 1 
38369|Survivor|1: 1217 333 175 53 24 9 4 1 
38477|Child_Cross|30: 1389 387 152 49 24 9 4 1 
38566|Survivor|1: 1323 375 126 58 28 11 4 1 
38742|Survivor|1: 1224 327 134 45 21 10 4 1 
38988|Survivor|1: 831 233 126 55 24 9 4 1 
39074|Child_Avg|35: 1274 390 165 58 24 9 4 1 
39238|Survivor|1: 841 263 124 46 24 9 4 1 
39255|Child_Cross|26: 569 186 80 30 11 5 1 
39446|Survivor|1: 1452 339 128 55 26 10 3 1 
39667|Survivor|1: 1334 334 131 55 27 10 4 1 
39744|Survivor|1: 542 166 71 28 11 4 1 
40656|Child_Levy|60: 494 185 72 32 13 4 1 
40801|Survivor|1: 1240 330 154 75 29 9 4 1 
40942|Child_Cross|61: 1632 525 145 59 24 9 4 1 
41053|Survivor|1: 1791 429 119 54 23 10 4 1 
41156|Survivor|1: 889 279 126 44 24 9 4 1 
41177|Child_Levy|60: 527 154 78 30 11 5 1 
41299|Survivor|1: 1475 380 143 62 29 9 4 1 
42187|Survivor|1: 1447 332 126 45 21 10 4 1 
42305|Child_Cross|41: 797 290 120 45 21 10 4 1 
42404|Survivor|1: 1427 375 124 55 20 9 4 1 
42546|Survivor|1: 1320 422 167 62 24 9 4 1 
42740|Survivor|1: 1185 340 131 51 23 10 4 1 
