6|Survivor|1|Mutated: 65853 29351 13082 5831 2599 1158 516 220 102 45 20 9 4 1 
10|Child_Avg|19: 28136 12104 5443 2374 1051 466 247 113 48 20 9 4 1 
11|Child_Cross21|22: 32661 14182 6277 2532 1164 418 247 113 48 20 9 4 1 
12|Child_Cross12|9: 29263 11223 5008 2228 1025 413 223 105 44 19 9 4 1 
16|Child_Cross21|58: 29263 11223 5008 2228 1025 413 245 114 53 24 9 4 1 
21|Survivor|1|Mutated: 29431 11223 5008 2228 1025 413 245 114 53 25 9 4 1 
24|Child_CrossABC1|7: 31383 11273 4985 2139 1016 419 244 114 52 25 9 5 1 
25|Child_CrossABC2|2: 29345 11224 5028 2278 1031 417 246 114 54 25 9 5 1 
26|Child_Cross21|38: 30623 11231 4987 2097 1017 413 246 114 54 25 9 5 1 
28|Child_Levy|56: 27167 9918 4733 2053 979 397 226 111 47 24 11 4 1 
29|Child_Cross12|5: 26987 10557 4422 2075 1047 401 246 114 54 25 9 5 1 
32|Child_Cross12|37: 31679 10105 4619 2062 989 397 246 114 54 25 9 5 1 
34|Child_Avg|59|Mutated: 29894 10683 5021 2077 1011 381 239 110 49 24 9 4 1 
37|Child_Levy|24: 28951 10398 4939 2069 1001 394 246 113 43 24 11 5 1 
40|Child_LevyP2|4: 28857 10725 5044 1981 938 370 227 110 47 24 11 5 1 
42|Child_Levy|40: 28353 10663 4981 2044 983 370 238 110 47 23 10 4 1 
50|Child_Cross12|33: 30673 11168 4830 2099 999 363 238 110 47 23 10 4 1 
51|Child_Cross12|41: 28427 10918 4703 2056 966 367 238 110 47 23 10 4 1 
78|Survivor|1|Mutated: 30673 11168 4830 2099 999 415 238 110 47 23 10 4 1 
81|Child_CrossABC2|2: 31439 10597 4858 2107 1048 418 238 110 47 23 10 4 1 
82|Child_CrossABC2|2: 30442 10888 4857 2116 1050 449 238 110 47 23 10 4 1 
94|Child_CrossABC1|1: 30590 10895 4877 2114 1051 437 238 110 47 23 10 4 1 
105|Child_Levy|32: 30521 10990 4812 2102 1044 427 231 111 46 21 9 5 1 
108|Child_CrossABC2|8: 30337 11042 4848 2037 1041 398 232 109 47 23 10 4 1 
112|Child_Cross12|1: 30540 11096 5270 2107 1035 408 230 109 45 23 10 4 1 
116|Child_Cross12|37: 28717 10600 4875 2017 978 366 230 109 45 23 10 4 1 
118|Child_CrossABC2|2: 29075 10653 4687 2024 971 381 230 109 45 23 10 4 1 
136|Child_Cross12|45: 28825 10689 4660 2017 937 358 230 107 45 23 10 4 1 
139|Child_CrossABC2|8: 28755 10683 4583 2019 933 344 230 108 45 23 10 4 1 
148|Child_Cross21|14: 27850 10914 4678 2015 949 335 230 108 45 23 10 4 1 
151|Child_CrossABC2|2: 28695 11007 4802 2024 997 337 237 113 47 24 9 4 1 
154|Child_CrossABC1|7: 28683 11178 4621 2023 996 337 236 122 47 23 10 4 1 
192|Child_LevyABC2|6: 18612 7209 3453 1673 665 254 139 59 29 13 6 1 
194|Child_LevyP1|3: 19980 6940 3051 1312 681 259 134 65 27 10 4 1 
210|Child_CrossABC2|2: 18104 6981 3008 1342 633 251 134 65 27 10 4 1 
213|Child_Cross12|29: 18208 6927 3118 1301 660 235 134 65 27 10 4 1 
223|Child_Cross21|22: 19153 7847 3094 1406 653 217 137 62 27 10 4 1 
224|Child_Cross12|9: 20286 7665 3163 1369 623 223 144 63 25 11 6 1 
225|Child_Levy|44: 19008 7211 3114 1357 637 229 135 63 29 11 5 1 
232|Child_Cross12|45: 21704 8162 3148 1374 647 221 134 51 27 13 5 1 
245|Survivor|1: 23420 8121 3571 1378 655 215 134 51 27 13 5 1 
247|Child_Avg|51: 21345 7721 3235 1418 632 225 136 56 27 13 5 1 
266|Survivor|1: 22269 8130 3226 1344 624 201 137 54 24 11 4 1 
294|Child_LevyP2|10: 25665 11019 3926 1695 745 266 178 63 31 13 4 1 
295|Child_Avg|3: 23351 9977 3677 1570 660 273 140 59 30 12 5 1 
297|Child_Levy|60: 26572 10986 4240 1984 753 291 149 63 29 13 6 1 
298|Child_LevyP2|4: 22786 9361 3703 1591 685 267 141 60 29 11 4 1 
301|Child_Avg|7: 24695 10697 4104 1647 724 254 153 62 30 11 5 1 
302|Child_Avg|11: 24683 10901 3948 1629 716 256 149 63 30 12 5 1 
303|Child_Cross12|53: 23438 9053 3647 1393 615 259 153 62 30 11 5 1 
304|Child_Cross12|9: 25690 10563 3485 1593 660 259 140 62 29 10 4 1 
306|Child_Cross12|57: 24683 10901 3948 1629 716 256 149 61 30 12 5 1 
308|Child_Avg|3: 23903 10124 3932 1514 672 256 143 61 29 10 4 1 
309|Child_Avg|31: 25283 10935 4040 1610 727 253 147 62 28 12 5 1 
312|Child_CrossABC2|2: 25510 10925 4038 1602 723 253 148 63 29 13 6 1 
325|Child_LevyP2|10: 24898 10048 3723 1862 657 231 139 66 29 13 6 1 
326|Child_Avg|23|Mutated: 21904 8976 3425 1385 600 241 145 57 28 12 5 1 
328|Child_Avg|19: 22599 9647 3493 1385 600 237 142 61 28 12 5 1 
329|Child_CrossABC2|2: 21427 9316 3458 1398 583 230 141 58 28 12 5 1 
331|Child_Levy|60: 21910 9336 3725 1400 601 250 143 58 28 12 5 1 
332|Child_CrossABC2|2: 21755 8921 3520 1285 643 272 144 59 28 12 5 1 
334|Child_CrossABC2|8: 23612 9629 3694 1430 597 264 142 59 27 13 5 1 
344|Child_Avg|3: 21225 7906 3761 1947 827 303 165 75 28 11 4 1 
351|Child_Levy|48: 21163 7026 3230 1714 710 288 161 73 30 11 5 1 
353|Child_Levy|36: 21913 7510 3206 1565 684 259 157 66 28 12 5 1 
373|Child_Cross21|10: 21557 7631 3235 1527 686 231 156 66 28 12 5 1 
374|Child_Cross12|57: 22380 7103 3151 1531 668 230 169 66 28 12 5 1 
375|Child_CrossABC1|7: 21963 7518 3158 1564 695 230 161 71 28 12 5 1 
383|Child_Avg|59: 27985 11556 4971 1985 921 318 178 67 31 11 4 1 
387|Child_Levy|20: 23817 8942 3711 1709 750 280 169 69 28 12 5 1 
389|Child_CrossABC1|1: 23816 8942 3712 1709 751 281 169 69 29 13 6 1 
392|Child_CrossABC2|8: 23816 8942 3751 1709 751 281 169 69 29 13 6 1 
393|Child_CrossABC2|2: 24438 9072 3297 1587 716 302 169 69 29 13 6 1 
404|Child_Levy|28: 23156 7968 3253 1516 687 278 169 67 27 11 4 1 
406|Child_Cross21|38: 23813 8359 3385 1534 663 253 169 67 27 11 4 1 
408|Child_Cross21|34: 22865 8386 3385 1556 691 248 168 67 28 12 5 1 
410|Child_Cross12|45: 23338 8119 3418 1533 672 247 169 68 27 11 4 1 
411|Child_Avg|7: 22827 7813 3266 1533 614 249 170 67 28 12 5 1 
412|Child_Avg|19: 20859 7782 3047 1503 672 254 167 74 28 13 4 1 
413|Child_Cross12|29: 21256 8011 3400 1492 601 247 170 67 28 12 5 1 
443|Child_CrossABC1|1: 29581 8128 4027 1747 804 337 174 73 32 13 5 1 
448|Child_Avg|23|Mutated: 27541 7640 3963 1719 782 363 169 77 35 13 5 1 
449|Child_CrossABC2|8: 28757 8127 3944 1723 771 378 174 81 32 13 5 1 
451|Child_Cross21|14: 28091 8697 4080 1767 840 374 175 73 32 13 5 1 
455|Survivor|1|Mutated: 28091 8697 4080 1997 840 329 157 60 27 13 5 1 
456|Child_Levy|16: 28035 8457 3925 1804 773 306 167 67 30 14 5 1 
457|Child_Avg|7: 25379 8398 3785 2002 835 327 163 68 30 12 5 1 
460|Child_Cross12|21: 27047 8047 3694 1578 744 305 163 68 30 12 5 1 
462|Child_Cross21|42: 27709 8579 3616 1779 744 306 163 68 30 12 5 1 
501|Child_Avg|15: 27411 8376 3645 1794 712 300 162 67 30 12 5 1 
502|Child_Cross21|46: 26707 8323 3497 1735 729 291 167 68 30 12 5 1 
515|Child_Cross21|58: 28283 7978 3337 1767 726 286 167 68 30 12 5 1 
516|Child_Avg|55: 27025 8096 3584 1674 715 278 166 67 30 11 5 1 
528|Child_Cross21|50: 27453 8432 3458 1659 718 273 166 67 30 11 5 1 
545|Child_CrossABC1|1: 27450 8345 3453 1684 722 284 166 67 30 11 5 1 
546|Child_Cross12|49: 27141 9044 3669 1680 755 273 166 67 30 11 5 1 
552|Child_CrossABC2|2: 27139 8954 3673 1685 709 294 166 67 30 11 5 1 
556|Child_Avg|31: 27053 8798 3677 1668 697 283 165 67 30 11 5 1 
557|Child_Cross12|33: 28237 8935 3627 1666 684 245 166 67 30 11 5 1 
558|Child_CrossABC2|2: 28049 8810 3621 1672 695 303 166 67 30 11 5 1 
563|Child_CrossABC2|2: 28100 8671 3730 1674 693 331 178 69 30 11 5 1 
566|Child_Levy|40: 27767 8587 3664 1652 684 279 172 69 28 11 4 1 
574|Child_CrossABC2|8: 27097 8471 3425 1557 667 262 172 69 28 11 4 1 
576|Child_CrossABC1|1: 26407 8329 3432 1562 670 271 172 69 28 11 4 1 
586|Child_Levy|60: 32752 14160 4393 1854 914 473 198 67 28 12 5 1 
588|Child_Cross12|5: 26883 11499 4250 1642 819 358 198 67 28 12 5 1 
600|Child_Avg|39: 27991 9903 3623 1591 678 310 193 65 28 12 5 1 
602|Child_Avg|47: 25748 9105 3591 1529 734 296 192 65 28 12 5 1 
609|Child_Cross21|2: 25659 9051 3579 1513 728 292 193 64 27 13 4 1 
610|Child_Avg|43: 25794 9116 3621 1514 730 290 192 65 28 12 5 1 
617|Child_CrossABC1|1: 25951 9188 3611 1516 728 289 192 65 28 12 5 1 
620|Child_Cross21|18: 25708 8950 3630 1540 719 274 192 65 28 12 5 1 
621|Child_Avg|55: 26160 8629 3704 1523 674 280 177 61 28 12 5 1 
622|Child_CrossABC2|2|Mutated: 21770 9056 3571 1549 695 275 146 63 28 12 5 1 
639|Child_Cross21|14: 23960 8632 3455 1500 708 248 160 73 28 12 5 1 
640|Child_CrossABC2|8: 27399 10816 3840 1633 737 275 170 69 40 15 4 1 
641|Child_Levy|60: 23649 8751 3532 1535 706 249 153 67 30 13 5 1 
651|Child_Avg|27: 24272 8347 3468 1509 685 246 158 67 30 11 5 1 
653|Child_Cross21|2: 23548 8372 3512 1587 720 242 161 69 32 13 5 1 
656|Child_Avg|47: 23256 8308 3436 1495 702 242 155 67 30 11 5 1 
660|Child_Avg|7: 22575 8487 3565 1581 682 246 135 67 29 11 5 1 
690|Child_Cross12|25: 21480 8620 3581 1468 642 230 135 67 30 11 5 1 
691|Child_Cross12|21: 21479 8621 3582 1469 641 229 135 67 29 11 5 1 
692|Child_Cross12|53: 21536 7889 3479 1469 652 226 135 67 30 11 5 1 
693|Child_Avg|43: 21256 8508 3654 1439 651 230 136 67 30 11 5 1 
704|Child_Cross12|41: 21196 8245 3516 1376 631 222 136 67 30 11 5 1 
705|Child_Avg|59: 21283 8483 3666 1434 640 225 136 67 30 11 5 1 
706|Child_CrossABC2|2: 21473 8079 3477 1404 631 222 136 67 30 11 5 1 
707|Child_Avg|55: 21325 8009 3460 1372 630 222 134 65 30 11 5 1 
715|Child_CrossABC1|1: 22643 8330 3609 1369 633 214 134 65 30 11 5 1 
718|Child_CrossABC2|2: 22820 8327 3731 1349 639 214 134 65 30 11 5 1 
719|Child_CrossABC2|8: 21825 8486 3618 1328 636 215 134 65 30 11 5 1 
722|Child_Avg|55: 22696 8279 3659 1366 622 212 134 65 31 11 5 1 
723|Child_LevyP1|3: 22999 8610 3588 1404 651 211 133 66 32 13 4 1 
726|Child_Avg|59: 22089 8030 3499 1415 611 208 128 62 30 11 5 1 
731|Child_LevyP2|10: 21522 7974 3642 1483 618 214 134 65 31 11 4 1 
735|Child_Avg|47: 22058 7992 3392 1432 617 204 130 59 29 11 5 1 
736|Child_CrossABC2|2: 22053 8086 3393 1476 620 204 130 59 29 11 5 1 
741|Child_CrossABC2|8: 21891 8151 3373 1385 616 198 130 59 29 11 5 1 
757|Child_Levy|48: 23369 8042 3445 1400 624 195 129 58 30 12 5 1 
799|Child_CrossABC1|1: 22244 8070 3329 1306 604 235 126 60 29 11 5 1 
809|Child_CrossABC1|1: 22959 8416 3188 1338 617 216 126 64 27 13 5 1 
824|Child_Cross21|34: 22966 8368 3157 1338 600 214 123 61 27 13 5 1 
826|Child_Cross12|41: 22234 8334 3198 1312 618 213 124 67 26 14 5 1 
829|Child_CrossABC2|2: 22195 8935 3193 1355 608 215 124 67 26 14 5 1 
832|Child_Avg|39: 22071 8563 3208 1367 609 207 124 63 27 13 5 1 
837|Child_LevyP2|10: 39341 10789 3721 2148 756 351 150 80 34 13 5 1 
840|Child_Cross21|50: 30442 9188 3310 1733 648 275 136 73 31 12 5 1 
845|Child_CrossABC1|1: 30248 9890 3287 1704 641 268 133 74 33 12 5 1 
846|Child_CrossABC1|7: 29054 8775 3350 1590 696 253 117 59 28 13 4 1 
851|Child_Levy|44: 29016 8789 3136 1587 625 246 129 67 30 11 5 1 
853|Child_Avg|3: 23870 8109 3297 1522 658 350 136 63 27 14 4 1 
860|Child_Avg|59|Mutated: 23211 7183 2799 1339 601 312 138 63 28 13 4 1 
861|Child_Avg|31: 23540 7646 3048 1430 629 331 137 63 27 14 4 1 
863|Child_Avg|11: 21416 7573 2847 1337 597 321 134 62 28 13 4 1 
867|Child_Cross21|14: 23692 7595 3069 1433 606 261 134 62 28 13 4 1 
868|Child_Cross12|17: 23692 7595 3069 1433 606 261 134 63 30 14 5 1 
869|Child_Avg|35: 22179 7572 2881 1403 602 295 134 62 28 13 4 1 
878|Child_CrossABC1|7: 22370 7600 3057 1419 592 269 134 62 28 13 4 1 
879|Child_Avg|51: 22576 7134 2883 1397 610 265 131 61 28 13 4 1 
881|Child_CrossABC1|7: 22321 8121 3080 1446 596 285 134 62 28 13 4 1 
888|Child_CrossABC1|7: 22419 8014 2996 1441 707 255 134 62 28 13 4 1 
891|Child_CrossABC2|8: 22419 7019 3261 1348 669 285 134 61 28 13 4 1 
892|Child_Cross12|5: 23252 7665 3069 1396 646 263 133 61 27 13 4 1 
893|Child_Avg|47: 22141 7895 3144 1447 644 279 138 59 28 12 5 1 
898|Child_Cross21|46: 23174 7355 3449 1382 665 242 136 59 27 13 5 1 
900|Child_CrossABC1|1: 23298 7196 3552 1362 667 257 136 58 27 13 5 1 
902|Child_Avg|39: 23224 7430 3230 1378 653 243 149 62 27 13 4 1 
904|Child_Cross21|42: 22925 7220 3312 1371 658 248 133 69 31 14 4 1 
916|Child_Cross12|1: 22928 8075 3462 1448 634 238 133 69 31 14 4 1 
919|Child_CrossABC1|7: 21686 7020 3354 1352 653 236 133 69 31 14 6 1 
920|Child_Cross12|25: 21866 7290 3038 1379 627 224 133 69 31 14 5 1 
924|Child_Levy|12: 22479 7142 3530 1385 667 221 130 69 32 11 4 1 
929|Child_Avg|55: 22109 7166 3426 1363 638 222 131 64 28 13 4 1 
931|Child_Cross12|13: 22573 7540 3085 1326 658 217 128 66 29 14 6 1 
933|Child_Avg|23: 22225 7325 3276 1395 654 205 128 66 29 13 6 1 
938|Survivor|1|Mutated: 21122 7294 3201 1423 650 206 127 66 30 13 5 1 
943|Child_LevyP1|3: 23041 7904 3199 1363 653 206 132 65 25 11 6 1 
980|Child_Cross12|33: 39611 12398 5716 2054 1052 355 160 78 29 11 4 1 
982|Child_Levy|24: 35580 11058 4274 2057 848 398 198 67 29 11 3 1 
983|Child_Avg|39: 25077 8732 3861 1663 703 281 171 69 27 11 4 1 
984|Survivor|1|Mutated: 25077 7643 3989 1663 703 281 171 69 27 11 4 1 
986|Child_LevyP1|3: 33626 11714 5523 2213 916 454 246 156 61 23 10 4 1 
989|Child_LevyP2|4: 25364 9199 4059 1567 705 297 174 66 28 12 5 1 
994|Child_Levy|44: 22329 7903 3301 1384 637 268 172 65 29 10 4 1 
998|Child_LevyABC2|12: 22258 7941 3395 1453 674 283 142 77 29 9 5 1 
1000|Child_LevyABC2|6: 22371 7705 3409 1529 620 265 139 70 30 11 5 1 
1005|Child_CrossABC1|1: 23259 8529 3668 1519 704 265 139 70 30 11 5 1 
1006|Child_Avg|31: 22819 8005 3633 1594 638 263 131 70 29 11 5 1 
1007|Child_Cross21|2: 22970 7345 3334 1389 611 246 139 70 30 14 5 1 
1008|Child_Levy|48: 22745 7762 3644 1556 619 258 141 70 29 9 4 1 
1009|Child_Avg|31: 22408 8098 3396 1430 617 253 131 73 28 12 5 1 
1011|Child_Levy|28: 22280 8062 3451 1444 612 253 144 65 28 12 5 1 
1017|Child_Avg|51: 22948 8163 3495 1427 600 239 143 63 28 12 5 1 
1018|Child_Cross12|49: 22492 8277 3410 1383 627 223 148 65 27 13 5 1 
1019|Child_CrossABC1|7: 21859 7844 3485 1445 625 239 143 63 28 12 5 1 
1025|Child_Avg|55: 23229 7998 3408 1433 643 259 140 62 27 10 4 1 
1027|Survivor|1|Mutated: 23229 9512 3408 1433 643 259 140 62 27 10 4 1 
1031|Child_Cross21|42: 22769 7998 3416 1452 712 251 129 65 28 13 4 1 
1036|Child_LevyP1|9: 22954 10806 3302 1418 685 264 129 79 30 14 5 1 
1041|Child_Levy|20: 31547 8640 4085 1556 734 336 149 89 35 11 5 1 
1044|Child_Cross12|21: 25384 8190 3353 1434 662 235 129 79 30 14 5 1 
1051|Child_Avg|7: 22878 7224 3033 1330 601 230 127 78 30 13 5 1 
1054|Child_LevyP2|10|Mutated: 22691 7642 2678 1357 597 236 129 72 31 14 5 1 
1064|Child_Cross21|50: 22899 7048 2978 1318 609 214 125 67 30 11 5 1 
1083|Child_Levy|52|Mutated: 22471 7017 3475 1303 796 266 141 60 28 11 4 1 
1100|Child_CrossABC2|8: 22445 7225 3032 1275 627 235 142 60 28 11 4 1 
1102|Child_Avg|27: 22369 7076 3046 1278 616 221 136 59 27 10 4 1 
1110|Child_CrossABC1|7: 23426 7500 3002 1355 585 228 139 59 27 10 4 1 
1113|Child_Avg|35: 22295 7060 2989 1332 585 309 136 56 27 10 4 1 
1116|Survivor|1: 22301 7053 3010 1346 576 330 134 59 27 10 4 1 
1117|Child_CrossABC1|1: 22699 7281 3013 1345 611 394 131 58 26 9 4 1 
1118|Child_Avg|51: 21921 7366 2953 1409 596 254 136 56 27 10 4 1 
1121|Child_Levy|16: 22261 7218 2998 1266 711 295 131 60 28 11 4 1 
1123|Child_Cross12|25: 22133 6965 2928 1354 617 213 133 57 25 11 5 1 
1127|Child_Cross21|54: 22133 6965 2928 1354 617 213 134 58 24 11 5 1 
1128|Child_Cross12|5: 21661 6861 2901 1284 636 232 158 53 24 11 5 1 
1148|Child_CrossABC1|1: 23039 7290 3026 1422 632 241 147 57 25 11 5 1 
1161|Survivor|1|Mutated: 23039 7290 3026 1566 632 262 147 63 25 9 5 1 
1163|Child_CrossABC2|2: 23124 7471 3068 1427 629 252 139 65 27 10 4 1 
1165|Child_Cross21|2: 23124 7471 3068 1427 629 252 135 66 25 12 5 1 
1174|Child_LevyABC1|5: 22854 6979 3086 1401 615 245 145 56 27 11 4 1 
1175|Child_Cross21|58: 23342 7275 3054 1440 625 235 143 67 24 11 5 1 
1198|Child_LevyABC1|11: 27217 12734 5781 2469 901 603 294 142 67 24 11 5 1 
1205|Child_Cross12|37: 32237 12600 5346 2246 941 458 283 140 66 24 11 5 1 
1207|Child_CrossABC2|8: 38690 14451 4390 2409 1085 553 294 142 67 24 11 5 1 
1211|Child_Avg|55: 35968 13275 4611 2390 1055 520 294 142 67 24 11 5 1 
1218|Child_Levy|48: 34555 12794 4961 2464 998 464 294 142 65 23 12 5 1 
1221|Child_Avg|47: 34646 12372 5008 2524 1074 471 294 140 64 23 10 4 1 
1224|Child_CrossABC1|1: 33637 12907 4890 2512 1024 471 294 140 64 23 10 4 1 
1226|Child_CrossABC2|2: 35301 12106 5423 2326 978 429 280 145 64 24 11 5 1 
1229|Child_CrossABC1|1: 32995 12344 5671 2273 1001 463 286 142 63 25 11 5 1 
1230|Child_Cross12|21: 34702 12207 5131 2408 1022 418 293 145 59 25 11 4 1 
1231|Child_Avg|39: 34191 12448 5245 2385 1015 436 286 141 61 24 9 4 1 
1232|Child_Levy|44: 34450 12661 5002 2527 1001 416 289 154 62 24 13 5 1 
1233|Child_Levy|4: 34814 12263 5395 2344 1003 422 286 140 60 23 11 5 1 
1235|Child_Avg|47|Mutated: 35217 12046 5171 2433 1192 446 297 115 62 24 11 5 1 
1236|Child_Cross12|29: 34736 12340 5088 2373 1010 415 285 149 60 28 11 4 1 
1239|Child_Cross21|58: 32915 12751 5471 2388 1008 410 268 125 70 23 10 6 1 
1240|Child_Cross12|37: 33099 12432 5313 2342 1000 409 285 149 60 28 11 4 1 
1248|Child_CrossABC1|1|Mutated: 32957 12174 5273 2405 987 465 312 149 60 28 11 4 1 
1254|Survivor|1|Mutated: 32957 12541 5273 2405 987 465 312 149 60 28 11 4 1 
1258|Child_Cross12|41: 32485 12587 5282 2384 991 452 312 149 60 28 11 4 1 
1262|Child_Cross21|58: 32383 12184 5171 2377 998 442 312 149 60 28 11 4 1 
1263|Child_Avg|3: 32163 12313 5253 2383 990 448 306 149 60 28 11 4 1 
1264|Child_CrossABC2|2: 31738 12129 5249 2383 990 442 313 149 60 28 11 4 1 
1267|Child_Cross12|29: 31129 11993 5235 2395 923 412 315 149 60 28 11 4 1 
1268|Child_CrossABC1|7: 31184 12415 5207 2451 927 482 315 149 60 28 11 4 1 
1273|Child_CrossABC2|8: 29771 12051 4922 2579 940 457 317 149 60 28 11 4 1 
1274|Child_Avg|39: 31473 12261 5045 2427 959 461 314 149 60 28 11 4 1 
1277|Child_CrossABC1|1: 31178 13113 5093 2396 967 495 316 149 60 28 11 4 1 
1288|Child_Avg|19: 31522 12847 5231 2247 980 444 313 147 60 28 11 4 1 
1291|Child_Cross12|49: 21684 8672 3745 1516 720 277 147 60 28 11 4 1 
1298|Child_CrossABC2|2: 22045 8672 3745 1516 720 277 147 60 28 11 4 1 
1299|Child_CrossABC2|8: 21384 8672 3745 1516 720 277 147 60 28 11 4 1 
1301|Child_Cross21|42: 21514 8672 3745 1516 720 277 147 60 28 11 4 1 
1303|Child_CrossABC2|8: 21521 8672 3745 1516 720 277 147 60 28 11 4 1 
1305|Child_CrossABC1|1: 22149 8672 3745 1516 720 277 147 60 28 11 4 1 
1306|Child_Cross21|46: 21654 8672 3745 1548 720 277 147 60 28 11 4 1 
1313|Child_Cross12|29: 21860 8672 3745 1516 720 277 147 60 28 11 4 1 
1317|Child_CrossABC1|1|Mutated: 21387 8284 3624 1489 720 277 147 60 28 11 4 1 
1326|Child_Cross21|2: 21460 8429 3669 1499 720 277 147 60 28 11 4 1 
1335|Child_Avg|31: 21627 8514 3695 1470 720 277 147 60 28 11 4 1 
1355|Child_Cross21|42: 21431 8243 3629 1485 720 277 147 60 28 11 4 1 
1359|Child_Avg|27: 21560 8353 3659 1502 720 277 147 60 28 11 4 1 
1360|Child_CrossABC2|2: 21559 8309 3635 1489 720 277 147 60 28 11 4 1 
1363|Child_Avg|31: 21537 8353 3649 1488 720 277 147 60 28 11 4 1 
1364|Child_Avg|7: 21495 8316 3637 1489 720 277 147 60 28 11 4 1 
1372|Child_Avg|15: 21548 8331 3642 1488 720 277 147 60 28 11 4 1 
1390|Child_Cross21|2: 21537 8353 3762 1488 720 277 147 60 28 11 4 1 
1391|Child_Cross12|45: 21535 8315 3697 1488 720 277 147 60 28 11 4 1 
1407|Child_Cross21|58: 21536 8335 3702 1488 720 277 147 60 28 11 4 1 
1410|Child_Cross21|58: 21515 8315 3697 1488 720 277 147 60 28 11 4 1 
1426|Child_CrossABC2|8: 21548 8315 3697 1488 720 277 147 60 28 11 4 1 
1430|Child_Cross12|1: 21515 8316 3639 1488 720 277 147 60 28 11 4 1 
1434|Child_Cross21|26: 21505 8317 3673 1488 720 277 147 60 28 11 4 1 
1435|Child_Cross12|41: 21515 8315 3668 1488 720 277 147 60 28 11 4 1 
1436|Child_Cross21|30: 21521 8315 3668 1488 720 277 147 60 28 11 4 1 
1444|Child_Cross21|46: 21504 8315 3642 1488 720 277 147 60 28 11 4 1 
1456|Child_Levy|44: 25986 9713 3944 1669 712 310 164 67 28 12 5 1 
1487|Child_Cross21|50: 26534 11540 3940 1677 722 310 164 67 28 12 5 1 
1490|Child_CrossABC1|7: 26990 10893 3927 1718 713 305 164 67 28 12 5 1 
1493|Child_CrossABC2|2: 27304 10741 3863 1706 683 320 164 67 28 12 5 1 
1494|Child_Avg|59: 26712 10322 3899 1749 698 352 160 71 28 11 4 1 
1498|Child_Cross12|25: 24645 9216 3671 1669 675 288 164 67 28 12 5 1 
1504|Child_Cross21|38: 24652 9378 3705 1660 657 282 164 67 28 12 5 1 
1507|Child_Cross21|18: 26270 9688 3688 1670 647 266 164 67 28 12 5 1 
1509|Child_CrossABC1|7: 27692 9605 3885 1695 644 263 164 67 28 12 5 1 
1511|Child_Cross21|50: 26397 9347 3717 1671 629 258 164 67 28 12 5 1 
1526|Child_Avg|59: 27242 9737 3721 1660 626 255 147 66 28 12 5 1 
1533|Child_Avg|27: 25247 9627 3588 1528 595 256 152 67 27 12 5 1 
1534|Child_Cross12|25: 24944 9156 3829 1547 717 241 147 65 28 12 5 1 
1535|Child_Avg|7: 27552 9011 3948 1465 688 240 144 74 27 13 5 1 
1543|Survivor|1: 35213 16601 6262 4104 1648 955 318 162 69 32 13 4 1 
1544|Child_Avg|23: 22411 7633 3705 1274 688 320 142 63 29 11 5 1 
1545|Child_Cross21|26: 25918 9449 4159 1428 709 299 162 69 32 13 4 1 
1547|Child_Avg|31: 23288 8113 3667 1448 670 321 147 61 29 10 4 1 
1550|Child_CrossABC2|2: 23590 8715 3281 1317 659 302 147 72 30 11 5 1 
1552|Child_Cross21|54: 28367 8940 4147 1534 741 272 147 77 30 9 4 1 
1553|Child_Cross12|45: 25222 8747 3405 1279 679 296 153 63 32 13 5 1 
1555|Child_Levy|16: 24140 8505 3429 1285 666 291 147 62 30 9 5 1 
1560|Child_Cross12|17: 20433 7333 3214 1277 612 254 142 62 27 10 4 1 
1561|Child_Cross12|33: 20433 7333 3214 1277 612 254 147 63 29 11 5 1 
1576|Child_CrossABC2|8: 20435 7404 3255 1281 614 257 146 63 29 11 5 1 
1577|Child_Levy|60: 20686 7234 3177 1267 616 231 141 62 27 13 5 1 
1578|Child_Avg|19: 20560 7319 3216 1274 615 244 143 62 28 12 5 1 
1583|Child_Avg|39: 23297 7263 3009 1293 594 237 127 63 28 12 5 1 
1584|Child_Cross21|42: 22417 7361 3164 1278 598 216 143 62 28 12 5 1 
1585|Child_Levy|4: 21396 9112 3178 1330 607 224 138 59 28 13 4 1 
1587|Child_Avg|51: 22651 8203 3164 1340 605 221 129 60 27 13 4 1 
1597|Child_Avg|47: 22046 7764 3047 1251 579 217 129 60 27 13 4 1 
1598|Child_Cross21|38: 21587 7533 3152 1382 602 211 129 59 27 13 4 1 
1606|Child_Avg|7: 22369 7817 3143 1288 587 207 129 59 27 13 4 1 
1607|Child_Cross21|42: 21778 7656 3127 1369 606 206 129 59 27 13 4 1 
1611|Child_Avg|19: 36638 13384 4777 2198 983 390 169 67 30 13 4 1 
1612|Child_Levy|12: 27749 9956 3885 1772 778 297 158 60 29 11 4 1 
1623|Child_Cross12|45: 21195 8052 3472 1530 639 244 153 65 30 11 5 1 
1625|Child_CrossABC1|1: 21300 8030 3496 1539 649 284 153 65 30 11 5 1 
1638|Child_CrossABC2|8: 21814 7794 3451 1538 647 298 153 65 30 11 5 1 
1639|Child_Cross12|5: 21046 7899 3503 1545 649 261 153 65 30 11 5 1 
1640|Child_Avg|39: 21798 7871 3401 1435 639 290 152 63 29 11 5 1 
1652|Child_Cross21|58: 20616 7296 3083 1438 602 233 153 59 30 11 5 1 
1653|Child_Cross12|21: 20666 7334 3107 1468 598 230 152 63 29 11 5 1 
1655|Child_Cross12|33: 21197 7384 3154 1474 603 235 150 64 29 11 5 1 
1659|Child_Cross12|9: 20655 7294 3123 1451 586 223 150 64 29 11 5 1 
1668|Child_CrossABC2|2|Mutated: 21362 7354 2806 1445 546 228 147 64 29 11 5 1 
1670|Child_Avg|59: 19224 6794 2939 1398 559 218 147 63 27 10 4 1 
1671|Child_Cross12|49: 23668 7387 3057 1450 621 211 149 64 28 11 4 1 
1696|Child_Levy|16: 24361 7739 3127 1449 638 217 151 65 28 11 4 1 
1708|Child_Cross12|37: 24241 7437 3361 1449 633 216 156 65 28 11 4 1 
1709|Child_CrossABC1|7: 24242 7393 3336 1484 627 222 151 65 28 11 4 1 
1717|Child_Cross12|53|Mutated: 23348 8555 3289 1512 598 219 149 64 28 13 4 1 
1720|Child_Cross12|25: 21512 7789 3293 1491 663 211 149 64 27 13 5 1 
1722|Child_Cross21|2: 22882 7360 3254 1451 626 209 149 64 27 13 5 1 
1727|Child_Cross12|45: 22804 8221 3244 1442 599 205 149 64 27 13 5 1 
1734|Child_Avg|59: 19794 6786 3031 1273 595 215 150 64 27 13 5 1 
1738|Child_Levy|32: 26609 13042 4507 2203 999 361 239 76 28 13 4 1 
1741|Child_Cross12|53: 26609 13042 4507 2203 999 361 198 76 28 13 4 1 
1744|Child_Avg|19|Mutated: 24525 10020 3841 1936 1041 322 189 72 26 14 5 1 
1746|Child_Avg|7: 25479 11551 4142 2018 1025 343 203 75 27 13 5 1 
1755|Child_Cross12|29: 21781 9258 3470 1627 839 311 202 77 27 13 5 1 
1761|Survivor|1|Mutated: 21781 9258 3470 1530 839 309 202 77 27 13 5 1 
1769|Child_Cross12|13: 20435 8476 3298 1427 720 257 194 78 24 11 5 1 
1786|Child_CrossABC1|1: 20808 8484 3304 1433 694 267 194 77 24 11 5 1 
1787|Child_Cross12|25: 20566 8436 3283 1438 722 246 194 77 24 11 5 1 
1800|Child_Cross21|26: 22445 8236 3301 1426 688 232 192 73 26 14 5 1 
1806|Child_CrossABC1|7: 22553 8207 3300 1424 686 228 192 73 26 14 5 1 
1811|Child_CrossABC1|7: 22546 8204 3312 1412 679 227 192 73 26 14 5 1 
1818|Child_CrossABC2|8: 22549 8204 3312 1418 679 225 192 73 26 14 5 1 
1821|Child_CrossABC1|1: 22472 8164 3271 1428 671 227 192 73 26 14 5 1 
1827|Child_Cross21|30|Mutated: 42158 12014 5610 2193 1123 473 168 77 25 15 4 1 
1828|Child_Avg|23: 19780 7750 3016 1374 628 233 187 74 26 14 5 1 
1829|Child_Avg|59: 23249 7397 3481 1521 700 284 189 74 25 14 4 1 
1836|Child_LevyP1|3: 22995 7141 3171 1513 689 299 166 70 29 13 6 1 
1837|Child_Cross12|33: 22597 7814 3236 1506 647 257 165 74 27 13 5 1 
1843|Child_Avg|3: 21433 7252 2965 1411 666 261 160 71 27 13 5 1 
1847|Child_Cross12|13: 20585 7439 3081 1379 609 246 160 69 28 12 5 1 
1852|Child_Levy|24: 20842 7111 3059 1367 596 238 141 71 28 12 5 1 
1858|Child_Cross12|53: 20836 7119 3047 1358 605 236 144 69 28 12 5 1 
1860|Child_Avg|7: 20806 7250 3038 1360 633 241 120 69 28 12 5 1 
1878|Child_Cross21|26: 20604 7178 3079 1358 633 223 120 69 28 12 5 1 
1889|Child_CrossABC1|7: 20420 6811 3153 1347 574 221 120 69 28 12 5 1 
1904|Child_Cross12|9|Mutated: 23061 6495 3083 1307 601 218 120 69 28 12 5 1 
1914|Child_Cross12|9: 23021 6552 3068 1291 594 219 120 69 28 12 5 1 
1921|Child_Levy|36: 24490 9081 3720 1863 682 394 164 76 29 13 4 1 
1924|Survivor|1|Mutated: 28691 9081 3720 1863 579 394 164 88 29 13 4 1 
1931|Child_LevyP1|3: 29097 8942 3770 1803 583 375 168 87 30 14 5 1 
1932|Child_LevyABC2|6: 27809 8043 4069 1779 816 319 177 72 31 16 6 1 
1938|Child_CrossABC2|2: 28906 7940 4045 1862 784 308 177 72 31 16 6 1 
1959|Child_CrossABC1|1: 28906 7940 4015 1862 784 308 177 72 31 16 6 1 
2000|Child_Cross12|29: 26305 7422 3644 1700 725 272 178 73 33 17 5 1 
2001|Child_Cross21|2: 24501 7490 3536 1721 696 274 173 69 31 16 6 1 
2003|Child_CrossABC1|1|Mutated: 27132 8713 3640 1728 719 383 175 72 27 16 6 1 
2010|Child_Avg|15: 24135 7719 3471 1613 658 318 171 70 27 13 5 1 
2018|Child_Cross12|1: 24194 8885 3434 1607 759 305 171 70 27 13 5 1 
2019|Child_Cross12|45|Mutated: 24152 8782 3871 1609 787 316 156 73 27 14 6 1 
2020|Child_CrossABC1|7: 24322 7862 3437 1621 739 307 166 71 27 13 5 1 
2022|Child_Avg|19: 23875 8005 3440 1609 690 285 161 72 27 13 5 1 
2025|Child_Cross21|10: 23875 8005 3440 1609 690 285 163 73 27 13 5 1 
2026|Child_Cross12|37: 22201 7616 3356 1539 648 280 161 72 27 13 5 1 
2033|Child_Cross12|5: 21861 7419 3171 1566 647 273 161 73 27 13 5 1 
2034|Child_Cross21|34: 22357 7592 3338 1549 643 269 163 71 27 13 5 1 
2035|Child_CrossABC1|1: 22533 7456 3439 1563 644 273 164 72 27 13 5 1 
2038|Child_Cross12|9: 21407 7797 3667 1499 670 264 164 72 27 13 5 1 
2047|Survivor|1|Mutated: 21407 7797 4291 1499 670 264 164 72 27 13 5 1 
2053|Child_Cross21|42: 20732 7641 3650 1515 637 253 164 72 27 13 5 1 
2056|Child_Cross21|2: 20055 6829 3007 1529 602 241 164 72 27 13 5 1 
2058|Child_Cross21|10: 19637 7045 2734 1378 566 239 164 72 27 13 5 1 
2059|Survivor|1|Mutated: 17253 7045 2734 1334 566 271 164 63 27 13 5 1 
2061|Child_Avg|3: 19627 6970 3126 1447 609 231 163 72 27 13 5 1 
2062|Child_Avg|15: 32182 12482 4862 2021 756 375 207 86 31 13 4 1 
2068|Child_Avg|51: 32201 13051 4746 2003 755 366 205 86 31 14 4 1 
2071|Child_Cross21|14: 33754 11764 4802 2014 784 366 181 85 30 13 5 1 
2072|Child_Cross12|33: 32227 12002 4935 1508 863 385 207 87 32 13 5 1 
2076|Child_Cross12|21: 28431 9657 3917 1779 705 322 201 85 32 13 5 1 
2077|Child_LevyABC2|12: 28617 10423 4048 1732 840 333 188 83 33 14 4 1 
2079|Child_Cross12|9: 29215 8742 3916 1833 786 317 199 83 30 14 5 1 
2080|Child_Levy|60: 28397 10335 4386 1800 757 329 194 80 33 12 5 1 
2083|Child_Levy|20: 28210 9565 3953 1804 739 310 193 81 30 14 5 1 
2093|Child_Avg|51: 28750 9718 4066 1769 764 300 192 79 30 13 5 1 
2094|Child_Levy|40: 28858 9707 4002 1783 717 311 193 79 32 13 5 1 
2106|Child_Cross12|5: 27120 9508 3989 1701 735 278 191 79 31 11 4 1 
2109|Child_Avg|3: 27975 9385 3976 1673 709 280 180 79 28 12 5 1 
2113|Child_Avg|23: 29461 9732 4027 1741 759 257 164 78 29 11 4 1 
2114|Child_Cross21|58: 29385 9619 4018 1699 743 259 178 79 28 12 5 1 
2119|Child_CrossABC2|8: 29385 9662 3486 1699 743 259 178 79 28 12 5 1 
2120|Survivor|1|Mutated: 29442 8766 3486 1699 743 259 178 79 28 12 5 1 
2133|Child_Avg|39: 28109 8014 3491 1716 806 236 180 79 29 13 6 1 
2134|Child_Cross21|50: 23313 8747 3553 1682 674 269 178 79 28 12 5 1 
2135|Child_Avg|47: 26005 8035 3325 1577 663 244 177 78 28 12 5 1 
2148|Child_Avg|51: 27023 7893 3320 1583 653 232 173 77 28 12 5 1 
2155|Child_CrossABC2|8: 27791 8050 3336 1597 658 230 151 77 23 12 5 1 
2157|Child_Avg|43: 27580 7901 3248 1643 693 233 173 77 28 12 5 1 
2158|Child_Cross21|42: 27714 7606 3350 1549 681 223 173 77 28 12 5 1 
2161|Child_Cross21|42: 27419 7984 3367 1545 670 219 172 77 28 12 5 1 
2162|Child_LevyP1|9: 29608 8656 3324 1595 717 284 164 78 27 14 5 1 
2170|Child_Levy|16: 28007 8285 3288 1595 660 236 151 77 27 13 5 1 
2189|Child_Levy|20: 23775 7355 3023 1421 623 259 132 64 27 13 5 1 
2207|Child_Avg|23: 24006 7318 3171 1485 607 247 133 63 27 13 5 1 
2213|Child_Avg|15: 23489 7240 3057 1490 597 230 131 62 27 13 5 1 
2217|Child_Levy|28: 24052 7140 3166 1517 586 225 131 62 27 13 5 1 
2222|Survivor|1: 23500 7167 3220 1509 588 221 132 62 25 14 4 1 
2228|Child_LevyP1|3: 21062 7518 3040 1358 563 223 123 62 26 11 6 1 
2236|Child_CrossABC2|8: 24196 7752 3358 1490 693 230 136 61 29 10 4 1 
2237|Child_LevyP1|3: 21920 8510 3990 1539 613 295 137 62 30 11 5 1 
2238|Child_Avg|47: 22372 8024 3468 1511 618 262 136 61 29 10 4 1 
2241|Child_CrossABC1|1: 22086 8580 3483 1530 649 259 126 60 25 11 4 1 
2243|Child_LevyABC2|6: 22348 8250 3464 1457 615 264 136 63 23 12 5 1 
2263|Survivor|1|Mutated: 22348 7013 3464 1416 615 264 136 63 23 12 5 1 
2267|Child_CrossABC1|1|Mutated: 22413 8876 3457 1550 638 243 136 63 23 12 5 1 
2268|Child_Levy|56: 21729 7629 3504 1441 634 241 134 63 25 11 5 1 
2278|Child_Cross21|50: 21921 8155 3431 1409 625 219 129 63 25 11 6 1 
2281|Child_Cross12|17: 19356 7537 3275 1350 568 219 134 63 25 11 5 1 
2283|Child_Cross21|26: 21291 7858 3414 1402 617 219 134 63 25 11 5 1 
2307|Child_Levy|16: 21656 7908 3532 1414 559 223 136 65 25 11 5 1 
2320|Child_Levy|4: 21661 7833 3284 1374 585 221 133 66 25 12 5 1 
2322|Child_Levy|40|Mutated: 20656 7738 3275 1357 581 245 145 66 24 11 5 1 
2323|Child_CrossABC1|1: 21414 8007 3325 1427 596 229 137 62 24 11 5 1 
2326|Child_Cross21|46: 21175 8147 3288 1456 595 228 137 62 24 11 5 1 
2354|Child_Avg|51|Mutated: 25745 10203 4799 2070 912 452 194 92 25 12 5 1 
2356|Child_Cross21|10: 25745 10203 4799 2070 912 452 208 137 62 24 11 5 1 
2363|Survivor|1: 19895 7308 3004 1385 578 206 142 62 25 11 5 1 
2374|Child_Levy|4: 52849 16939 6388 2515 941 418 222 90 27 10 4 1 
2377|Child_Avg|3: 52382 16635 6438 2594 944 419 298 88 37 13 5 1 
2381|Child_CrossABC2|2: 46645 15313 5275 2244 801 416 253 88 35 13 5 1 
2382|Child_CrossABC2|8: 48960 14836 5586 2409 912 417 174 88 35 13 5 1 
2384|Child_Cross21|10: 35557 12000 4360 1743 754 325 226 88 35 13 5 1 
2385|Child_Avg|19: 33386 11225 4145 1745 713 367 212 87 35 12 5 1 
2386|Child_Cross12|25: 38219 14070 5251 2112 849 351 248 85 35 12 7 1 
2387|Child_Cross21|30: 37846 12454 4311 2170 755 358 174 88 35 13 5 1 
2390|Child_Avg|35: 32938 11908 4245 1828 734 339 177 77 35 13 5 1 
2392|Child_Cross12|25|Mutated: 34638 11900 3759 1667 695 329 191 93 35 13 5 1 
2393|Child_Avg|7: 31272 11548 4205 1764 725 337 195 77 35 13 5 1 
2395|Child_Cross12|1: 28450 9937 3576 1602 677 322 184 85 35 12 5 1 
2400|Child_Cross12|17: 28210 10130 4073 1589 720 312 184 85 35 12 5 1 
2401|Child_CrossABC1|7: 28257 10071 4150 1600 730 306 184 85 35 12 5 1 
2402|Child_CrossABC2|8: 28227 10148 4148 1599 726 315 184 85 35 12 5 1 
2405|Child_Avg|39: 28248 10138 4137 1706 740 286 184 85 35 12 5 1 
2411|Child_CrossABC2|8: 28015 10251 4179 1756 732 287 184 85 35 12 5 1 
2413|Child_CrossABC2|2: 27888 10245 4228 1761 729 294 184 85 35 12 5 1 
2415|Child_CrossABC2|8: 28255 10197 4024 1809 805 294 184 85 35 12 5 1 
2433|Survivor|1|Mutated: 28255 10197 3760 1961 805 294 184 85 35 12 5 1 
2440|Child_Avg|19: 27731 10184 3806 1843 795 285 184 84 35 12 5 1 
2443|Child_CrossABC1|7: 27680 10180 3815 1839 794 285 184 85 35 12 5 1 
2444|Child_CrossABC2|2: 27702 10188 3815 1839 794 285 184 85 35 12 5 1 
2446|Child_Avg|19: 26617 9887 3741 1781 775 280 184 85 35 12 5 1 
2448|Child_Cross21|42: 27200 9908 3767 1746 757 272 184 84 35 12 5 1 
2449|Child_Cross12|5: 27131 9922 3883 1705 745 270 183 84 35 11 5 1 
2450|Child_Cross21|30: 27200 9908 3767 1746 757 272 182 87 35 12 5 1 
2457|Child_Levy|52|Mutated: 26357 9413 3549 1603 748 310 184 71 36 13 6 1 
2465|Child_Cross21|2: 27020 9760 3812 1666 723 258 191 75 35 12 5 1 
2468|Child_CrossABC2|8: 26999 9862 4080 1644 721 258 191 75 35 12 5 1 
2480|Child_CrossABC2|2: 27889 9707 3937 1631 702 257 199 75 35 12 5 1 
2490|Child_Cross21|58: 27434 9105 3691 1705 707 237 199 75 35 12 5 1 
2491|Child_Avg|55: 27519 9701 3918 1675 702 240 197 73 35 12 5 1 
2495|Child_Avg|7: 27166 9707 3845 1631 715 239 196 73 35 11 5 1 
2496|Child_Cross21|30: 28782 9458 3630 1822 713 228 187 75 32 13 5 1 
2499|Child_Levy|24: 27632 9715 3859 1699 705 233 197 73 35 13 6 1 
2503|Child_Levy|24: 28849 9960 4511 1689 708 254 204 74 35 12 5 1 
2509|Child_Cross12|17: 28569 9241 4100 1670 733 255 193 74 35 12 5 1 
2515|Child_LevyABC2|12: 28865 10003 4081 1608 699 259 194 73 36 13 4 1 
2516|Child_Cross21|50: 31113 10731 3689 1706 704 255 193 73 35 14 5 1 
2517|Child_Avg|55: 28342 9581 3978 1667 711 283 201 74 36 13 4 1 
2537|Child_CrossABC2|8: 28175 9604 4023 1654 707 242 179 71 33 12 5 1 
2539|Child_Avg|15: 28601 9389 3850 1665 708 252 200 73 35 13 5 1 
2549|Child_CrossABC1|1: 29553 9280 3852 1667 723 261 192 75 35 13 5 1 
2551|Child_CrossABC2|2: 27481 8643 3946 1548 689 251 199 68 29 14 6 1 
2554|Survivor|1|Mutated: 27481 8643 3723 1679 689 251 199 68 29 14 6 1 
2557|Child_LevyABC2|6: 31562 8591 3812 1484 713 290 201 70 27 14 6 1 
2567|Child_CrossABC1|1: 30739 10154 3895 1579 710 281 195 69 33 14 6 1 
