8|Survivor|2: 412 123 44 23 10 4 1 
9|Child|46: 707 145 54 23 10 4 1 
17|Survivor|2|Mutated: 726 145 54 23 10 4 1 
45|Child|34: 414 123 44 23 10 4 1 
46|Child|26: 377 115 44 23 10 4 1 
53|Child|13|Mutated: 377 115 44 19 10 4 1 
75|Child|19|Mutated: 412 142 51 23 10 4 1 
80|Child|33|Mutated: 412 119 44 23 10 4 1 
107|Random|37: 413 143 52 24 9 4 1 
113|Survivor|2|Mutated: 412 137 51 23 10 4 1 
118|Child|10|Mutated: 407 123 44 23 10 4 1 
122|Child|48|Mutated: 408 123 47 23 10 4 1 
146|Child|36|Mutated: 386 123 44 23 10 4 1 
159|Child|21|Mutated: 412 108 48 23 10 4 1 
163|Survivor|10|Mutated: 396 123 44 23 10 4 1 
167|Child|44|Mutated: 394 123 44 23 10 4 1 
210|Child|37|Mutated: 410 123 44 23 10 4 1 
246|Child|3|Mutated: 410 127 44 23 10 4 1 
250|Survivor|1: 410 115 44 19 10 4 1 
254|Child|41|Mutated: 410 123 46 24 9 4 1 
291|Survivor|5|Mutated: 410 123 47 23 10 4 1 
310|Child|46|Mutated: 410 119 44 23 10 4 1 
332|Random|37: 879 203 59 21 10 4 1 
362|Child|34|Mutated: 410 120 44 23 10 4 1 
391|Child|40|Mutated: 410 145 44 23 10 4 1 
395|Child|2|Mutated: 442 123 44 23 10 4 1 
404|Child|5|Mutated: 410 134 51 23 10 4 1 
405|Survivor|2: 440 123 44 23 10 4 1 
420|Random|7: 676 191 77 21 10 4 1 
456|Child|24|Mutated: 384 123 44 23 10 4 1 
475|Child|37|Mutated: 410 148 44 23 10 4 1 
507|Child|31|Mutated: 410 123 51 19 10 4 1 
584|Child|35|Mutated: 421 123 44 23 10 4 1 
624|Random|36: 836 198 79 32 13 4 1 
627|Child|6: 409 123 44 23 10 4 1 
640|Child|50|Mutated: 404 118 44 23 10 4 1 
726|Child|31|Mutated: 410 135 52 23 10 4 1 
770|Child|25|Mutated: 401 123 44 23 10 4 1 
788|Child|15|Mutated: 455 123 47 23 10 4 1 
797|Child|44|Mutated: 433 123 44 23 10 4 1 
830|Survivor|3|Mutated: 410 109 44 19 10 4 1 
848|Child|14|Mutated: 417 123 44 23 10 4 1 
868|Child|5|Mutated: 398 123 44 23 10 4 1 
934|Child|8|Mutated: 410 124 44 23 10 4 1 
953|Child|16|Mutated: 410 121 51 23 10 4 1 
1004|Survivor|7|Mutated: 407 123 47 23 10 4 1 
1047|Child|10|Mutated: 403 123 44 23 10 4 1 
1057|Child|12|Mutated: 410 130 44 19 10 4 1 
1072|Survivor|8|Mutated: 429 123 44 23 10 4 1 
1118|Survivor|1|Mutated: 410 123 50 19 10 4 1 
1134|Survivor|6|Mutated: 332 123 49 21 10 4 1 
1149|Survivor|8|Mutated: 410 123 49 21 10 4 1 
1164|Child|25|Mutated: 444 139 44 23 10 4 1 
1226|Child|27|Mutated: 461 138 44 23 10 4 1 
1282|Child|11|Mutated: 437 123 44 23 10 4 1 
1326|Survivor|2|Mutated: 407 120 44 23 10 4 1 
1368|Child|3|Mutated: 407 117 44 23 10 4 1 
1425|Child|3|Mutated: 407 117 45 23 10 4 1 
1440|Child|2|Mutated: 407 119 44 23 10 4 1 
1446|Child|4|Mutated: 407 138 44 23 10 4 1 
1455|Child|13|Mutated: 419 123 44 23 10 4 1 
1463|Child|35|Mutated: 468 121 51 23 10 4 1 
1472|Child|1|Mutated: 328 123 44 23 10 4 1 
1513|Child|34|Mutated: 407 116 44 23 10 4 1 
1634|Child|7|Mutated: 428 123 44 23 10 4 1 
1736|Child|9|Mutated: 340 123 44 23 10 4 1 
1782|Child|50|Mutated: 407 115 44 23 10 4 1 
1867|Child|1|Mutated: 424 123 44 23 10 4 1 
1908|Child|29|Mutated: 407 125 44 23 10 4 1 
1930|Child|14|Mutated: 407 124 45 19 10 4 1 
2009|Survivor|1|Mutated: 409 123 47 21 10 4 1 
2032|Random|13: 668 155 64 28 13 4 1 
2054|Child|38|Mutated: 407 131 45 23 10 4 1 
2160|Child|29|Mutated: 435 123 44 23 10 4 1 
2262|Child|31|Mutated: 405 123 44 23 10 4 1 
2266|Child|21|Mutated: 408 123 44 23 10 4 1 
2313|Child|33|Mutated: 393 123 44 23 10 4 1 
2489|Child|47|Mutated: 367 123 47 23 10 4 1 
2534|Child|46|Mutated: 418 123 44 23 10 4 1 
2669|Random|16: 758 195 80 27 10 4 1 
2678|Child|31|Mutated: 407 123 50 21 10 4 1 
2844|Random|38: 956 218 79 28 13 4 1 
2957|Child|12|Mutated: 431 123 47 23 10 4 1 
2967|Child|20|Mutated: 407 123 47 21 10 4 1 
2981|Child|9|Mutated: 454 123 44 23 10 4 1 
3014|Survivor|10|Mutated: 402 123 44 19 10 4 1 
3023|Child|15|Mutated: 350 141 44 23 10 4 1 
3029|Child|26|Mutated: 446 123 51 19 10 4 1 
3141|Child|26|Mutated: 403 123 47 23 10 4 1 
3243|Child|37|Mutated: 411 115 44 23 10 4 1 
3249|Child|22|Mutated: 393 146 44 23 10 4 1 
3305|Child|7|Mutated: 407 115 47 23 10 4 1 
3376|Survivor|10|Mutated: 407 142 51 23 10 4 1 
3399|Child|36|Mutated: 407 139 44 23 10 4 1 
3479|Survivor|10|Mutated: 407 129 51 23 10 4 1 
3492|Survivor|1|Mutated: 402 129 51 23 10 4 1 
3529|Child|39|Mutated: 407 138 47 23 10 4 1 
3644|Child|26|Mutated: 407 112 44 19 10 4 1 
3669|Child|16|Mutated: 430 123 44 23 10 4 1 
3700|Survivor|7|Mutated: 444 123 44 23 10 4 1 
3779|Survivor|3|Mutated: 407 120 52 19 10 4 1 
3886|Child|6|Mutated: 406 123 44 23 10 4 1 
4092|Child|7|Mutated: 407 127 45 23 10 4 1 
4114|Child|33|Mutated: 417 123 47 21 10 4 1 
4117|Child|15|Mutated: 385 104 44 23 10 4 1 
4133|Random|39: 793 159 74 23 10 4 1 
4134|Child|12|Mutated: 407 124 44 19 10 4 1 
4176|Child|26|Mutated: 388 123 44 23 10 4 1 
4277|Survivor|10|Mutated: 416 123 44 23 10 4 1 
4315|Child|44|Mutated: 426 123 47 23 10 4 1 
4605|Random|30: 643 147 61 20 9 4 1 
4615|Child|18|Mutated: 414 123 47 23 10 4 1 
4857|Child|31|Mutated: 404 117 44 23 10 4 1 
4880|Child|22|Mutated: 419 117 44 23 10 4 1 
4967|Survivor|1: 405 117 44 23 10 4 1 
4972|Survivor|5|Mutated: 421 117 44 23 10 4 1 
4994|Child|46|Mutated: 441 118 44 23 10 4 1 
4996|Child|6|Mutated: 398 117 44 23 10 4 1 
5020|Child|12|Mutated: 419 131 51 23 10 4 1 
5183|Child|33|Mutated: 408 117 44 23 10 4 1 
5230|Survivor|1|Mutated: 377 117 44 23 10 4 1 
5241|Survivor|7|Mutated: 419 125 47 23 10 4 1 
5316|Child|11|Mutated: 369 117 44 23 10 4 1 
5467|Child|47|Mutated: 392 117 44 23 10 4 1 
5488|Child|26|Mutated: 419 128 50 23 10 4 1 
5494|Survivor|1: 386 117 44 23 10 4 1 
5543|Survivor|9|Mutated: 419 117 46 20 9 4 1 
5549|Child|19|Mutated: 419 121 47 23 10 4 1 
5579|Child|21|Mutated: 419 116 44 23 10 4 1 
5592|Child|19|Mutated: 413 117 44 23 10 4 1 
5609|Child|6|Mutated: 417 117 44 23 10 4 1 
5655|Child|36|Mutated: 371 117 44 23 10 4 1 
5718|Child|19|Mutated: 396 117 44 23 10 4 1 
5812|Child|38|Mutated: 400 117 44 23 10 4 1 
5886|Child|18|Mutated: 388 117 44 23 10 4 1 
5917|Child|13|Mutated: 425 117 44 23 10 4 1 
5931|Child|20|Mutated: 420 117 44 23 10 4 1 
5974|Child|38|Mutated: 362 117 44 23 10 4 1 
5993|Child|5|Mutated: 419 115 44 19 10 4 1 
6020|Child|34|Mutated: 360 117 44 23 10 4 1 
6068|Child|25|Mutated: 427 117 44 23 10 4 1 
6099|Child|49|Mutated: 390 117 44 23 10 4 1 
6117|Child|19|Mutated: 415 117 44 23 10 4 1 
6222|Child|8|Mutated: 419 107 45 23 10 4 1 
6314|Child|36|Mutated: 379 117 44 23 10 4 1 
6397|Child|13|Mutated: 428 117 44 23 10 4 1 
6429|Survivor|9|Mutated: 419 127 44 23 10 4 1 
6451|Child|9|Mutated: 419 117 52 19 10 4 1 
6484|Child|42|Mutated: 419 120 44 23 10 4 1 
6632|Child|9|Mutated: 411 117 44 23 10 4 1 
6661|Child|33: 402 117 44 23 10 4 1 
6777|Child|32|Mutated: 419 114 44 23 10 4 1 
6788|Child|36|Mutated: 406 117 44 23 10 4 1 
6805|Child|44|Mutated: 367 117 44 23 10 4 1 
6899|Random|22: 887 217 83 27 10 4 1 
7040|Child|39|Mutated: 392 124 51 23 10 4 1 
7063|Child|17|Mutated: 392 117 49 21 10 4 1 
7072|Child|35|Mutated: 436 117 44 23 10 4 1 
7122|Child|45|Mutated: 373 117 44 23 10 4 1 
7145|Child|5|Mutated: 384 117 44 23 10 4 1 
7269|Child|18|Mutated: 392 111 50 23 10 4 1 
7295|Child|41|Mutated: 392 121 51 23 10 4 1 
7354|Child|34|Mutated: 378 119 51 23 10 4 1 
7449|Child|15|Mutated: 392 103 51 23 10 4 1 
7580|Child|25|Mutated: 448 117 44 23 10 4 1 
7616|Child|15|Mutated: 392 104 48 21 10 4 1 
7762|Survivor|4|Mutated: 392 125 44 23 10 4 1 
7944|Child|24|Mutated: 392 121 52 19 10 4 1 
8035|Child|42|Mutated: 432 117 44 23 10 4 1 
8346|Child|17|Mutated: 392 118 44 23 10 4 1 
8347|Child|3|Mutated: 395 119 51 23 10 4 1 
8578|Child|19|Mutated: 392 140 44 23 10 4 1 
8657|Child|36|Mutated: 440 117 44 23 10 4 1 
9077|Child|37|Mutated: 392 111 51 23 10 4 1 
9116|Child|41|Mutated: 423 117 44 23 10 4 1 
9158|Child|13|Mutated: 392 115 44 19 10 4 1 
9206|Child|37|Mutated: 392 117 51 19 10 4 1 
9289|Child|3|Mutated: 429 117 44 23 10 4 1 
9391|Child|15|Mutated: 392 118 44 19 10 4 1 
9420|Child|50|Mutated: 319 117 44 23 10 4 1 
9453|Child|31|Mutated: 392 119 44 23 10 4 1 
9526|Survivor|1|Mutated: 392 141 44 23 10 4 1 
9902|Child|45|Mutated: 359 117 49 21 10 4 1 
9941|Random|10: 975 831 184 60 25 9 4 1 
9990|Child|41|Mutated: 402 117 53 24 9 4 1 
10093|Child|34|Mutated: 392 128 50 23 10 4 1 
10099|Child|18|Mutated: 392 138 44 23 10 4 1 
10241|Survivor|4|Mutated: 392 114 44 23 10 4 1 
10269|Child|33|Mutated: 382 117 44 23 10 4 1 
10285|Survivor|5|Mutated: 317 117 44 23 10 4 1 
10362|Child|41|Mutated: 394 117 44 23 10 4 1 
10650|Random|5: 603 138 55 21 10 4 1 
10752|Child|8|Mutated: 392 136 48 23 10 4 1 
10799|Child|37|Mutated: 395 125 44 23 10 4 1 
10964|Random|14: 892 185 73 24 9 4 1 
10976|Child|25|Mutated: 392 127 44 23 10 4 1 
11014|Child|42|Mutated: 402 124 51 23 10 4 1 
11028|Child|42|Mutated: 392 115 44 23 10 4 1 
11056|Child|25|Mutated: 392 117 47 21 10 4 1 
11100|Child|4|Mutated: 392 117 49 24 9 4 1 
11156|Child|25|Mutated: 315 117 44 23 10 4 1 
11242|Survivor|1: 897 216 70 23 10 4 1 
11286|Child|17|Mutated: 392 121 44 23 10 4 1 
11330|Child|18|Mutated: 403 117 44 23 10 4 1 
11419|Child|45|Mutated: 392 122 47 23 10 4 1 
11421|Child|16|Mutated: 323 117 44 23 10 4 1 
11522|Child|11|Mutated: 386 140 44 23 10 4 1 
11630|Child|31|Mutated: 363 117 44 23 10 4 1 
11952|Child|45|Mutated: 375 117 44 23 10 4 1 
12079|Child|40|Mutated: 374 118 44 23 10 4 1 
12417|Child|4|Mutated: 369 138 44 23 10 4 1 
12743|Child|26|Mutated: 383 117 44 23 10 4 1 
12786|Child|20|Mutated: 442 117 44 23 10 4 1 
12959|Child|37|Mutated: 455 117 44 23 10 4 1 
13063|Random|17: 695 211 74 29 10 4 1 
13486|Child|45|Mutated: 420 117 51 19 10 4 1 
13526|Child|12|Mutated: 392 121 44 19 10 4 1 
13579|Child|9|Mutated: 399 117 44 23 10 4 1 
13602|Survivor|2|Mutated: 392 117 52 19 10 4 1 
13917|Child|14|Mutated: 392 117 44 19 10 4 1 
14082|Child|11|Mutated: 401 129 44 23 10 4 1 
14110|Child|50|Mutated: 346 117 44 23 10 4 1 
14289|Child|34|Mutated: 392 118 48 23 10 4 1 
14881|Child|14|Mutated: 467 135 47 23 10 4 1 
15102|Random|13: 701 154 62 24 11 4 1 
15325|Child|17|Mutated: 354 117 44 23 10 4 1 
15806|Child|18|Mutated: 433 117 44 23 10 4 1 
15906|Child|38|Mutated: 363 117 45 23 10 4 1 
16004|Child|12|Mutated: 392 117 44 24 9 4 1 
16076|Child|38|Mutated: 392 113 48 23 10 4 1 
16124|Child|27|Mutated: 434 117 44 23 10 4 1 
16227|Random|25: 786 165 57 29 9 4 1 
16291|Child|41|Mutated: 435 117 44 23 10 4 1 
16551|Child|38|Mutated: 392 139 51 23 10 4 1 
16558|Survivor|5|Mutated: 331 117 44 23 10 4 1 
16678|Child|16|Mutated: 392 117 45 19 10 4 1 
16889|Child|40|Mutated: 327 117 44 23 10 4 1 
16964|Child|4|Mutated: 392 124 44 19 10 4 1 
17337|Child|37|Mutated: 399 125 44 23 10 4 1 
17475|Child|29|Mutated: 361 117 44 23 10 4 1 
17537|Random|27: 643 192 65 29 10 4 1 
17560|Child|33|Mutated: 392 112 47 23 10 4 1 
17581|Survivor|6|Mutated: 348 117 44 23 10 4 1 
18381|Child|24|Mutated: 391 117 52 24 9 4 1 
18394|Survivor|4|Mutated: 385 117 44 23 10 4 1 
18492|Child|46|Mutated: 392 125 47 23 10 4 1 
18696|Child|1|Mutated: 430 117 44 23 10 4 1 
18784|Child|43|Mutated: 392 124 47 23 10 4 1 
18827|Child|42|Mutated: 314 125 44 23 10 4 1 
19034|Survivor|2|Mutated: 412 118 48 23 10 4 1 
19238|Child|5|Mutated: 412 117 44 23 10 4 1 
19381|Child|33|Mutated: 391 117 44 23 10 4 1 
19630|Child|18|Mutated: 392 123 44 19 10 4 1 
20008|Survivor|3|Mutated: 402 125 44 23 10 4 1 
20087|Child|21|Mutated: 392 126 51 19 10 4 1 
20193|Child|39|Mutated: 392 117 43 20 9 4 1 
20515|Child|37|Mutated: 452 129 51 23 10 4 1 
20610|Random|28: 770 171 63 25 14 4 1 
20923|Child|13|Mutated: 392 105 44 19 10 4 1 
20943|Child|37|Mutated: 390 120 49 21 10 4 1 
21289|Child|8|Mutated: 392 135 47 23 10 4 1 
21312|Child|38|Mutated: 392 126 51 23 10 4 1 
21666|Child|6|Mutated: 416 117 44 23 10 4 1 
21958|Random|13: 456 190 55 24 9 4 1 
22123|Child|29|Mutated: 392 114 51 23 10 4 1 
22720|Child|29|Mutated: 397 115 50 19 10 4 1 
22856|Random|32: 714 149 73 27 14 4 1 
23406|Child|26|Mutated: 416 117 45 23 10 4 1 
23724|Survivor|7|Mutated: 392 109 47 23 10 4 1 
24031|Random|3: 731 160 59 24 9 4 1 
24272|Child|19|Mutated: 392 139 47 21 10 4 1 
24353|Child|22|Mutated: 394 138 44 23 10 4 1 
24496|Child|16|Mutated: 392 104 44 23 10 4 1 
24511|Child|39|Mutated: 392 113 51 23 10 4 1 
24772|Child|29|Mutated: 359 117 44 23 10 4 1 
25119|Child|31|Mutated: 393 117 43 19 10 4 1 
25126|Child|39|Mutated: 398 117 49 24 9 4 1 
25379|Survivor|7|Mutated: 392 110 51 19 10 4 1 
25413|Survivor|9|Mutated: 383 118 44 23 10 4 1 
25632|Child|15|Mutated: 377 135 47 23 10 4 1 
25718|Survivor|4|Mutated: 406 117 52 20 9 4 1 
25722|Random|30: 459 148 45 21 10 4 1 
25732|Child|8|Mutated: 392 133 48 23 10 4 1 
25733|Child|22|Mutated: 382 117 49 21 10 4 1 
26008|Random|21: 394 142 59 21 10 4 1 
26325|Random|17: 745 202 55 24 9 4 1 
26490|Child|36|Mutated: 314 117 51 19 10 4 1 
26570|Random|21: 734 154 61 23 13 4 1 
26633|Child|43|Mutated: 414 117 44 23 10 4 1 
26650|Random|25: 722 192 65 29 10 4 1 
26699|Survivor|9|Mutated: 392 140 52 19 10 4 1 
27006|Survivor|1|Mutated: 392 114 49 21 10 4 1 
27236|Survivor|5|Mutated: 392 135 52 19 10 4 1 
27307|Child|34|Mutated: 431 117 44 23 10 4 1 
28133|Child|20|Mutated: 392 101 51 23 10 4 1 
28625|Random|29: 674 159 65 27 10 4 1 
28921|Child|40|Mutated: 325 117 44 23 10 4 1 
29120|Child|5|Mutated: 344 117 44 23 10 4 1 
29188|Child|39|Mutated: 444 117 44 23 10 4 1 
29553|Child|44|Mutated: 426 117 44 23 10 4 1 
29584|Child|31|Mutated: 409 117 45 23 10 4 1 
29641|Survivor|8|Mutated: 392 113 47 23 10 4 1 
29648|Child|8|Mutated: 392 111 44 24 9 4 1 
29886|Child|20|Mutated: 392 106 44 23 10 4 1 
29998|Child|25|Mutated: 408 129 51 19 10 4 1 
30099|Survivor|6|Mutated: 410 117 45 19 10 4 1 
30479|Random|2: 440 153 58 23 10 4 1 
30500|Random|34: 743 219 67 23 10 4 1 
31012|Child|25|Mutated: 381 117 44 23 10 4 1 
31348|Survivor|4|Mutated: 401 117 45 23 10 4 1 
31862|Child|42|Mutated: 392 137 48 23 10 4 1 
32066|Child|15|Mutated: 429 118 44 23 10 4 1 
32887|Survivor|6|Mutated: 356 117 44 23 10 4 1 
32931|Random|12: 575 167 59 21 10 4 1 
33091|Random|36: 786 166 57 23 10 4 1 
33703|Survivor|2|Mutated: 392 126 47 23 10 4 1 
34462|Child|1|Mutated: 392 117 53 24 9 4 1 
34680|Child|12|Mutated: 428 117 45 23 10 4 1 
35239|Random|13: 880 224 76 27 10 4 1 
35814|Child|2|Mutated: 392 136 47 23 10 4 1 
35935|Child|16|Mutated: 350 117 44 23 10 4 1 
36287|Survivor|4|Mutated: 392 137 44 23 10 4 1 
36505|Random|27: 765 202 66 28 13 4 1 
36642|Child|28|Mutated: 457 117 44 23 10 4 1 
36715|Random|4: 739 164 69 27 10 4 1 
37204|Random|24: 837 195 59 21 10 4 1 
37933|Survivor|10|Mutated: 376 117 44 23 10 4 1 
38006|Child|19|Mutated: 390 139 51 19 10 4 1 
38163|Random|21: 735 167 63 23 14 4 1 
38205|Survivor|6|Mutated: 392 107 45 23 10 4 1 
38206|Random|28: 771 170 76 27 10 4 1 
38610|Random|39: 390 137 51 19 10 4 1 
39006|Child|40|Mutated: 411 125 44 23 10 4 1 
39551|Child|45|Mutated: 400 125 44 23 10 4 1 
39625|Child|25|Mutated: 372 129 51 23 10 4 1 
39630|Child|50|Mutated: 400 137 47 23 10 4 1 
39635|Survivor|9|Mutated: 400 134 51 23 10 4 1 
39760|Survivor|5|Mutated: 358 118 44 23 10 4 1 
39861|Child|18|Mutated: 400 140 44 23 10 4 1 
39999|Child|7: 400 116 44 23 10 4 1 
40115|Child|20|Mutated: 400 132 47 23 10 4 1 
40157|Random|3: 759 203 57 20 9 4 1 
40162|Child|3|Mutated: 400 129 44 23 10 4 1 
40232|Child|46|Mutated: 400 139 44 23 10 4 1 
40322|Survivor|5|Mutated: 400 105 44 19 10 4 1 
40625|Survivor|5|Mutated: 400 117 50 21 10 4 1 
40637|Child|34|Mutated: 400 133 47 21 10 4 1 
40806|Child|35|Mutated: 400 120 44 23 10 4 1 
40829|Random|23: 755 168 63 19 10 4 1 
40868|Random|1: 616 143 59 20 9 4 1 
41093|Child|25|Mutated: 394 115 44 23 10 4 1 
41643|Child|40|Mutated: 400 126 44 23 10 4 1 
41749|Survivor|8|Mutated: 400 106 51 23 10 4 1 
41760|Random|36: 632 176 64 29 9 4 1 
41797|Child|6|Mutated: 400 123 44 23 10 4 1 
42119|Child|29|Mutated: 353 125 51 19 10 4 1 
42129|Child|44|Mutated: 390 125 44 23 10 4 1 
42200|Child|30|Mutated: 390 117 45 23 10 4 1 
42211|Child|9|Mutated: 390 139 44 23 10 4 1 
42229|Child|34|Mutated: 459 129 51 23 10 4 1 
42249|Child|8|Mutated: 390 121 44 23 10 4 1 
42250|Child|7|Mutated: 390 138 44 23 10 4 1 
42315|Survivor|2: 390 140 44 23 10 4 1 
42371|Child|40|Mutated: 312 117 44 23 10 4 1 
42378|Child|5|Mutated: 442 127 44 23 10 4 1 
42405|Survivor|4|Mutated: 313 117 44 23 10 4 1 
42444|Child|32|Mutated: 408 119 44 23 10 4 1 
42485|Child|23|Mutated: 390 117 45 19 10 4 1 
42514|Survivor|1|Mutated: 409 120 44 23 10 4 1 
42665|Child|7|Mutated: 378 117 47 21 10 4 1 
42697|Child|21|Mutated: 390 118 44 23 10 4 1 
42751|Random|31: 776 167 69 21 10 4 1 
42753|Survivor|1|Mutated: 758 167 55 21 10 4 1 
42757|Survivor|10|Mutated: 390 131 51 23 10 4 1 
42778|Child|20|Mutated: 398 116 44 23 10 4 1 
42791|Child|38|Mutated: 390 117 47 21 10 4 1 
42942|Child|34|Mutated: 390 117 50 21 10 4 1 
43198|Child|11|Mutated: 390 114 44 19 10 4 1 
43297|Child|18|Mutated: 390 134 51 23 10 4 1 
43501|Child|22|Mutated: 390 141 44 23 10 4 1 
43783|Child|22|Mutated: 440 121 51 23 10 4 1 
44112|Child|18|Mutated: 369 104 44 23 10 4 1 
44188|Child|43|Mutated: 392 135 44 23 10 4 1 
44279|Child|41|Mutated: 400 109 47 23 10 4 1 
44312|Random|29: 742 165 71 29 10 4 1 
44342|Child|3|Mutated: 465 117 44 23 10 4 1 
44498|Random|39: 788 173 62 19 10 4 1 
44964|Random|3: 779 177 68 24 9 4 1 
45439|Child|24|Mutated: 366 130 44 19 10 4 1 
45562|Random|25: 679 172 73 29 9 4 1 
45588|Child|43|Mutated: 321 117 44 23 10 4 1 
45710|Survivor|8|Mutated: 447 127 44 23 10 4 1 
45735|Child|18|Mutated: 392 108 47 23 10 4 1 
46210|Child|38|Mutated: 393 109 47 23 10 4 1 
46593|Survivor|5|Mutated: 390 104 44 23 10 4 1 
46662|Child|47|Mutated: 392 115 48 23 10 4 1 
46702|Child|11|Mutated: 392 112 48 23 10 4 1 
46907|Random|4: 785 174 62 24 9 4 1 
47056|Random|18: 789 159 58 23 10 4 1 
47736|Child|43|Mutated: 398 130 45 23 10 4 1 
47962|Child|49|Mutated: 392 135 48 23 10 4 1 
47978|Child|35|Mutated: 392 132 47 23 10 4 1 
48944|Random|34: 740 209 59 28 13 4 1 
49490|Random|32: 858 640 150 67 23 10 4 1 
49705|Child|18|Mutated: 385 117 49 21 10 4 1 
49836|Child|4|Mutated: 438 117 44 23 10 4 1 
50684|Survivor|6|Mutated: 396 126 44 23 10 4 1 
51101|Random|28: 595 142 74 23 10 4 1 
51154|Child|33|Mutated: 397 121 47 23 10 4 1 
51279|Child|41|Mutated: 414 124 51 23 10 4 1 
51504|Random|23: 772 186 57 20 9 4 1 
51618|Child|46|Mutated: 373 108 51 23 10 4 1 
52069|Child|9|Mutated: 399 118 44 23 10 4 1 
52616|Child|30|Mutated: 316 117 44 23 10 4 1 
52640|Child|9|Mutated: 392 107 46 20 9 4 1 
52818|Child|10|Mutated: 392 101 50 23 10 4 1 
53095|Child|12|Mutated: 352 117 44 23 10 4 1 
53371|Child|34|Mutated: 392 105 48 23 10 4 1 
53416|Survivor|5|Mutated: 388 140 44 23 10 4 1 
53676|Child|23|Mutated: 392 122 44 23 10 4 1 
53811|Child|3|Mutated: 469 117 44 23 10 4 1 
53988|Survivor|6|Mutated: 416 125 44 23 10 4 1 
54224|Survivor|10|Mutated: 420 124 51 23 10 4 1 
55001|Child|43|Mutated: 378 117 50 21 10 4 1 
55471|Random|10: 652 170 58 23 10 4 1 
55569|Survivor|6|Mutated: 437 117 49 24 9 4 1 
55786|Survivor|2|Mutated: 392 128 48 23 10 4 1 
56458|Survivor|5|Mutated: 392 127 50 21 10 4 1 
56480|Random|35: 730 150 71 19 10 4 1 
56753|Child|21|Mutated: 392 119 45 23 10 4 1 
57098|Random|15: 706 186 65 24 9 4 1 
57276|Child|38|Mutated: 390 117 49 21 10 4 1 
57425|Child|15|Mutated: 371 129 51 23 10 4 1 
57478|Random|22: 789 213 64 29 9 4 1 
57697|Child|27|Mutated: 392 125 45 23 10 4 1 
57836|Survivor|3|Mutated: 314 117 45 23 10 4 1 
57874|Random|10: 639 158 72 27 10 4 1 
58072|Random|35: 771 159 62 24 9 4 1 
58203|Random|10: 756 197 66 27 10 4 1 
58505|Child|11|Mutated: 392 117 52 20 9 4 1 
59169|Survivor|8|Mutated: 417 112 47 23 10 4 1 
59651|Child|28|Mutated: 397 117 44 23 10 4 1 
59709|Random|39: 794 159 71 23 14 4 1 
61384|Child|35|Mutated: 452 117 44 23 10 4 1 
61575|Child|11|Mutated: 392 118 50 23 10 4 1 
62000|Random|22: 692 162 64 23 8 3 1 
62496|Child|39|Mutated: 392 116 51 19 10 4 1 
63020|Child|11|Mutated: 404 125 44 23 10 4 1 
63606|Survivor|6|Mutated: 413 125 44 23 10 4 1 
63895|Random|30: 663 152 53 19 10 4 1 
64507|Child|1|Mutated: 396 103 51 23 10 4 1 
64626|Random|1: 806 171 67 24 9 4 1 
65436|Child|1|Mutated: 365 125 44 23 10 4 1 
65594|Random|22: 811 176 68 23 10 4 1 
65707|Child|2|Mutated: 392 102 52 19 10 4 1 
66133|Child|21|Mutated: 452 135 50 21 10 4 1 
66435|Random|8: 379 132 58 24 9 4 1 
66564|Child|45|Mutated: 396 115 44 23 10 4 1 
66957|Random|3: 787 186 61 26 10 3 1 
67234|Random|24: 859 224 66 28 13 4 1 
67312|Random|10: 860 198 59 28 11 4 1 
67729|Survivor|10|Mutated: 392 128 47 23 10 4 1 
68087|Random|39: 624 151 62 28 13 4 1 
68117|Child|43|Mutated: 395 118 44 23 10 4 1 
68638|Child|36|Mutated: 369 125 44 23 10 4 1 
68875|Random|35: 891 221 71 27 14 4 1 
68997|Survivor|3|Mutated: 408 117 45 23 10 4 1 
69055|Survivor|4|Mutated: 409 130 48 23 10 4 1 
