66|Survivor|1: 1750 692 301 132 57 23 10 4 1 
241|Child|34: 2019 726 301 132 57 23 10 4 1 
248|Child|50|Mutated: 1772 701 301 132 57 23 10 4 1 
365|Survivor|1: 1863 701 301 132 57 23 10 4 1 
394|Survivor|8|Mutated: 2085 738 301 132 57 23 10 4 1 
518|Survivor|5|Mutated: 1841 701 301 132 57 23 10 4 1 
568|Child|11: 1922 786 301 132 57 23 10 4 1 
905|Survivor|1: 2085 701 301 132 57 23 10 4 1 
934|Survivor|1: 1997 701 301 132 57 23 10 4 1 
1013|Child|27|Mutated: 2087 701 301 132 57 23 10 4 1 
1017|Child|40: 2087 783 301 132 57 23 10 4 1 
1031|Survivor|7|Mutated: 2090 783 301 132 57 23 10 4 1 
1063|Child|3|Mutated: 2090 764 301 132 57 23 10 4 1 
1108|Child|24|Mutated: 2090 783 313 132 57 23 10 4 1 
1191|Survivor|4|Mutated: 1835 783 313 132 57 23 10 4 1 
1210|Child|8|Mutated: 2205 783 313 132 57 23 10 4 1 
1222|Child|26|Mutated: 2236 783 313 132 57 23 10 4 1 
1243|Child|11|Mutated: 2181 783 313 132 57 23 10 4 1 
1302|Child|9|Mutated: 2090 818 313 132 57 23 10 4 1 
1303|Child|40|Mutated: 2256 783 313 132 57 23 10 4 1 
1348|Child|25|Mutated: 2213 783 313 132 57 23 10 4 1 
1403|Child|25|Mutated: 2213 715 313 132 57 23 10 4 1 
1409|Survivor|1|Mutated: 2219 783 313 132 57 23 10 4 1 
1422|Child|33|Mutated: 2213 858 313 132 57 23 10 4 1 
1528|Child|37|Mutated: 2082 783 313 132 57 23 10 4 1 
1685|Child|33|Mutated: 2080 783 313 132 57 23 10 4 1 
2107|Child|15|Mutated: 2247 783 313 132 57 23 10 4 1 
2124|Child|21|Mutated: 2213 834 313 132 57 23 10 4 1 
2353|Child|50|Mutated: 2213 808 313 132 57 23 10 4 1 
2589|Child|9|Mutated: 2162 783 313 132 57 23 10 4 1 
2679|Child|33|Mutated: 2173 783 313 132 57 23 10 4 1 
2755|Child|40|Mutated: 2196 783 313 132 57 23 10 4 1 
2863|Child|26|Mutated: 2213 777 313 132 57 23 10 4 1 
2866|Child|24|Mutated: 2237 783 313 132 57 23 10 4 1 
2962|Survivor|6|Mutated: 2279 783 313 132 57 23 10 4 1 
2974|Child|45|Mutated: 2213 806 313 132 57 23 10 4 1 
3207|Child|34: 2171 783 313 132 57 23 10 4 1 
3224|Child|19|Mutated: 2147 783 313 132 57 23 10 4 1 
3444|Child|45: 1949 783 313 132 57 23 10 4 1 
3592|Child|21|Mutated: 2213 865 313 132 57 23 10 4 1 
3596|Child|10|Mutated: 2049 783 313 132 57 23 10 4 1 
3715|Child|2|Mutated: 2600 783 313 132 57 23 10 4 1 
3744|Child|27|Mutated: 2213 845 313 132 57 23 10 4 1 
3775|Child|35|Mutated: 2213 744 313 132 57 23 10 4 1 
4193|Child|16|Mutated: 2213 881 313 132 57 23 10 4 1 
4242|Child|41|Mutated: 2213 751 313 132 57 23 10 4 1 
4645|Child|15|Mutated: 2213 832 313 132 57 23 10 4 1 
4836|Child|50|Mutated: 2345 783 313 132 57 23 10 4 1 
5045|Child|2|Mutated: 2228 783 313 132 57 23 10 4 1 
5639|Child|31|Mutated: 2213 853 313 132 57 23 10 4 1 
5870|Child|20|Mutated: 2212 783 313 132 57 23 10 4 1 
5944|Survivor|10|Mutated: 2081 783 313 132 57 23 10 4 1 
5976|Child|47|Mutated: 2349 858 313 132 57 23 10 4 1 
6168|Child|10|Mutated: 2148 783 313 132 57 23 10 4 1 
6535|Survivor|3|Mutated: 2106 783 313 132 57 23 10 4 1 
