21|Survivor|1: 2231 706 322 122 57 23 10 4 1 
620|Child_ABC2|41|Mutated: 2249 714 308 128 57 23 10 4 1 
740|Child_ABC1|52|Mutated: 2249 754 308 121 57 23 10 4 1 
835|Child_Cross12|1: 2249 714 308 111 57 23 10 4 1 
919|Survivor|1: 1972 714 308 128 57 23 10 4 1 
928|Survivor|1: 2266 714 308 128 57 23 10 4 1 
1369|Child_Cross12|1: 2239 714 289 111 57 23 10 4 1 
1394|Child_Avg|3|Mutated: 2239 714 289 121 57 23 10 4 1 
3334|Child_Cross12|1: 2239 714 289 109 57 23 10 4 1 
4449|Survivor|1: 2266 714 289 109 57 23 10 4 1 
6329|Child_Cross12|1: 2236 714 289 109 57 23 10 4 1 
