238|Child|32: 6867 1649 686 338 148 72 27 10 4 1 
256|Survivor|2: 6867 1880 761 280 148 72 27 10 4 1 
266|Survivor|2|Mutated: 6867 1939 686 338 148 72 27 10 4 1 
352|Child|44: 7230 1939 686 338 148 72 27 10 4 1 
354|Survivor|1: 6867 1901 686 338 148 72 27 10 4 1 
399|Survivor|1: 6666 1939 686 338 148 72 27 10 4 1 
403|Survivor|5|Mutated: 6867 2003 686 338 148 72 27 10 4 1 
451|Survivor|1: 6867 1939 761 338 148 72 27 10 4 1 
465|Child|7|Mutated: 6696 1939 686 338 148 72 27 10 4 1 
485|Survivor|1: 6867 1983 686 338 148 72 27 10 4 1 
533|Child|28: 7084 1983 686 338 148 72 27 10 4 1 
594|Child|19|Mutated: 6867 1791 686 338 148 72 27 10 4 1 
652|Child|22|Mutated: 6867 1939 686 338 148 63 27 10 4 1 
725|Survivor|1: 6867 1939 772 338 148 72 27 10 4 1 
735|Survivor|3|Mutated: 6867 1939 775 338 148 72 27 10 4 1 
764|Child|30|Mutated: 6867 2205 686 338 148 72 27 10 4 1 
777|Child|5|Mutated: 7056 1939 686 338 148 72 27 10 4 1 
820|Child|2: 6867 1939 686 329 148 72 27 10 4 1 
839|Survivor|1: 6867 1939 719 338 148 72 27 10 4 1 
877|Child|36|Mutated: 7314 1939 719 338 148 72 27 10 4 1 
903|Child|3|Mutated: 6456 1939 719 338 148 72 27 10 4 1 
911|Survivor|9|Mutated: 7145 1939 719 338 148 72 27 10 4 1 
923|Child|28|Mutated: 7015 1939 719 338 148 72 27 10 4 1 
935|Child|33|Mutated: 7099 1939 719 338 148 72 27 10 4 1 
956|Child|14|Mutated|Validated: 6674 1939 719 338 148 72 27 10 4 1 
968|Child|33|Mutated: 6942 1939 719 338 148 72 27 10 4 1 
971|Child|47|Mutated: 6701 1939 719 338 148 72 27 10 4 1 
1030|Child|3|Mutated: 6900 1939 719 338 148 72 27 10 4 1 
1062|Child|36|Mutated: 6746 1939 719 338 148 72 27 10 4 1 
1073|Child|41|Mutated: 7042 1939 719 338 148 72 27 10 4 1 
1082|Child|37|Mutated: 6652 1939 719 338 148 72 27 10 4 1 
1114|Survivor|1: 7065 1939 719 338 148 72 27 10 4 1 
1180|Child|8|Mutated: 6867 1867 719 338 148 72 27 10 4 1 
1181|Survivor|3: 7235 1939 719 338 148 72 27 10 4 1 
1205|Child|24|Mutated: 7024 1939 719 338 148 72 27 10 4 1 
1218|Child|31|Mutated: 7091 1939 719 338 148 72 27 10 4 1 
1226|Child|37|Mutated: 7089 1939 719 338 148 72 27 10 4 1 
1262|Child|8|Mutated: 7029 1939 719 338 148 72 27 10 4 1 
1307|Child|2|Mutated: 6909 1939 719 338 148 72 27 10 4 1 
1388|Child|26|Mutated: 6914 1939 719 338 148 72 27 10 4 1 
1439|Child|30|Mutated: 7122 1939 719 338 148 72 27 10 4 1 
1500|Child|21|Mutated: 7265 1939 719 338 148 72 27 10 4 1 
1503|Child|22|Mutated: 6774 1939 719 338 148 72 27 10 4 1 
1504|Child|26|Mutated: 6867 1939 719 321 148 72 27 10 4 1 
1511|Child|46|Mutated: 6867 2015 719 338 148 72 27 10 4 1 
1579|Child|11|Mutated: 7010 1939 719 338 148 72 27 10 4 1 
1658|Child|17|Mutated: 6867 1939 758 338 148 72 27 10 4 1 
1664|Child|49|Mutated: 6955 1939 719 338 148 72 27 10 4 1 
1673|Child|4|Mutated: 7084 1939 719 338 148 72 27 10 4 1 
1762|Child|1|Mutated: 7177 1939 719 338 148 72 27 10 4 1 
1783|Child|40|Mutated: 6602 1939 719 338 148 72 27 10 4 1 
1799|Child|18|Mutated: 6955 1939 722 338 148 63 27 10 4 1 
1924|Survivor|1: 6651 1939 719 338 148 72 27 10 4 1 
2246|Child|42|Mutated: 6881 1939 719 338 148 72 27 10 4 1 
2264|Child|42|Mutated: 6955 1939 704 338 148 72 27 10 4 1 
2355|Survivor|7|Mutated: 6824 1939 719 338 148 72 27 10 4 1 
2375|Child|20|Mutated: 6682 1939 719 338 148 72 27 10 4 1 
2401|Child|25|Mutated: 6955 1939 700 338 148 72 27 10 4 1 
2412|Survivor|6|Mutated: 6486 1939 719 338 148 72 27 10 4 1 
2427|Survivor|8|Mutated: 7094 1939 719 338 148 72 27 10 4 1 
2530|Survivor|1: 6955 1939 772 338 148 72 27 10 4 1 
2549|Child|43: 6658 1939 719 338 148 72 27 10 4 1 
2563|Child|41|Mutated: 6955 1939 715 338 148 72 27 10 4 1 
2583|Child|28|Mutated: 7100 1939 719 338 148 72 27 10 4 1 
2611|Child|38|Mutated: 7026 1939 719 338 148 72 27 10 4 1 
2642|Child|37|Mutated: 7045 1939 719 338 148 72 27 10 4 1 
2716|Child|8|Mutated: 6673 1939 719 338 148 72 27 10 4 1 
2775|Child|6|Mutated: 7060 1939 719 338 148 72 27 10 4 1 
2803|Child|5|Mutated: 6634 1939 719 338 148 72 27 10 4 1 
2837|Survivor|8|Mutated: 6763 1939 719 338 148 72 27 10 4 1 
2854|Child|27|Mutated: 6983 1939 719 338 148 72 27 10 4 1 
2977|Child|10|Mutated: 7237 1939 719 338 148 72 27 10 4 1 
2996|Child|24|Mutated: 6887 1939 719 338 148 72 27 10 4 1 
3019|Child|50|Mutated: 6752 1939 719 338 148 72 27 10 4 1 
3145|Child|18|Mutated: 6386 1939 719 338 148 72 27 10 4 1 
3208|Child|4|Mutated: 6924 1939 719 338 148 72 27 10 4 1 
3240|Child|47|Mutated: 6427 1939 719 338 148 72 27 10 4 1 
3360|Child|22|Mutated: 6967 1939 719 338 148 72 27 10 4 1 
