Survivor54-1: 842 253 96 46 20 9 4 1 
Survivor18-2: 1530 309 118 52 27 10 4 1 
Survivor24-4_mutated: 1530 309 125 52 27 10 4 1 
Child46-1_mutated: 1530 309 125 62 27 10 4 1 
Survivor76-2: 1530 309 133 55 27 10 4 1 
Survivor84-2: 1530 309 120 52 27 10 4 1 
Child91-23_mutated: 1370 309 120 52 27 10 4 1 
Child98-36_mutated: 1505 309 120 52 27 10 4 1 
Survivor103-3_mutated: 1587 309 120 52 27 10 4 1 
Child130-31_mutated: 1257 309 120 52 27 10 4 1 
Child131-12_mutated: 1347 309 120 52 27 10 4 1 
Child139-32_mutated: 1506 309 120 52 27 10 4 1 
Survivor158-9_mutated: 1506 289 120 52 27 10 4 1 
Child218-40_mutated: 1420 309 120 52 27 10 4 1 
Child227-35_mutated: 1286 309 120 52 27 10 4 1 
Child229-46: 1480 309 120 52 27 10 4 1 
Child240-31_mutated: 1591 309 120 52 27 10 4 1 
Child272-9_mutated: 1611 309 120 52 27 10 4 1 
Survivor291-5_mutated: 1507 309 120 52 27 10 4 1 
Child298-16_mutated: 1506 359 120 52 27 10 4 1 
Survivor368-1_mutated: 1506 329 120 52 27 10 4 1 
Child374-15: 1323 298 120 52 27 10 4 1 
Child411-30_mutated: 1506 329 137 52 27 10 4 1 
Survivor425-4_mutated: 1419 329 120 52 27 10 4 1 
Child441-26_mutated: 1584 354 120 52 27 10 4 1 
Child455-7_mutated: 1435 329 120 52 27 10 4 1 
Child517-41_mutated: 1506 289 120 52 25 10 4 1 
Child519-29_mutated: 1561 329 120 52 27 10 4 1 
Child522-41_mutated: 1616 329 120 52 27 10 4 1 
Child524-50: 1506 343 120 52 27 10 4 1 
Child555-10_mutated: 1506 329 140 52 27 10 4 1 
Child559-33_mutated: 1506 329 132 52 27 10 4 1 
Child567-11_mutated: 1397 329 120 52 27 10 4 1 
Child574-35_mutated: 1534 329 120 52 27 10 4 1 
Child578-49_mutated: 1506 341 120 52 27 10 4 1 
Child603-29_mutated: 1502 329 120 52 27 10 4 1 
Survivor612-1_mutated: 1506 325 120 52 27 10 4 1 
Child657-23_mutated: 1495 329 120 52 27 10 4 1 
Child665-40_mutated: 1545 329 120 52 27 10 4 1 
Child694-25_mutated: 1430 329 120 52 27 10 4 1 
Child714-10_mutated: 1506 346 144 53 27 10 4 1 
Survivor719-7_mutated: 1481 329 120 52 27 10 4 1 
Child737-43_mutated: 1506 354 120 52 27 10 4 1 
Child753-6_mutated: 1506 361 120 52 27 10 4 1 
Child769-4_mutated: 1506 395 120 52 27 10 4 1 
Child781-4_mutated: 1472 329 120 52 27 10 4 1 
Child784-2: 1506 327 120 52 27 10 4 1 
Child857-7_mutated: 1506 338 120 52 27 10 4 1 
Child915-33_mutated: 1460 329 120 52 27 10 4 1 
Child938-19_mutated: 1542 329 120 52 27 10 4 1 
Child950-7_mutated: 1538 329 120 52 27 10 4 1 
Child957-9_mutated: 1490 329 120 52 27 10 4 1 
Child974-38_mutated: 1506 323 120 52 27 10 4 1 
Child1013-33_mutated: 1428 329 120 52 27 10 4 1 
