Child183-35: 1721 322 122 43 20 9 4 1 
Survivor358-1_mutated: 1736 367 122 52 24 9 4 1 
Child408-35: 1721 322 122 43 24 9 4 1 
Child512-33: 1750 322 127 43 24 9 4 1 
Child523-30: 1659 322 127 43 24 9 4 1 
Survivor567-1: 1659 319 127 49 24 9 4 1 
Child635-48_mutated: 1611 322 127 52 24 9 4 1 
Child670-50_mutated: 1659 365 127 50 24 9 4 1 
Child698-37_mutated: 1650 322 127 43 24 9 4 1 
Survivor699-2: 1659 322 127 52 24 9 4 1 
Survivor757-9_mutated: 1688 322 127 43 24 9 4 1 
Survivor766-1: 1659 327 127 43 24 9 4 1 
Child811-35_mutated: 1696 322 127 43 24 9 4 1 
Survivor850-1: 1709 339 127 50 24 9 4 1 
Child918-3_mutated: 1729 322 127 43 24 9 4 1 
Child989-26: 1659 346 127 43 24 9 4 1 
Child1077-25: 1707 322 127 43 24 9 4 1 
Survivor1090-1: 1659 351 127 43 24 9 4 1 
Child1380-19_mutated: 1698 322 127 43 24 9 4 1 
Child1584-23_mutated: 1659 345 127 50 24 9 4 1 
Child1688-6_mutated: 1686 294 127 50 24 9 4 1 
Survivor1886-1: 1659 308 127 43 24 9 4 1 
Child1919-32_mutated: 1659 322 127 50 24 9 4 1 
Survivor1954-1: 1713 322 127 43 24 9 4 1 
Survivor2091-2: 1790 322 127 43 24 9 4 1 
Child2425-1_mutated: 1703 322 127 52 24 9 4 1 
Survivor2494-4_mutated: 1578 346 127 43 24 9 4 1 
Survivor2521-7_mutated: 1563 346 127 43 24 9 4 1 
Child2531-4_mutated: 1659 346 127 50 24 9 4 1 
Survivor2574-1: 1659 346 127 52 24 9 4 1 
Survivor2575-2: 1659 298 130 49 24 9 4 1 
Survivor2847-1: 1643 346 127 43 24 9 4 1 
Survivor3024-2: 1666 351 127 43 24 9 4 1 
Survivor3071-5_mutated: 1659 351 127 52 24 9 4 1 
Child3110-48_mutated: 1659 310 127 43 24 9 4 1 
Survivor3180-1_mutated: 1659 397 127 52 24 9 4 1 
Child3237-10: 1638 351 127 43 24 9 4 1 
Survivor3297-1: 1659 351 136 49 24 9 4 1 
Child3341-30_mutated: 1708 351 132 50 24 9 4 1 
Survivor3426-1: 1659 351 127 43 20 9 4 1 
Survivor3551-2: 1627 351 127 43 24 9 4 1 
Child3677-17_mutated: 1618 351 127 43 24 9 4 1 
Child3719-1_mutated: 1482 351 131 50 24 9 4 1 
Child3722-41_mutated: 1627 351 127 52 24 9 4 1 
Child3828-6_mutated: 1627 381 118 50 24 9 4 1 
Survivor3907-1: 1651 351 127 43 24 9 4 1 
Survivor3955-2: 1689 351 127 43 24 9 4 1 
Child4040-27_mutated: 1627 394 127 52 24 9 4 1 
Child4105-32_mutated: 1627 370 127 50 24 9 4 1 
Child4167-14_mutated: 1696 351 127 43 24 9 4 1 
Survivor4683-7_mutated: 1859 351 127 43 24 9 4 1 
Child4900-40_mutated: 1680 351 127 43 24 9 4 1 
Survivor5019-7_mutated: 1592 351 127 43 24 9 4 1 
Survivor5022-8_mutated: 1627 351 140 49 24 9 4 1 
Child5155-42_mutated: 1627 351 145 47 24 9 4 1 
Child5219-33_mutated: 1627 313 127 52 24 9 4 1 
Survivor5418-1: 1593 351 127 43 24 9 4 1 
Survivor5473-7_mutated: 1711 351 127 43 24 9 4 1 
Survivor5672-1: 1573 351 127 43 24 9 4 1 
Survivor5684-2: 1622 351 127 43 24 9 4 1 
Child5780-16_mutated: 1627 351 145 50 24 9 4 1 
Child5794-38_mutated: 1627 351 135 52 24 9 4 1 
Child5807-41: 1650 351 127 43 24 9 4 1 
Child5893-44_mutated: 1656 351 127 52 24 9 4 1 
Child5965-33_mutated: 1627 351 151 43 24 9 4 1 
Child5971-50_mutated: 1627 351 127 43 20 9 4 1 
Child5988-33: 1564 351 127 43 24 9 4 1 
Child6164-8_mutated: 1700 351 127 47 24 9 4 1 
Survivor6228-1: 1627 321 153 50 24 9 4 1 
Survivor6234-2: 1627 344 127 49 24 9 4 1 
Survivor6261-1: 1627 347 127 50 24 9 4 1 
Child6379-43_mutated: 1627 351 150 52 24 9 4 1 
Survivor6383-2_mutated: 1627 351 131 52 24 9 4 1 
Survivor6417-1: 1627 351 142 49 24 9 4 1 
Child6471-31_mutated: 1567 351 127 43 24 9 4 1 
Survivor6484-1: 1637 351 127 43 24 9 4 1 
Survivor6583-2: 1614 351 127 43 24 9 4 1 
Child6594-8_mutated: 1648 351 127 43 24 9 4 1 
Survivor6629-1_mutated: 1706 351 127 43 24 9 4 1 
Child6860-21_mutated: 1627 351 146 46 24 9 4 1 
Child6927-37_mutated: 1627 335 127 49 24 9 4 1 
Child7076-9: 1627 346 127 43 24 9 4 1 
Child7169-5_mutated: 1702 351 127 43 24 9 4 1 
Child7205-15: 1642 351 127 43 24 9 4 1 
Child7282-7_mutated: 1627 321 127 50 24 9 4 1 
Survivor7300-2: 1661 351 127 43 24 9 4 1 
Child7344-14_mutated: 1627 344 127 50 24 9 4 1 
Child7512-10_mutated: 1627 360 127 49 24 9 4 1 
Survivor7729-1: 1631 351 127 43 24 9 4 1 
Survivor7829-5_mutated: 1627 346 127 50 24 9 4 1 
Child7997-13_mutated: 1766 315 127 50 24 9 4 1 
Child8000-24_mutated: 1867 351 127 52 24 9 4 1 
Child8054-43_mutated: 1648 351 127 43 20 9 4 1 
Child8237-30_mutated: 1648 396 127 52 24 9 4 1 
Child8507-9_mutated: 1648 338 127 50 24 9 4 1 
Child8566-31_mutated: 1648 351 143 49 24 9 4 1 
Survivor8575-2: 1648 344 127 49 24 9 4 1 
Child8618-10_mutated: 1648 351 127 52 24 9 4 1 
Child8643-29_mutated: 1648 351 138 52 24 9 4 1 
Child8675-34_mutated: 1610 351 127 43 24 9 4 1 
Survivor8805-1: 1597 351 127 43 24 9 4 1 
Survivor8809-1_mutated: 1648 316 151 49 24 9 4 1 
Survivor8841-1: 1597 374 127 52 24 9 4 1 
Child8856-30_mutated: 1597 339 142 50 24 9 4 1 
Child8865-24_mutated: 1706 365 127 43 24 9 4 1 
Survivor8872-1: 1580 351 127 52 24 9 4 1 
Child8974-45_mutated: 1597 351 127 52 24 9 4 1 
Child9046-29_mutated: 1644 351 127 43 24 9 4 1 
Child9140-17_mutated: 1597 351 127 47 24 9 4 1 
Survivor9266-2: 1584 351 127 43 24 9 4 1 
Child9346-37_mutated: 1584 351 151 43 24 9 4 1 
Survivor9362-1_mutated: 1888 351 132 50 24 9 4 1 
Child9456-12_mutated: 1649 351 127 43 24 9 4 1 
Child9475-50: 1586 351 127 43 24 9 4 1 
Survivor9567-10_mutated: 1859 351 127 52 24 9 4 1 
Survivor9585-1: 1584 351 140 50 24 9 4 1 
Child9770-50_mutated: 1594 351 127 52 24 9 4 1 
Child9848-28_mutated: 1644 351 127 52 24 9 4 1 
Child9946-20_mutated: 1644 344 127 49 24 9 4 1 
Survivor10045-1: 1606 351 138 52 24 9 4 1 
Survivor10048-1: 1690 351 127 52 24 9 4 1 
Child10064-12_mutated: 1644 347 143 49 24 9 4 1 
Child10193-43_mutated: 1644 351 127 43 20 9 4 1 
Child10196-49_mutated: 1644 311 122 52 24 9 4 1 
Survivor10352-2_mutated: 1625 351 127 43 24 9 4 1 
Child10376-28_mutated: 1625 351 127 52 24 9 4 1 
Child10417-35_mutated: 1625 351 150 52 24 9 4 1 
Survivor10573-1: 1619 351 143 49 24 9 4 1 
Child10644-49_mutated: 1621 351 127 43 24 9 4 1 
Child10744-33_mutated: 1625 351 127 43 20 9 4 1 
Survivor11008-1: 1625 343 134 47 24 9 4 1 
Child11117-1_mutated: 1625 351 137 52 24 9 4 1 
Survivor11141-1: 1571 351 127 43 24 9 4 1 
Child11217-35_mutated: 1625 351 128 49 24 9 4 1 
Survivor11273-1: 1625 351 124 46 24 9 4 1 
Survivor11411-1: 1629 351 127 43 24 9 4 1 
Child11522-18_mutated: 1898 340 127 49 24 9 4 1 
Child11749-16: 1588 351 127 43 24 9 4 1 
Survivor11929-1: 1625 338 127 50 24 9 4 1 
Child11952-17_mutated: 1682 351 129 50 24 9 4 1 
Survivor12001-1: 1545 351 127 52 24 9 4 1 
Survivor12072-6_mutated: 1558 351 127 43 24 9 4 1 
Child12143-7_mutated: 1625 351 127 52 20 9 4 1 
Survivor12211-2: 1582 351 127 43 24 9 4 1 
Child12319-35_mutated: 1625 351 142 49 24 9 4 1 
Survivor12496-9_mutated: 1625 315 127 49 24 9 4 1 
Survivor12772-6_mutated: 1720 351 127 43 24 9 4 1 
Child12802-14_mutated: 1625 339 127 49 24 9 4 1 
Child12844-7_mutated: 1625 370 127 52 24 9 4 1 
Random13222-39: 1750 468 143 57 21 10 4 1 
Child13315-6: 1601 351 127 43 24 9 4 1 
Survivor13593-1_mutated: 1625 395 127 52 24 9 4 1 
Child13829-19_mutated: 1657 351 127 43 24 9 4 1 
Child13863-30_mutated: 1625 351 140 49 24 9 4 1 
Survivor13937-1: 1625 351 126 47 24 9 4 1 
Child14099-45_mutated: 1554 351 140 50 24 9 4 1 
Child14258-13: 1635 351 127 43 24 9 4 1 
Survivor14327-1: 1625 364 127 49 24 9 4 1 
Child14456-25_mutated: 1734 351 127 43 24 9 4 1 
Survivor14529-1: 1625 286 127 49 24 9 4 1 
Child14682-23_mutated: 1625 351 121 52 24 9 4 1 
Child14735-45_mutated: 1625 344 127 50 24 9 4 1 
Child14754-19_mutated: 1625 351 145 52 24 9 4 1 
Survivor14902-2: 1620 351 127 43 24 9 4 1 
Child15060-47: 1599 351 127 43 24 9 4 1 
Survivor15068-1: 1620 351 127 52 24 9 4 1 
Survivor15091-2: 1704 351 127 43 24 9 4 1 
Child15449-39_mutated: 1704 351 127 52 24 9 4 1 
Child15468-28_mutated: 1704 344 141 50 24 9 4 1 
Child15615-19_mutated: 1553 351 135 49 24 9 4 1 
Survivor15681-1: 1573 351 127 52 24 9 4 1 
Survivor15715-1: 1646 351 127 43 24 9 4 1 
Child15812-25_mutated: 1939 351 127 52 24 9 4 1 
Child15848-3_mutated: 1704 379 140 50 24 9 4 1 
Survivor15911-1: 1704 351 148 46 24 9 4 1 
Child16071-36: 1551 351 127 43 24 9 4 1 
Child16227-17_mutated: 1704 351 138 52 24 9 4 1 
Child16249-34: 1704 322 127 43 24 9 4 1 
Child16253-1_mutated: 1704 322 127 52 24 9 4 1 
Survivor16262-2: 1704 322 141 49 24 9 4 1 
Survivor16375-6_mutated: 1775 322 127 43 24 9 4 1 
Child16382-5_mutated: 1704 371 127 50 24 9 4 1 
Child16387-22_mutated: 1666 322 127 43 24 9 4 1 
Survivor16421-2: 1704 322 132 43 24 9 4 1 
Child16586-24_mutated: 1704 322 130 49 24 9 4 1 
Child16713-27_mutated: 1770 322 143 49 24 9 4 1 
Child17014-25_mutated: 1771 322 127 52 24 9 4 1 
Child17058-35_mutated: 1695 322 127 43 24 9 4 1 
Child17110-44_mutated: 1704 313 127 52 24 9 4 1 
Child17119-10_mutated: 1720 322 127 43 24 9 4 1 
Survivor17296-1: 1704 319 127 52 24 9 4 1 
Child17427-47_mutated: 1704 322 121 50 24 9 4 1 
Survivor17659-3_mutated: 1716 322 127 43 24 9 4 1 
Child17736-6_mutated: 1677 322 127 43 24 9 4 1 
Child17962-24_mutated: 1704 367 132 50 24 9 4 1 
Child18096-25_mutated: 1654 322 132 43 24 9 4 1 
Survivor18115-1: 1704 320 132 49 24 9 4 1 
Child18549-11_mutated: 1704 322 131 49 24 9 4 1 
Child18675-20_mutated: 1704 322 131 52 24 9 4 1 
Survivor18794-10_mutated: 1704 351 132 50 24 9 4 1 
Child19064-24_mutated: 1750 322 132 43 24 9 4 1 
Survivor19069-1: 1704 361 132 46 24 9 4 1 
Child19380-47_mutated: 1786 322 132 43 24 9 4 1 
Child19428-48_mutated: 1704 374 142 49 24 9 4 1 
Survivor19440-1: 1885 374 142 49 24 9 4 1 
Child19514-35_mutated: 1704 322 139 49 24 9 4 1 
Child19662-17: 1655 322 132 43 24 9 4 1 
Child19831-38_mutated: 1704 322 119 50 24 9 4 1 
Survivor20030-1: 1704 335 132 43 24 9 4 1 
Child20213-36_mutated: 1704 322 142 49 24 9 4 1 
Survivor20268-1_mutated: 1817 322 132 43 24 9 4 1 
Child20597-47_mutated: 1707 322 132 43 24 9 4 1 
Child20716-36_mutated: 1519 322 142 49 24 9 4 1 
Survivor20786-1: 1704 319 132 46 24 9 4 1 
Survivor20823-4_mutated: 1704 319 132 49 24 9 4 1 
Survivor20899-1: 1676 322 132 43 24 9 4 1 
Survivor20917-1: 1688 322 132 43 24 9 4 1 
Child21081-4_mutated: 1735 322 132 43 24 9 4 1 
Survivor21110-2: 1704 368 132 43 24 9 4 1 
Child21345-18_mutated: 1693 311 132 50 24 9 4 1 
Child21402-24_mutated: 1704 331 132 46 24 9 4 1 
Survivor21421-9_mutated: 1704 325 132 46 24 9 4 1 
Child21792-39_mutated: 1704 321 132 46 24 9 4 1 
Survivor21817-1: 1669 322 132 43 24 9 4 1 
Survivor21870-1: 1673 322 132 43 24 9 4 1 
Survivor21963-1_mutated: 1704 331 132 50 24 9 4 1 
Child21973-32_mutated: 1704 327 140 50 24 9 4 1 
Survivor22147-1: 1704 367 144 50 24 9 4 1 
Child22292-15_mutated: 1679 322 132 43 24 9 4 1 
Survivor22375-4_mutated: 1759 322 132 43 24 9 4 1 
Child22485-22_mutated: 1701 322 132 43 24 9 4 1 
Child22635-33_mutated: 1775 322 132 43 24 9 4 1 
Survivor22660-5_mutated: 1704 371 132 46 24 9 4 1 
Child22868-45_mutated: 1615 322 132 43 24 9 4 1 
Child22887-7_mutated: 1796 322 132 43 24 9 4 1 
Survivor22916-1: 1710 322 132 43 24 9 4 1 
Child22962-2_mutated: 1765 322 132 43 24 9 4 1 
