New1: 989 269 118 41 20 9 4 1 
Child19-4: 850 257 66 31 10 4 1 
Child27-6: 622 161 63 29 9 4 1 
Child38-2: 851 210 82 29 14 4 1 
Child62-3: 785 185 64 29 10 4 1 
Child112-36: 572 132 54 19 13 4 1 
Child141-4: 685 152 55 24 9 4 1 
Child144-1: 822 194 53 24 9 4 1 
Child164-6: 963 664 189 59 25 15 4 1 
Random186-67: 747 228 73 27 10 4 1 
Child188-1: 893 205 63 27 10 4 1 
Child214-5: 730 173 59 28 9 4 1 
Child221-1: 672 255 70 29 9 4 1 
Child228-6: 234 92 29 14 4 1 
Child233-2: 234 92 29 10 4 1 
Child250-17: 597 156 51 29 10 4 1 
Child262-1: 237 65 25 9 4 1 
Child278-2: 762 212 55 23 10 4 1 
Child285-6: 757 168 69 21 10 4 1 
Child290-48: 738 184 63 28 9 4 1 
Child291-1: 738 184 63 23 14 4 1 
Child300-1: 610 178 57 23 13 4 1 
Child365-2: 907 209 68 31 11 4 1 
Child366-2: 861 232 59 31 11 4 1 
Child480-1: 826 191 66 23 14 4 1 
Child481-1: 826 191 66 23 14 4 1 
Child482-1: 826 191 66 23 14 4 1 
Child497-10: 908 197 68 28 9 4 1 
Child509-2: 383 175 47 24 9 4 1 
Child533-1: 902 205 61 23 10 4 1 
Child579-27: 691 156 59 33 9 4 1 
Child629-37: 638 156 67 23 10 4 1 
Child659-48: 836 186 53 24 11 4 1 
Child689-4: 797 162 71 27 14 4 1 
Random708-79: 616 161 77 31 14 4 1 
Child710-1: 727 159 49 24 9 4 1 
Random740-96: 772 169 44 24 9 4 1 
Child741-1: 772 169 44 24 9 4 1 
Child742-1: 772 169 44 24 9 4 1 
Child744-4: 598 137 55 24 9 4 1 
Child763-43: 767 160 57 27 13 4 1 
Child767-1: 405 107 45 23 10 4 1 
Child832-5: 949 384 131 51 23 10 3 1 
Child833-7: 820 192 61 23 10 3 1 
Child836-5: 949 384 131 51 23 10 3 1 
Child856-2: 590 139 49 21 10 4 1 
Child894-4: 418 119 51 19 10 4 1 
Child930-5: 848 186 53 25 9 4 1 
Child931-8: 278 79 25 14 4 1 
Child933-3: 771 162 47 25 9 4 1 
Child936-1: 669 149 60 25 9 4 1 
Child961-22: 568 134 61 28 10 3 1 
Random969-59: 855 176 62 30 9 4 1 
Child971-9: 810 182 79 29 9 4 1 
Child987-6: 232 79 32 13 4 1 
Child988-1: 232 79 32 13 4 1 
Child1036-23: 687 195 55 32 13 4 1 
Random1083-57: 919 212 94 32 13 4 1 
Random1094-60: 732 158 59 17 10 4 1 
Child1095-2: 887 387 105 43 17 10 4 1 
Child1097-11: 880 462 137 61 20 9 4 1 
Child1122-4: 977 366 132 55 29 9 4 1 
Child1123-2: 677 192 52 29 9 4 1 
Child1131-1: 780 180 55 27 10 4 1 
Child1132-1: 780 180 55 27 10 4 1 
Child1133-1: 780 180 55 27 10 4 1 
Child1134-1: 780 180 55 27 10 4 1 
Child1135-4: 440 148 55 27 10 4 1 
Child1139-17: 882 211 67 33 9 4 1 
Child1150-2: 754 171 55 31 10 4 1 
Child1167-17: 818 180 52 29 10 4 1 
Child1168-3: 809 182 62 34 9 4 1 
Child1169-1: 809 182 62 27 14 4 1 
Child1175-2: 496 129 51 23 10 4 1 
Child1178-1: 780 164 65 23 13 4 1 
Child1180-3: 780 164 65 25 14 4 1 
Child1214-15: 874 231 72 37 14 4 1 
Child1263-14: 359 136 48 23 10 4 1 
Child1272-23: 657 182 69 33 13 4 1 
Random1277-60: 876 228 66 25 14 4 1 
Child1288-3: 400 116 57 21 10 4 1 
Child1310-10: 710 159 62 25 8 3 1 
Child1392-2: 278 128 49 24 9 4 1 
Child1415-28: 905 273 84 29 10 4 1 
Random1460-60: 595 185 62 27 10 4 1 
Child1466-2: 653 141 59 21 10 4 1 
Random1470-54: 564 134 69 25 9 4 1 
Child1476-1: 784 188 63 28 11 4 1 
Child1482-1: 624 181 53 24 11 4 1 
Child1484-2: 624 181 53 24 11 4 1 
Child1485-1: 624 181 53 24 11 4 1 
Child1487-3: 716 199 76 23 14 4 1 
Child1503-4: 584 127 53 25 9 4 1 
Random1508-53: 864 265 77 23 10 4 1 
Child1523-2: 763 169 53 23 14 4 1 
Child1526-1: 918 366 104 46 21 10 4 1 
Child1570-1: 752 174 54 23 10 4 1 
Child1601-1: 742 178 64 31 14 4 1 
Child1645-3: 718 154 62 29 10 4 1 
Child1730-29: 636 149 51 24 11 4 1 
Child1739-6: 831 223 68 32 11 4 1 
Child1748-16: 938 417 137 60 21 10 4 1 
Child1765-7: 612 190 55 29 9 4 1 
Child1768-28: 792 187 89 32 11 4 1 
Child1789-4: 680 201 72 27 14 4 1 
Child1801-14: 838 192 73 24 9 4 1 
Child1813-7: 309 139 47 25 9 4 1 
Child1817-2: 931 217 63 25 9 4 1 
Random1826-67: 789 184 61 28 13 4 1 
Child1838-1: 842 188 54 24 11 4 1 
Child1839-2: 738 173 53 24 11 4 1 
Child1844-26: 837 185 57 23 13 4 1 
Child1848-14: 913 241 67 32 13 4 1 
Child1854-2: 740 199 65 27 10 4 1 
Child1877-2: 712 166 56 23 14 4 1 
Child1880-15: 423 151 61 24 9 4 1 
Child1905-3: 762 181 65 33 10 3 1 
Child1907-2: 625 184 54 29 10 4 1 
Child1920-2: 382 141 60 28 11 4 1 
Child1922-5: 768 167 54 28 11 4 1 
Child1926-1: 646 152 46 24 9 4 1 
Child1932-1: 333 142 52 27 10 4 1 
Child2007-3: 391 121 56 24 9 4 1 
Random2029-82: 804 291 77 29 14 4 1 
Random2078-73: 721 218 60 31 14 4 1 
Random2088-85: 218 74 31 14 4 1 
Child2091-3: 218 74 31 14 4 1 
Child2119-5: 937 205 75 29 9 4 1 
Child2120-1: 937 205 75 28 13 4 1 
Child2133-12: 859 194 65 24 11 4 1 
Child2137-1: 752 165 44 25 10 4 1 
Child2182-1: 961 285 100 47 23 10 4 1 
Child3-16: 989 269 118 41 20 9 4 1 
Child15-5: 401 117 61 29 10 4 1 
Child33-1: 570 169 61 29 10 4 1 
Child40-2: 708 159 55 25 14 4 1 
Child43-2: 814 183 56 35 11 4 1 
Random100-67: 518 149 49 21 10 4 1 
Child117-4: 621 135 49 23 8 3 1 
Child181-1: 759 163 57 23 14 4 1 
Child182-14: 964 271 79 28 13 4 1 
Child216-5: 992 837 190 69 25 9 4 1 
Child218-21: 756 179 75 28 13 4 1 
Child241-8: 808 192 65 25 9 4 1 
Child253-7: 854 234 91 27 14 4 1 
Child254-2: 691 187 62 27 14 4 1 
Child261-11: 583 180 64 24 9 4 1 
Child288-2: 873 224 58 23 10 4 1 
Child300-7: 353 126 54 19 10 4 1 
Random306-60: 786 174 66 25 14 4 1 
Random311-75: 905 206 68 31 10 4 1 
Child334-29: 798 241 66 29 10 4 1 
Random335-55: 256 97 29 14 4 1 
Child336-10: 963 752 207 84 35 11 4 1 
Random347-93: 634 152 46 21 10 4 1 
Child399-2: 706 257 67 23 10 4 1 
Child418-2: 837 221 59 28 13 4 1 
Child419-1: 837 221 59 21 10 4 1 
Child434-2: 795 242 75 27 14 4 1 
Child443-2: 387 154 55 29 9 4 1 
Child459-5: 399 106 51 23 10 3 1 
Child461-1: 399 106 51 23 10 4 1 
Child482-5: 666 177 72 29 9 4 1 
Child484-5: 670 142 75 23 10 4 1 
Child523-1: 718 152 61 25 8 3 1 
Child525-3: 754 205 52 24 9 4 1 
Child527-2: 754 205 52 24 9 4 1 
Child545-2: 862 177 55 23 13 4 1 
Child569-1: 758 170 79 29 9 4 1 
Random640-53: 663 161 56 24 9 4 1 
Child646-2: 903 238 60 23 10 4 1 
Child672-44: 765 236 72 32 13 4 1 
Child673-2: 678 200 62 32 13 4 1 
Child674-15: 783 200 63 28 13 4 1 
Child682-5: 456 101 47 23 10 4 1 
Random736-76: 738 193 89 31 10 4 1 
Child746-1: 410 125 46 29 9 4 1 
Child777-11: 906 390 91 33 14 4 1 
Child785-1: 755 161 49 23 8 3 1 
Child789-26: 677 206 55 27 10 4 1 
Child807-9: 764 169 52 29 9 4 1 
Child846-1: 922 677 139 71 19 10 4 1 
Child847-1: 922 677 139 71 23 14 4 1 
Child852-1: 898 186 66 31 10 4 1 
Child855-11: 408 165 46 21 10 4 1 
Child869-2: 333 121 46 20 9 4 1 
Child897-2: 675 148 70 29 9 4 1 
Child910-3: 649 176 57 29 9 4 1 
Random943-53: 751 155 57 23 13 4 1 
Child967-1: 793 186 63 28 11 4 1 
Child987-2: 755 208 63 31 14 4 1 
Child997-2: 780 200 57 23 10 4 1 
Child998-1: 780 200 57 23 13 4 1 
Child1000-21: 267 80 23 13 4 1 
Child1001-8: 886 192 74 29 10 4 1 
Child1010-1: 605 171 59 27 10 4 1 
Child1013-5: 720 162 47 28 11 4 1 
Child1039-3: 802 172 63 31 11 4 1 
Child1049-12: 611 196 63 29 10 4 1 
Child1050-5: 608 158 48 20 9 4 1 
Child1074-6: 309 134 46 20 9 4 1 
Random1090-52: 687 151 89 23 14 4 1 
Child1113-4: 376 116 49 19 13 4 1 
Child1134-3: 758 178 61 27 8 3 1 
Child1141-2: 719 223 73 29 9 4 1 
Child1142-2: 652 205 64 29 9 4 1 
Child1182-9: 686 192 66 31 10 4 1 
Child1194-6: 831 248 64 31 14 4 1 
Child1200-1: 703 178 64 27 13 4 1 
Child1261-1: 780 167 81 31 11 4 1 
Child1262-1: 780 167 81 29 9 4 1 
Child1270-5: 983 279 91 29 14 4 1 
Child1277-1: 683 162 67 33 9 4 1 
Child1278-2: 732 202 64 33 9 4 1 
Child1286-48: 715 148 64 33 9 4 1 
Child1301-25: 234 84 29 10 4 1 
Child1303-6: 645 147 44 23 10 4 1 
Random1306-61: 859 179 75 28 13 4 1 
Child1319-2: 968 221 66 24 11 4 1 
Child1351-44: 775 168 52 17 10 4 1 
Child1356-38: 842 233 79 29 14 4 1 
Random1381-83: 796 195 61 20 9 4 1 
Child1388-2: 573 135 47 24 9 4 1 
Child1397-4: 971 282 93 41 23 8 3 1 
Child1402-3: 653 153 61 29 9 4 1 
Child1439-1: 875 222 85 27 13 4 1 
Child1445-1: 843 187 64 33 9 4 1 
Random1449-96: 696 143 78 21 10 4 1 
Child1451-2: 867 262 101 44 21 10 4 1 
Child1456-24: 752 170 69 28 11 4 1 
Child1514-1: 801 223 67 24 11 3 1 
Child1515-1: 801 223 67 24 11 4 1 
Child1517-1: 679 209 56 24 11 4 1 
Child1522-1: 794 188 55 24 9 4 1 
Child1527-3: 940 281 77 23 14 4 1 
Child1550-38: 565 161 55 24 9 4 1 
Random1560-51: 568 166 55 29 9 4 1 
Child1626-2: 992 366 144 56 21 10 4 1 
Child1634-49: 462 125 64 24 9 4 1 
Child1650-5: 401 120 44 23 10 4 1 
Child1660-12: 925 239 82 28 11 4 1 
Child1663-16: 708 163 57 23 10 4 1 
Child1666-2: 231 64 29 9 4 1 
Child1669-1: 231 64 29 9 4 1 
Child1699-2: 707 155 55 23 10 4 1 
Child1707-14: 699 169 50 21 9 4 1 
Child1714-2: 540 139 56 21 10 4 1 
Child1719-3: 734 155 49 28 11 4 1 
Child1728-12: 701 191 60 27 14 4 1 
Child1739-4: 731 158 59 24 9 4 1 
Child1823-1: 231 62 25 14 4 1 
Child1825-3: 231 62 25 14 4 1 
Child1830-31: 933 194 82 23 14 4 1 
Child1832-1: 977 633 194 65 30 9 4 1 
Child1838-6: 777 173 71 39 11 4 1 
Child1848-6: 573 130 56 24 9 4 1 
Child1854-44: 428 161 47 24 9 4 1 
Child1856-1: 632 133 51 24 11 4 1 
Child1955-38: 675 144 43 20 9 4 1 
Child1962-40: 670 138 73 32 13 4 1 
Child2024-2: 434 123 51 25 9 4 1 
Child2028-1: 836 178 63 29 14 4 1 
Child2045-1: 936 209 62 29 14 4 1 
Child2070-3: 754 166 55 32 13 4 1 
Child2075-15: 849 219 72 29 9 4 1 
Child2091-13: 407 132 49 28 9 4 1 
Child2092-20: 704 216 57 27 14 4 1 
Child2149-2: 398 129 73 24 9 4 1 
Child2185-4: 681 153 50 29 9 4 1 
Random2195-83: 569 157 76 25 9 4 1 
Child2196-2: 774 156 67 25 9 4 1 
Child2197-2: 921 193 65 25 9 4 1 
Child2202-1: 723 164 63 32 10 3 1 
Child2216-22: 914 199 78 31 10 4 1 
Child2259-1: 740 157 46 20 9 4 1 
Child2261-2: 740 157 46 20 9 4 1 
Child2263-1: 740 157 46 20 9 4 1 
Child2267-4: 701 192 59 21 10 4 1 
Child2268-2: 740 157 46 21 10 4 1 
Child2276-2: 714 170 71 23 10 4 1 
Child2280-2: 648 144 50 29 9 4 1 
Child2283-3: 751 210 73 27 13 4 1 
Random2300-54: 776 218 87 32 13 4 1 
Child2307-8: 464 135 47 23 10 4 1 
Child2340-24: 560 162 53 29 9 4 1 
Child2344-2: 657 150 47 25 9 4 1 
Child2371-2: 983 792 167 67 29 14 4 1 
Child2372-1: 983 792 167 67 24 11 4 1 
Child2382-5: 875 216 90 29 9 4 1 
Child2404-31: 809 196 75 24 11 4 1 
Child2458-29: 229 65 25 14 4 1 
Child2465-5: 710 181 53 23 14 4 1 
Child2466-19: 534 159 49 21 10 4 1 
Child2484-1: 960 221 72 28 13 4 1 
Child2485-4: 912 499 130 57 23 10 4 1 
Child2563-7: 676 174 56 24 11 4 1 
Child2592-2: 833 247 64 31 14 4 1 
Child2615-3: 359 102 48 23 10 4 1 
Random2627-98: 614 146 86 27 10 4 1 
Child2654-1: 838 188 67 32 11 4 1 
Child2667-22: 755 164 55 30 9 4 1 
Child2669-1: 755 164 55 29 9 4 1 
Child2713-16: 925 289 103 43 24 9 4 1 
Random2753-95: 547 133 67 24 9 4 1 
Child2757-1: 347 137 58 24 9 4 1 
Child2772-1: 657 221 80 23 10 4 1 
Child2780-2: 728 161 51 19 10 4 1 
Child2782-2: 881 286 106 41 19 10 4 1 
Child2796-3: 668 198 64 24 11 4 1 
Child2798-6: 703 153 70 29 10 4 1 
Child2857-14: 734 201 57 23 13 4 1 
Child2858-1: 734 201 57 23 14 4 1 
Child2865-8: 745 170 56 24 9 4 1 
Child2902-33: 771 206 60 19 10 4 1 
Child2986-32: 796 172 75 27 14 4 1 
Child2991-2: 662 265 74 25 14 4 1 
Child3000-5: 810 195 59 27 10 4 1 
Random3020-75: 681 191 68 21 10 4 1 
Child3021-2: 683 203 66 21 10 4 1 
Child3022-18: 880 184 57 20 9 4 1 
Child3055-1: 687 148 50 23 10 4 1 
Child3057-1: 687 148 50 23 10 4 1 
Child3058-1: 687 148 50 29 9 4 1 
Child3061-1: 687 148 50 23 10 4 1 
Child3080-1: 694 196 65 27 10 4 1 
Child3081-7: 843 206 65 31 10 4 1 
Child3082-16: 439 132 53 29 9 4 1 
Child3090-2: 857 203 64 29 14 4 1 
Child3091-1: 857 203 64 28 13 4 1 
Child3100-5: 907 340 147 61 29 9 4 1 
Child3118-1: 919 323 114 49 21 9 4 1 
Child3154-1: 780 242 69 21 10 4 1 
Child3193-22: 462 169 56 21 10 4 1 
Child3214-1: 715 175 72 27 10 4 1 
Child3220-46: 723 176 67 27 10 4 1 
Child3225-6: 925 539 133 48 20 9 4 1 
Child3249-1: 701 191 82 24 9 4 1 
Child3252-3: 745 162 55 24 9 4 1 
Child3253-2: 912 225 55 24 9 4 1 
Child3254-3: 963 811 177 60 28 11 4 1 
Child3339-2: 814 237 94 39 20 9 4 1 
Child3369-5: 909 280 92 43 25 10 4 1 
Child3394-2: 892 801 207 62 25 9 4 1 
Random3418-81: 816 254 71 29 10 4 1 
Random3426-61: 872 178 68 33 10 3 1 
Random3427-64: 413 116 43 20 9 4 1 
Child3428-2: 707 147 43 20 9 4 1 
Child3454-34: 849 275 112 62 19 10 4 1 
Child3455-3: 691 178 71 29 10 4 1 
Child3456-2: 629 177 62 29 10 4 1 
Child3477-6: 931 507 127 47 25 9 4 1 
Child3486-6: 938 195 76 27 10 4 1 
Child3487-2: 751 188 60 27 10 4 1 
Child3502-2: 657 215 62 28 13 4 1 
Child3543-1: 217 58 23 10 4 1 
Child3548-2: 651 135 44 23 10 4 1 
Child3554-2: 217 58 23 10 4 1 
Child3555-2: 668 148 50 23 10 4 1 
Child3556-2: 217 58 23 10 4 1 
Child3557-2: 668 148 50 23 10 4 1 
Child3559-2: 668 148 50 23 10 4 1 
Child3560-2: 217 58 23 10 4 1 
Child3564-2: 217 58 23 10 4 1 
Child3565-2: 668 148 50 23 10 4 1 
Child3567-2: 668 148 50 23 10 4 1 
Child3574-1: 432 122 49 23 8 3 1 
Child3619-50: 750 163 55 29 10 4 1 
Child3623-15: 772 166 61 33 10 3 1 
Child3690-7: 665 143 55 29 9 4 1 
Child3693-20: 729 169 64 31 14 4 1 
Child3708-1: 693 146 54 28 11 4 1 
Child3746-1: 737 166 64 28 11 4 1 
Child3747-1: 737 166 64 33 9 4 1 
Child3757-36: 442 128 50 19 10 4 1 
Child3775-2: 776 168 71 31 14 4 1 
Child3808-3: 460 139 54 24 11 4 1 
Child3813-43: 693 164 51 19 10 4 1 
Child3818-33: 264 85 25 14 4 1 
Child3836-20: 581 152 48 21 10 4 1 
Child3837-12: 745 168 64 29 10 4 1 
Child3860-14: 765 218 86 27 14 4 1 
Child3861-4: 713 189 78 27 14 4 1 
Child3888-2: 694 161 53 24 11 4 1 
Child3918-2: 750 200 64 29 10 3 1 
Child3935-1: 455 117 54 20 9 4 1 
Child3936-2: 736 167 54 20 9 4 1 
Child3939-1: 746 165 60 23 13 4 1 
Child3957-3: 744 161 73 32 13 4 1 
Random4014-71: 690 166 65 33 14 4 1 
Child4030-1: 348 131 52 24 9 4 1 
Child4048-1: 358 174 49 21 10 4 1 
Child4065-4: 342 110 43 20 9 4 1 
Child4066-1: 342 110 43 20 9 4 1 
Child4068-2: 342 110 43 20 9 4 1 
Child4075-7: 352 98 51 23 10 4 1 
Child4079-2: 757 165 52 27 10 4 1 
Child4080-1: 757 165 52 28 11 4 1 
Child4084-2: 922 225 62 24 11 4 1 
Child4097-2: 797 176 77 29 14 4 1 
Child4116-1: 286 90 25 14 4 1 
Child4154-8: 377 106 42 19 7 3 1 
Random4195-72: 851 184 93 32 13 4 1 
Child4204-1: 607 146 44 25 9 4 1 
Child4211-4: 573 167 70 23 13 4 1 
Child4290-3: 783 193 72 28 9 4 1 
Child4295-1: 697 165 47 25 8 3 1 
Child4394-2: 275 73 24 9 4 1 
Child4395-2: 531 115 55 24 9 4 1 
Child4424-2: 850 182 85 27 14 4 1 
Child4425-2: 780 161 57 27 14 4 1 
Child4426-4: 966 621 202 72 27 10 4 1 
Child4429-1: 842 207 61 23 10 4 1 
Child4444-6: 764 208 67 29 14 4 1 
Child4451-27: 750 203 75 28 11 4 1 
Child4489-16: 929 190 65 34 9 4 1 
Child4520-1: 753 158 52 29 9 4 1 
Child4529-6: 631 151 60 25 9 4 1 
Child4546-1: 967 208 65 25 14 4 1 
Random4548-59: 708 190 79 28 13 4 1 
Child4555-2: 625 148 53 24 11 4 1 
Child4558-33: 798 221 52 29 9 4 1 
Child4578-1: 961 754 160 74 23 10 4 1 
Child4580-1: 392 127 54 23 10 4 1 
Child4581-7: 888 289 98 46 24 9 4 1 
Child4583-16: 681 202 63 20 9 4 1 
Child4584-1: 681 202 63 28 11 4 1 
Random4621-61: 741 157 50 21 10 4 1 
Child4637-4: 373 148 56 25 9 4 1 
Random4689-83: 745 198 75 31 10 4 1 
Child4699-8: 563 161 62 27 14 4 1 
Child4700-1: 563 161 62 24 9 4 1 
Random4741-77: 788 162 74 23 10 4 1 
Child4745-5: 943 365 99 52 17 10 4 1 
Child4752-1: 943 365 99 52 17 10 4 1 
Child4754-2: 666 136 57 29 9 4 1 
Child4758-2: 850 206 93 43 24 9 4 1 
Child4788-4: 485 175 68 21 10 4 1 
Child4803-4: 916 251 73 27 14 4 1 
Child4821-20: 741 204 65 24 9 4 1 
Child4842-2: 876 177 75 28 13 4 1 
Child4843-2: 855 174 61 28 13 4 1 
Child4845-1: 709 147 57 23 10 4 1 
Random4864-55: 717 157 81 25 9 4 1 
Child4914-1: 435 174 59 21 10 4 1 
Child4925-9: 828 187 57 23 13 4 1 
Child4987-2: 450 125 54 23 10 4 1 
Child4991-3: 733 159 48 29 9 4 1 
Child4999-1: 633 164 52 29 9 4 1 
Random5010-65: 754 221 68 29 14 4 1 
Child5020-1: 808 177 54 24 11 4 1 
Child5057-33: 669 139 56 31 11 4 1 
Random5061-85: 827 195 59 33 9 4 1 
Child5073-1: 759 217 63 20 9 4 1 
Child5088-18: 677 169 82 28 11 4 1 
Child5095-7: 397 156 43 20 9 4 1 
Child5108-1: 690 141 53 25 9 4 1 
Child5139-3: 731 179 57 23 13 4 1 
Child5142-2: 620 143 47 21 10 4 1 
Child5205-17: 750 231 79 29 9 4 1 
Child5240-21: 379 113 59 29 9 4 1 
Random5244-94: 757 203 78 23 10 4 1 
Child5245-1: 757 203 78 29 14 4 1 
Child5247-1: 709 168 47 23 10 4 1 
Child5250-37: 944 217 64 29 9 4 1 
Child5253-3: 723 228 56 25 9 4 1 
Random5321-93: 379 151 71 23 10 4 1 
Child5322-34: 787 160 61 27 14 4 1 
Child5323-1: 787 160 61 24 9 4 1 
Child5324-1: 787 160 61 30 9 4 1 
Child5442-6: 263 76 25 14 4 1 
Child5492-14: 726 159 52 33 9 4 1 
Child5501-2: 999 295 111 47 23 10 4 1 
Child5506-1: 933 263 77 23 10 4 1 
Child5514-2: 838 183 70 30 9 4 1 
Child5517-6: 805 203 83 29 14 4 1 
Child5522-2: 757 165 49 21 9 4 1 
Child5530-1: 757 165 49 23 14 4 1 
Child5533-2: 757 165 49 23 8 3 1 
Child5534-1: 757 165 49 23 14 4 1 
Child5544-9: 820 185 64 35 11 4 1 
Child5552-27: 914 247 72 29 10 4 1 
Child5566-2: 920 270 88 43 24 9 4 1 
Child5568-2: 920 270 88 43 24 9 4 1 
Child5591-1: 290 77 28 13 4 1 
Child5607-3: 570 169 59 32 11 4 1 
Child5616-10: 890 221 79 25 14 4 1 
Random5625-66: 465 165 61 19 13 4 1 
Child5649-8: 676 138 57 21 10 4 1 
Child5650-6: 854 195 55 32 13 4 1 
Child5673-2: 815 218 66 21 10 4 1 
Random5686-71: 651 141 57 23 13 4 1 
Child5695-32: 619 158 55 28 13 4 1 
Child5697-2: 836 201 71 23 13 4 1 
Child5721-8: 754 165 62 27 10 3 1 
Random5738-71: 777 193 56 33 9 4 1 
Child5760-1: 647 147 45 23 10 4 1 
Random5772-89: 764 214 68 37 13 4 1 
Random5773-92: 811 171 85 24 9 4 1 
Child5779-2: 801 247 67 29 14 4 1 
Child5783-1: 638 137 60 25 14 4 1 
Child5826-2: 894 221 68 23 14 4 1 
Child5847-2: 702 197 63 27 10 4 1 
Child5848-2: 794 194 56 27 10 4 1 
Child5852-1: 710 182 65 27 10 4 1 
Child5869-10: 591 145 62 24 9 4 1 
Random5870-93: 693 190 93 28 11 4 1 
Random5921-77: 958 193 71 25 14 4 1 
Child5952-2: 719 173 78 32 13 4 1 
Child5973-15: 941 721 161 52 23 14 4 1 
Child5976-1: 858 245 68 31 11 4 1 
Child5979-1: 288 115 44 19 10 4 1 
Child5988-1: 605 164 61 23 13 4 1 
Child5997-2: 600 158 67 21 10 4 1 
Child5998-31: 756 179 71 23 13 4 1 
Child6017-2: 678 231 76 29 14 4 1 
Child6052-25: 848 256 83 29 14 4 1 
Child6058-10: 968 202 79 32 13 4 1 
Random6069-78: 929 287 80 31 14 4 1 
Child6082-2: 731 178 60 23 10 4 1 
Child6136-2: 229 73 25 14 4 1 
Child6137-9: 845 256 73 27 10 4 1 
Child6138-2: 602 150 55 27 10 4 1 
Child6139-8: 844 200 68 31 10 4 1 
Child6152-25: 378 139 80 24 9 4 1 
Child6164-7: 740 151 49 25 10 4 1 
Child6165-1: 740 151 49 23 14 4 1 
Child6195-2: 728 161 59 19 13 4 1 
Child6196-1: 728 161 59 21 10 4 1 
Child6197-1: 728 161 59 21 10 4 1 
Child6225-41: 660 234 68 24 9 4 1 
Child6226-2: 905 209 53 24 9 4 1 
Child6282-6: 947 354 137 46 24 9 4 1 
Child6336-6: 632 170 81 36 13 4 1 
Child6338-1: 291 106 41 23 8 3 1 
Child6339-1: 291 106 41 23 8 3 1 
Child6341-1: 291 106 41 19 10 4 1 
Child6342-1: 291 106 41 23 8 3 1 
Child6343-14: 881 226 63 28 13 4 1 
Child6347-2: 855 186 64 30 9 4 1 
Child6355-45: 729 156 63 19 10 4 1 
Child6357-5: 729 156 63 19 10 4 1 
Random6364-87: 957 426 128 73 25 14 4 1 
Child6367-4: 948 677 163 57 20 11 4 1 
Child6369-4: 698 152 57 20 11 4 1 
Child6443-2: 448 126 60 25 14 4 1 
Child6473-15: 795 259 71 29 10 4 1 
Child6481-1: 683 217 69 29 14 4 1 
Child6485-5: 816 165 75 31 10 4 1 
Child6503-3: 905 438 142 44 23 10 4 1 
Child6509-1: 393 139 54 20 9 4 1 
Child6517-2: 751 177 51 28 13 4 1 
Random6520-80: 946 615 193 66 29 9 4 1 
Child6544-1: 636 131 57 23 10 4 1 
Child6572-10: 937 371 142 43 24 9 4 1 
Child6672-4: 452 127 55 23 10 4 1 
Child6723-10: 727 171 58 31 10 4 1 
Child6739-27: 574 135 52 23 10 4 1 
Child6757-17: 752 159 65 31 9 4 1 
Child6773-1: 484 141 49 24 9 4 1 
Child6775-4: 787 158 59 24 9 4 1 
Child6776-2: 444 171 53 24 9 4 1 
Child6835-23: 809 223 96 29 14 4 1 
Child6842-9: 789 182 53 25 9 4 1 
Child6844-6: 789 182 53 25 9 4 1 
Child6852-3: 658 203 64 29 10 4 1 
Child6920-2: 802 232 83 36 13 4 1 
Child6928-6: 769 186 61 28 13 4 1 
Child6943-23: 789 172 58 34 9 4 1 
Child6994-1: 785 174 70 23 14 4 1 
Child6997-21: 716 157 54 19 10 4 1 
Child7036-2: 802 178 48 23 10 4 1 
Child7043-2: 281 87 28 13 4 1 
Child7051-3: 609 161 52 28 11 4 1 
Child7059-1: 699 168 55 24 9 4 1 
Child7067-1: 434 103 41 24 9 4 1 
Child7083-2: 451 137 69 27 10 4 1 
Child7113-5: 676 185 60 27 10 4 1 
Random7170-88: 279 106 49 17 10 4 1 
Child7181-27: 885 192 59 25 14 4 1 
Child7209-2: 613 222 73 27 14 4 1 
Child7216-2: 834 225 62 27 14 4 1 
Child7228-16: 619 184 64 29 10 4 1 
Child7244-7: 671 147 45 20 9 4 1 
Child7270-2: 736 200 74 29 10 4 1 
Child7271-1: 736 200 74 31 14 4 1 
Child7280-2: 760 212 69 25 9 4 1 
Child7296-8: 765 236 67 24 9 4 1 
Child7335-2: 448 168 72 27 10 4 1 
Child7346-4: 670 186 77 24 9 4 1 
Child7378-4: 953 818 173 52 24 9 4 1 
Child7461-2: 674 154 55 24 9 4 1 
Random7469-68: 889 213 81 29 10 4 1 
Random7470-90: 681 198 85 32 13 4 1 
Random7530-79: 774 170 70 32 11 4 1 
Child7563-23: 695 148 64 29 9 4 1 
Child7565-1: 695 148 64 31 14 4 1 
Child7585-3: 697 147 47 23 10 4 1 
Child7665-13: 745 151 57 27 14 4 1 
Child7666-1: 745 151 57 28 13 4 1 
Child7669-1: 745 151 57 23 10 4 1 
Child7687-9: 547 194 55 24 9 4 1 
Child7726-8: 913 295 81 32 13 4 1 
Child7732-5: 965 424 137 58 24 9 4 1 
Child7733-2: 380 146 43 24 9 4 1 
Random7736-78: 798 205 60 27 10 4 1 
Random7782-67: 897 227 78 24 11 4 1 
Child7783-32: 773 162 67 31 10 3 1 
Child7799-19: 802 189 52 23 14 4 1 
Child7807-6: 776 159 46 20 9 4 1 
Child7818-26: 756 168 55 30 9 4 1 
Random7820-61: 768 194 78 23 10 4 1 
Child7821-2: 831 467 131 58 23 10 4 1 
Child7844-1: 735 178 56 32 13 4 1 
Child7862-4: 747 199 59 29 9 4 1 
Random7874-76: 848 199 72 28 9 4 1 
Child7894-1: 276 71 27 14 4 1 
Child7902-17: 276 71 27 14 4 1 
Random7908-94: 972 273 103 54 19 10 4 1 
Child7936-14: 864 196 76 25 9 4 1 
Child7937-2: 660 136 49 25 9 4 1 
Random7945-76: 887 623 149 65 24 9 4 1 
Child7967-5: 745 159 56 21 9 4 1 
Child7977-1: 824 172 59 24 9 4 1 
Random7994-96: 650 164 67 25 9 4 1 
Child8015-2: 591 146 58 24 11 4 1 
Child8022-1: 681 143 54 23 13 4 1 
Random8028-81: 855 185 78 28 9 4 1 
Child8072-2: 655 179 66 29 14 4 1 
Child8121-1: 630 134 51 23 10 4 1 
Random8152-85: 915 197 73 27 10 4 1 
Child8174-2: 683 179 60 27 10 4 1 
Child8195-1: 912 312 129 56 21 10 4 1 
Child8200-17: 867 212 93 29 14 4 1 
