2|Survivor|1|Mutated: 78933 29351 13082 5831 2236 1158 516 230 102 45 20 9 4 1 
4|Child_Avg|3: 26587 10744 4486 1820 951 397 168 79 37 13 4 1 
5|Child_Avg|27: 28041 8788 4568 1992 1119 509 215 91 40 15 4 1 
14|Child_Avg|23: 18238 6771 2850 1442 744 329 161 72 30 11 4 1 
17|Child_Cross|9: 20868 7851 3252 1261 613 266 161 72 30 11 4 1 
21|Survivor|1|Mutated: 20868 7851 3252 1261 682 266 161 72 30 11 4 1 
23|Child_Cross|18: 20868 7851 3252 1261 613 266 173 74 30 13 5 1 
24|Child_Levy|44: 19997 7519 2841 1258 597 257 169 73 30 11 5 1 
29|Child_Cross|61: 19997 7519 2841 1258 597 257 161 70 27 13 4 1 
49|Child_Cross|21|Mutated: 22176 7789 3073 1221 599 239 138 57 31 11 4 1 
57|Child_Avg|27: 17898 6474 2655 1067 568 227 128 59 31 11 4 1 
61|Survivor|1: 18187 6726 2491 1104 516 210 128 59 31 11 4 1 
76|Child_Cross|22: 18542 6701 2519 1021 537 198 128 59 31 11 4 1 
78|Child_Cross|62: 19103 7075 2990 1258 588 243 171 76 28 11 4 1 
87|Child_Avg|55: 23111 8391 3399 1622 961 305 170 69 31 13 4 1 
90|Survivor|1|Mutated: 23111 8391 3399 1622 961 305 170 69 31 13 3 1 
91|Child_Cross|38: 32041 12846 3768 1800 907 340 166 69 31 11 4 1 
92|Child_Levy|20: 18514 6665 2789 1439 713 290 159 68 31 13 4 1 
97|Child_Cross|29: 24524 9008 3763 2133 848 390 213 95 33 15 4 1 
113|Survivor|1|Mutated: 24524 9008 3763 1838 848 454 213 95 33 15 4 1 
117|Survivor|1|Mutated: 24524 9008 3763 1968 848 454 170 95 33 15 4 1 
137|Child_Avg|27: 18251 6951 2832 1246 573 282 184 85 32 13 4 1 
176|Child_Avg|31: 28693 9673 4379 2082 759 352 129 95 30 12 5 1 
183|Child_Levy|28: 26081 8820 3611 1519 642 292 139 87 28 10 3 1 
186|Child_Cross|45: 22099 6886 2966 1293 581 237 162 77 28 11 4 1 
200|Child_Cross|58: 22099 6886 2966 1408 581 237 177 87 31 10 4 1 
216|Child_Levy|32: 41765 14122 5048 2552 1512 537 221 135 62 23 10 4 1 
221|Child_Avg|7: 29935 10274 3858 2024 1039 456 227 144 65 27 10 4 1 
229|Child_Cross|25: 17170 6479 2722 1432 581 302 120 46 19 13 4 1 
238|Child_Avg|43|Mutated: 41007 9973 6211 2791 969 386 215 77 28 13 4 1 
244|Child_Levy|40: 30236 7571 4377 1960 704 327 199 86 28 12 5 1 
290|Survivor|1|Mutated: 18171 5775 2262 959 434 215 77 29 11 5 1 
292|Child_Cross|17: 52799 29096 11575 4072 1905 847 494 214 77 29 11 5 1 
316|Child_Cross|42: 18511 7374 2881 1238 609 308 188 78 29 11 5 1 
327|Child_Avg|3: 22037 8585 3147 1768 585 277 184 79 27 11 4 1 
329|Child_Levy|24: 18570 6851 2621 1432 622 291 182 72 29 11 5 1 
335|Child_Cross|9: 19229 7790 3200 1508 681 266 186 68 32 11 4 1 
338|Survivor|1|Mutated: 19229 7790 3410 1237 672 266 186 68 32 11 4 1 
340|Survivor|1|Mutated: 19229 7573 3410 1237 672 271 161 68 36 11 5 1 
346|Child_Cross|46: 18571 7321 2735 1291 651 220 179 65 28 11 4 1 
350|Child_Levy|4: 21710 7124 3696 1553 689 335 164 94 33 9 4 1 
374|Child_Avg|47: 31810 9381 3028 1492 720 353 189 75 35 11 4 1 
381|Child_Cross|14: 31810 9381 3028 1492 720 353 224 76 30 11 5 1 
382|Child_Cross|1: 22001 9619 3233 1448 709 359 171 68 32 11 4 1 
389|Child_Cross|33: 20430 6703 2521 1107 589 256 171 68 32 11 4 1 
440|Child_Cross|57: 13807 5522 2145 904 423 205 75 35 13 5 1 
441|Child_Cross|5: 19680 5967 2454 1397 541 245 85 36 14 5 1 
445|Child_Cross|17: 31755 9163 3335 1553 806 402 213 85 36 14 5 1 
450|Survivor|1|Mutated: 31755 9163 3335 1553 701 402 213 85 36 14 5 1 
454|Child_Levy|20: 22878 7369 2601 1278 555 325 191 82 31 14 5 1 
475|Child_Cross|34: 17550 6975 3093 1300 557 240 179 81 31 13 4 1 
481|Child_Avg|51: 15101 6230 2640 1111 521 242 153 59 25 11 4 1 
500|Child_Avg|43: 23002 8281 3923 1350 710 303 180 68 27 11 4 1 
507|Child_Cross|5: 20110 8269 3314 1250 621 292 149 72 27 10 4 1 
512|Child_Avg|7: 18365 7088 2694 1201 676 287 158 71 23 10 4 1 
567|Survivor|1: 33237 12189 4781 1823 665 417 204 83 27 13 5 1 
569|Child_Avg|43|Mutated: 30516 7992 3693 1280 535 242 195 69 28 12 5 1 
588|Child_Cross|6: 17934 6283 2716 1091 467 226 91 42 12 5 1 
599|Child_Levy|64: 18821 5704 2725 1039 503 294 175 72 30 11 5 1 
602|Child_Avg|47: 22661 6777 3379 1464 667 311 219 79 40 11 5 1 
611|Survivor|1|Mutated: 22661 6777 3379 1464 766 311 219 79 40 11 5 1 
627|Child_Cross|53: 21626 6904 3137 1335 671 283 173 78 33 10 6 1 
660|Child_Avg|47|Mutated: 21307 7975 3569 1449 590 288 217 97 35 11 5 1 
692|Child_Levy|20: 26207 9622 4592 1898 729 300 139 76 36 11 5 1 
696|Child_Avg|63: 23461 8774 4009 1853 687 279 140 78 33 10 4 1 
701|Child_Levy|16: 19077 5955 2556 1139 455 274 149 74 30 11 5 1 
709|Child_Avg|11: 22302 8033 4339 1828 791 581 261 91 33 14 4 1 
732|Child_Levy|40: 20624 7217 3226 1239 545 438 233 88 32 13 5 1 
734|Child_Avg|23: 21835 8147 3686 1368 633 324 235 92 32 13 4 1 
737|Child_Cross|33: 21685 8783 3619 1374 679 293 220 85 32 13 4 1 
758|Child_Cross|34: 17759 7179 2777 1171 549 256 210 62 30 11 6 1 
760|Child_Levy|60: 19225 7134 2860 1194 563 271 192 93 35 13 6 1 
781|Survivor|1: 16133 6604 2986 1084 521 328 183 78 32 11 4 1 
804|Survivor|1: 26067 8212 3262 1492 654 243 149 77 26 11 5 1 
805|Child_Cross|33: 28105 8452 3363 1549 677 287 207 79 33 12 5 1 
817|Child_Avg|31: 25043 7492 2907 1352 613 257 148 75 27 10 4 1 
823|Child_Cross|61: 23610 6802 2806 1329 560 248 126 57 28 11 4 1 
824|Child_Levy|32|Mutated: 25471 7509 2897 1343 553 296 146 58 21 9 5 1 
862|Child_Levy|24: 30175 16194 4987 2676 1068 449 169 73 28 12 5 1 
863|Child_Avg|51: 25275 11080 3992 1883 776 364 155 67 26 9 4 1 
867|Child_Avg|3: 26451 9400 3571 1635 676 299 151 65 25 9 4 1 
876|Survivor|1|Mutated: 26451 9400 3173 1635 676 299 126 65 25 9 4 1 
879|Child_Avg|47: 22346 7665 3108 1393 608 271 139 64 24 9 4 1 
880|Child_Cross|41: 21404 7236 3103 1290 662 293 126 65 25 9 4 1 
889|Survivor|1|Mutated: 24923 7236 3103 1290 662 293 126 65 25 9 4 1 
893|Child_Cross|53: 21495 6761 3170 1134 621 247 126 65 25 9 4 1 
909|Child_Cross|53: 17986 6140 2799 1107 625 233 126 65 25 9 4 1 
929|Child_Cross|46: 18210 6183 2475 1204 577 258 161 59 29 13 4 1 
948|Child_Avg|47|Mutated: 24968 6883 2992 1746 679 282 156 61 32 13 4 1 
953|Child_Levy|48: 20369 6108 3050 1520 590 276 153 63 28 11 4 1 
979|Child_Avg|55: 21269 6695 3512 1395 662 278 198 61 29 9 4 1 
986|Child_Levy|8: 22575 6974 3098 1583 549 260 150 72 27 11 4 1 
992|Child_Cross|6: 18693 7113 3436 1528 565 281 177 77 29 11 4 1 
993|Child_Cross|10: 18483 5096 2663 1309 519 260 150 72 27 11 4 1 
1013|Child_Avg|43: 27472 11123 3314 1947 805 365 230 77 37 13 4 1 
1016|Child_Cross|5: 16301 5684 2799 1200 530 209 77 37 13 4 1 
1018|Child_Cross|33: 24934 11073 4119 1930 841 307 198 86 37 14 6 1 
1023|Child_Levy|20: 20282 8347 3234 1430 641 279 170 82 32 13 5 1 
1025|Child_Cross|38: 20282 8347 3234 1430 641 279 215 76 31 11 4 1 
1026|Child_Cross|29: 23209 7989 3100 1395 569 267 170 82 32 13 5 1 
1028|Child_Avg|35: 19781 7011 2859 1331 595 249 177 81 31 13 4 1 
1036|Child_Cross|10: 21256 6620 3012 1211 563 252 163 83 30 13 5 1 
1037|Child_Cross|22|Mutated: 19781 8222 3048 1304 595 249 177 81 31 13 4 1 
1039|Child_Levy|48: 26014 9189 3263 1348 495 291 169 84 30 13 5 1 
1042|Child_Cross|57: 21256 6620 3012 1211 563 252 174 82 32 13 5 1 
1043|Child_Cross|33: 18737 7620 2782 1354 597 241 174 82 32 13 5 1 
1063|Survivor|1|Mutated: 18737 8335 2782 1615 651 219 165 82 32 13 5 1 
1068|Child_Levy|28: 28486 8113 3556 1909 721 359 203 82 27 13 5 1 
1075|Child_Cross|42: 17752 7748 2672 1506 611 233 165 70 29 11 5 1 
1110|Child_Levy|44: 18125 8399 2891 1497 590 227 157 64 30 12 5 1 
1119|Child_Cross|37: 15891 6239 2710 1165 595 212 163 62 27 10 4 1 
1125|Child_Cross|53: 18165 6349 2378 1203 502 204 85 32 13 5 1 
1128|Survivor|1|Mutated: 18165 6349 2378 1203 502 238 85 32 13 5 1 
1134|Survivor|1|Mutated: 18165 6349 2399 1203 502 238 85 32 13 5 1 
1136|Child_Cross|33: 30172 7822 3316 1222 867 311 177 75 28 11 4 1 
1139|Child_Cross|41|Mutated: 17488 5651 2696 1139 575 273 165 85 32 13 5 1 
1142|Child_Levy|32: 24558 7202 3945 2112 769 316 175 66 29 11 5 1 
1146|Survivor|1: 18165 6349 2378 1203 502 273 165 85 32 13 5 1 
1150|Child_Cross|41: 17798 6567 3043 1186 565 251 165 85 32 13 5 1 
1153|Child_Cross|17: 19322 6207 2633 1099 533 251 153 70 32 12 5 1 
1164|Child_Levy|64: 18498 6576 2779 1101 559 225 161 66 28 12 5 1 
1181|Survivor|1|Mutated: 18278 6576 2327 1183 559 225 161 66 28 12 5 1 
1202|Child_Avg|55|Mutated: 28183 7023 3310 1481 609 324 193 90 27 13 5 1 
1206|Child_Cross|62: 14852 5863 2249 1001 440 173 77 31 13 4 1 
1244|Child_Cross|25: 17921 6268 2367 1052 486 230 149 62 23 12 5 1 
1263|Child_Levy|12: 16170 6659 2857 1101 513 254 154 61 23 10 4 1 
1268|Child_Avg|59: 26479 10246 4017 1391 671 248 163 67 23 10 4 1 
1291|Child_Cross|54|Mutated: 26479 10246 4017 1391 713 248 161 79 24 9 4 1 
1295|Child_Cross|22: 32966 8897 4181 2145 986 338 200 70 29 11 4 1 
1299|Child_Avg|63: 23108 9152 3535 1265 643 259 147 51 23 10 4 1 
1306|Child_Cross|26: 19740 7741 3055 1157 576 245 147 51 23 10 4 1 
1317|Child_Cross|6: 22741 7419 2955 1149 581 254 153 64 24 9 4 1 
1324|Survivor|1|Mutated: 22741 7419 2955 1320 581 254 153 65 24 9 4 1 
1331|Child_Cross|46|Mutated: 91106 26253 7047 3206 1204 445 200 150 67 32 11 4 1 
1343|Survivor|1|Mutated: 89020 26253 7047 3442 1204 513 224 150 60 32 11 4 1 
1354|Child_Cross|50|Mutated: 89020 26253 7047 3442 1204 513 224 137 60 35 11 5 1 
1356|Child_Cross|33: 18185 7216 3193 1262 528 212 128 63 25 11 5 1 
1383|Survivor|1|Mutated: 24552 7135 3363 1670 773 354 175 76 31 13 4 1 
1391|Child_Cross|58: 26862 8083 3682 1448 654 285 175 76 31 13 4 1 
1397|Child_Avg|47: 22235 7005 3250 1251 557 267 172 74 28 11 4 1 
1422|Survivor|1: 17827 8588 3851 1638 725 311 148 76 31 13 4 1 
1447|Child_Cross|29: 17455 6059 2605 1066 487 241 151 65 32 12 5 1 
1463|Survivor|1: 24481 8076 3185 1554 699 284 224 103 36 11 5 1 
1477|Child_Cross|21: 20472 6661 2828 1227 719 245 166 68 24 9 4 1 
1488|Child_Cross|50: 20472 6661 2828 1227 719 205 167 70 29 11 5 1 
1489|Child_Cross|62: 20630 7097 3312 1215 689 312 157 71 29 10 4 1 
1492|Child_Levy|8: 26201 8735 3218 1617 723 313 139 61 23 9 4 1 
1498|Child_Avg|11: 20913 7218 2832 1361 668 286 148 63 23 9 4 1 
1499|Child_Cross|38: 19564 6752 2645 1293 704 240 157 65 24 9 4 1 
1511|Child_Avg|31: 21067 7881 4253 2298 788 322 150 62 27 10 3 1 
1518|Child_Levy|40: 17887 6410 3163 1704 631 255 162 72 28 9 4 1 
1521|Child_Cross|18: 21067 7881 4253 2298 788 322 219 79 32 11 3 1 
1524|Child_Cross|10: 19293 6968 3362 1756 668 296 166 67 30 12 5 1 
1528|Survivor|1|Mutated: 19177 6968 3362 1756 668 296 189 70 30 12 5 1 
1530|Child_Cross|62: 27112 7034 2716 1299 572 253 128 57 21 10 4 1 
1540|Child_Levy|48: 46565 14617 7562 3475 1302 626 280 97 40 13 5 1 
1541|Survivor|1|Mutated: 46565 14617 8324 3475 1302 626 280 97 40 13 5 1 
1542|Child_Levy|52: 25389 7475 3793 1904 653 333 179 76 33 12 5 1 
1551|Child_Cross|58: 26226 6786 3793 1904 715 333 202 67 36 11 5 1 
1552|Survivor|1|Mutated: 26226 6786 3793 1904 715 333 202 78 42 11 5 1 
1566|Child_Cross|41: 25467 6305 3598 1724 622 339 191 73 35 11 4 1 
1570|Child_Cross|62: 29819 7896 3531 1983 758 346 218 86 35 11 4 1 
1587|Child_Cross|53: 19446 6773 3203 1340 573 264 195 78 32 11 4 1 
1595|Child_Cross|9|Mutated: 19446 6773 3203 1409 605 291 190 68 30 9 5 1 
1631|Child_Cross|22: 69684 17076 5999 2819 1212 461 173 101 32 11 4 1 
1642|Child_Cross|62: 69684 17076 5999 2819 1212 461 362 169 84 29 10 4 1 
1663|Child_Avg|7: 23564 8083 3911 1486 594 269 144 61 23 11 3 1 
1687|Child_Levy|56: 18682 5764 2627 1061 452 228 137 72 27 10 6 1 
1725|Child_Cross|26|Mutated: 25387 6837 3246 1475 745 299 208 73 25 11 6 1 
1729|Child_Cross|14: 21586 9200 3583 1636 750 261 151 66 23 9 4 1 
1740|Child_Cross|41: 17818 7733 2886 1301 622 239 183 59 27 10 6 1 
1767|Child_Levy|40: 22140 8288 3703 1425 669 258 182 59 31 11 4 1 
1774|Child_Levy|32: 32358 12582 4544 1760 770 373 199 72 27 10 4 1 
1780|Survivor|1|Mutated: 32358 12582 5206 1760 770 373 199 72 27 10 4 1 
1792|Child_Avg|51: 36181 9813 3850 1669 606 318 176 93 28 13 4 1 
1799|Child_Cross|53: 39041 9818 4001 1642 721 318 176 93 28 13 4 1 
1804|Survivor|1: 18827 5939 2718 1248 582 257 179 71 25 11 4 1 
1812|Child_Cross|18: 18861 6160 2787 1231 563 226 173 69 27 10 4 1 
1815|Child_Levy|8: 18337 6294 2355 1208 560 244 177 64 24 11 5 1 
1850|Child_Cross|53: 21874 7951 3943 1333 601 278 186 79 31 11 4 1 
1864|Child_Levy|16|Mutated: 15453 6176 2614 1219 500 225 142 70 31 14 5 1 
1870|Child_Levy|36: 24737 11476 3993 1883 850 371 231 79 43 15 4 1 
1874|Child_Cross|14: 24737 11476 3993 1883 850 371 217 79 43 15 4 1 
1875|Child_Levy|24: 18353 6876 2483 862 373 214 80 33 12 5 1 
1876|Child_Cross|54: 67987 18845 5622 2198 907 428 206 79 43 15 4 1 
1880|Child_Cross|30: 26515 8170 3199 1289 562 267 190 70 34 13 6 1 
1899|Survivor|1|Mutated: 26515 8170 3034 1289 562 267 190 70 34 13 6 1 
1915|Child_Cross|22: 16776 7338 2871 1155 575 251 198 62 32 13 4 1 
1952|Child_Cross|10: 27131 7694 3147 1512 715 306 177 66 32 11 4 1 
1957|Child_Levy|40: 39957 10669 5013 1840 1057 434 188 89 38 11 3 1 
1958|Child_Levy|44: 24144 7981 3185 1283 676 334 194 84 25 13 5 1 
1968|Child_Avg|31: 21831 7351 3016 1212 615 322 186 83 28 11 4 1 
2006|Child_Cross|9: 23170 6648 2765 1192 491 253 177 66 24 11 5 1 
2046|Child_Levy|16: 15530 5961 2918 1097 539 307 164 69 27 10 4 1 
2049|Child_Avg|63: 21043 8044 3237 1311 570 298 154 76 31 11 4 1 
2050|Survivor|1|Mutated: 22344 8044 3222 1311 570 251 154 76 31 11 4 1 
2058|Survivor|1: 18535 6963 3078 1324 548 263 163 71 26 10 3 1 
2078|Child_Cross|21: 21600 8463 3347 1710 691 266 223 84 40 14 5 1 
2089|Child_Cross|37: 21600 8463 2807 1710 709 262 181 62 35 13 5 1 
2091|Child_Cross|29: 21600 8463 2807 1710 709 262 165 70 29 10 4 1 
2095|Survivor|1|Mutated: 21600 8463 2807 1710 709 265 133 70 29 10 4 1 
2108|Child_Cross|46: 17011 6748 2753 1390 604 224 157 71 29 10 4 1 
2109|Child_Cross|13: 17372 6683 2491 1350 576 246 134 63 29 10 4 1 
2114|Survivor|1: 17443 6568 2646 1325 561 227 133 71 29 10 4 1 
2141|Child_Cross|49: 17443 6218 2646 1325 561 227 133 71 29 10 4 1 
2156|Child_Cross|26: 17443 6218 2646 1325 561 227 136 70 30 11 5 1 
2207|Child_Avg|39: 31693 8142 2989 1703 678 300 151 83 29 10 4 1 
2271|Child_Avg|47: 18906 7796 3081 1148 559 242 186 63 32 13 5 1 
2272|Child_Avg|11: 18958 7308 3021 1512 598 251 169 66 32 11 4 1 
2296|Child_Levy|56: 24523 8155 3453 1555 846 322 192 80 31 14 6 1 
2298|Child_Avg|63: 21546 9017 3292 1358 666 267 181 73 28 12 5 1 
2307|Survivor|1|Mutated: 21546 9017 3292 1358 666 256 181 73 28 12 5 1 
2332|Child_Cross|29: 18215 6013 3057 1182 465 208 79 41 14 5 1 
2345|Child_Cross|49: 15635 5724 2575 1106 460 204 79 41 14 5 1 
2351|Child_Cross|34: 15635 5724 2469 1023 433 203 80 38 13 5 1 
2361|Child_Cross|29: 29240 10729 5342 1820 649 294 203 80 38 13 5 1 
2366|Child_Cross|61: 26794 8975 3502 1525 608 288 195 78 35 11 5 1 
2371|Child_Cross|54: 22330 7461 3167 1375 528 272 195 78 35 11 5 1 
2387|Child_Cross|26: 17497 7236 2992 1184 466 253 156 66 29 9 4 1 
2388|Child_Cross|37: 20885 7477 3021 1250 494 253 156 66 29 9 4 1 
2390|Child_Cross|9: 16614 6965 2659 1046 417 216 76 33 12 5 1 
2393|Child_Cross|22: 21918 8166 2853 1214 616 242 133 56 25 11 4 1 
2404|Survivor|1|Mutated: 21918 8166 2853 1214 680 257 133 56 25 11 4 1 
2405|Child_Cross|37: 20386 8166 2853 1199 616 271 146 54 28 11 4 1 
2407|Child_Cross|9: 19391 7485 2893 1174 541 231 146 54 28 11 4 1 
2448|Survivor|1: 19391 7485 2893 1174 541 221 186 60 32 11 4 1 
2449|Child_Cross|53: 39764 9518 3597 1717 661 277 186 59 31 11 4 1 
2450|Child_Avg|3: 29834 8286 3934 1555 653 267 152 56 27 11 3 1 
2479|Child_Cross|1: 18867 6566 2656 1093 511 223 153 56 25 9 5 1 
2504|Survivor|1|Mutated: 19156 6566 2656 1093 511 223 153 56 25 9 5 1 
2516|Child_Cross|6|Mutated: 19568 6221 2605 1083 476 265 150 65 28 11 4 1 
2545|Child_Cross|50: 24047 6445 2901 1496 593 272 149 71 35 11 3 1 
2556|Child_Cross|14: 23071 6216 2622 1045 512 212 77 28 11 4 1 
2578|Child_Avg|27: 22130 7740 3346 1177 472 279 146 68 28 13 4 1 
2579|Survivor|1|Mutated: 22130 7740 3346 1177 472 279 146 78 28 13 4 1 
2582|Survivor|1|Mutated: 20630 7740 3346 1177 472 279 146 78 28 13 4 1 
2614|Survivor|1: 17463 6723 2819 1327 512 244 123 69 29 13 5 1 
2617|Survivor|1: 24680 8702 3138 1250 535 279 138 65 29 13 4 1 
2621|Survivor|1|Mutated: 24680 8702 3713 1443 535 279 138 65 29 13 4 1 
2650|Child_Cross|17: 74038 17630 6727 2738 1115 472 217 190 77 30 12 5 1 
2658|Child_Avg|39: 27199 7462 4288 1981 682 417 191 77 32 11 4 1 
2659|Child_Levy|40: 21181 7467 3452 1682 573 322 189 74 30 12 5 1 
2664|Child_Levy|4|Mutated: 28734 8346 3555 1575 512 309 129 70 29 13 6 1 
2675|Child_Avg|3: 18079 5895 2507 1223 489 234 139 71 30 13 5 1 
2676|Child_Cross|41: 18137 6694 2395 1108 514 226 129 70 29 13 6 1 
2689|Child_Cross|61: 17055 5646 2442 1069 454 212 127 65 28 12 5 1 
2694|Survivor|1: 16372 5853 2255 1043 478 210 131 66 28 12 5 1 
2702|Child_Levy|32|Mutated: 29510 11866 3105 1751 947 287 130 68 32 11 4 1 
2716|Child_Levy|48: 23322 8965 2555 1496 636 309 145 65 30 12 5 1 
2727|Child_Cross|30: 21487 6382 2251 1209 550 228 139 62 29 10 4 1 
2759|Child_Levy|52: 28788 7238 3280 1822 567 301 159 60 36 14 5 1 
2800|Child_Cross|53: 21155 8775 3165 1312 753 255 168 72 25 9 5 1 
2828|Child_Avg|35: 20123 6800 2739 1204 572 219 157 75 28 11 4 1 
2831|Child_Cross|42: 15736 6488 2532 1072 531 216 94 31 14 5 1 
2838|Child_Cross|29: 17637 6504 3406 1032 549 270 153 79 29 11 5 1 
2839|Child_Avg|55: 29008 8457 3706 1700 841 345 188 86 27 13 4 1 
2863|Child_Cross|30: 29008 9427 3706 1700 841 345 188 86 27 13 4 1 
2867|Survivor|1|Mutated: 31555 9427 3706 1465 725 281 187 86 27 13 5 1 
2871|Child_Cross|25: 31555 9427 3706 1465 725 281 183 77 27 13 4 1 
2874|Survivor|1|Mutated: 31555 9427 3706 1465 725 298 183 77 27 13 4 1 
2877|Child_Cross|62: 31555 10123 3706 1465 725 281 183 77 27 13 4 1 
2879|Child_Avg|47: 27010 7949 3159 1295 714 280 186 76 27 13 4 1 
2899|Child_Levy|12: 22754 10212 3855 2189 801 409 169 63 29 13 5 1 
2902|Child_Avg|15: 21159 8783 3361 1652 633 322 168 57 26 11 4 1 
2903|Child_Cross|6: 21597 8765 3171 1665 574 319 164 59 28 11 4 1 
2907|Child_Cross|62: 25441 7771 3141 1430 597 261 157 59 29 11 5 1 
2926|Survivor|1: 20613 7060 2780 1235 510 246 143 54 29 9 5 1 
2930|Survivor|1: 17564 5805 2377 964 430 233 130 59 29 11 5 1 
2957|Child_Levy|40|Mutated: 22336 10309 4454 1586 559 319 171 94 28 12 5 1 
2959|Child_Cross|37: 28882 9153 4134 1657 585 255 201 83 33 13 4 1 
2960|Child_Levy|20: 21961 7599 3464 1241 514 249 169 84 30 11 5 1 
2992|Child_Cross|25: 22632 7954 3215 1488 559 224 157 77 25 11 4 1 
3000|Child_Avg|35: 20014 7769 3108 1393 565 225 147 65 25 11 4 1 
3017|Child_Avg|27: 18124 6797 2680 1257 467 221 136 61 23 10 4 1 
3038|Child_Cross|17: 22105 9117 3471 1310 549 271 166 63 25 9 5 1 
3079|Child_Avg|43: 17169 7378 2857 1226 548 247 161 73 27 11 4 1 
3111|Child_Avg|35: 25801 8224 2942 1412 583 276 174 86 32 13 4 1 
3122|Child_Cross|29: 18291 6678 2835 1158 547 200 143 74 28 12 5 1 
3169|Child_Cross|2: 18319 7384 3289 1412 649 220 120 65 26 14 5 1 
3174|Child_Avg|63: 17171 6875 2801 1157 576 231 141 67 27 11 4 1 
3175|Child_Cross|45: 18183 7032 2906 1242 577 220 141 67 27 11 4 1 
3179|Child_Avg|59: 18471 8142 3225 1459 659 276 186 81 31 11 4 1 
3188|Child_Cross|9: 18234 7818 3719 1435 677 282 180 75 29 13 5 1 
3213|Child_Levy|4: 17224 6397 3167 1270 544 261 131 71 27 13 5 1 
3225|Child_Cross|29: 20796 7104 2801 1391 611 253 197 91 32 13 4 1 
3236|Child_Avg|59: 15642 6956 2914 1329 590 317 182 79 31 11 4 1 
3247|Child_Cross|54: 16270 6289 2610 1174 568 294 182 79 31 11 4 1 
3250|Child_Avg|7: 26184 8420 3130 1165 532 254 175 65 28 11 4 1 
3255|Child_Cross|21|Mutated: 21211 7331 2949 1423 551 228 159 79 29 13 6 1 
3256|Child_Cross|41: 21346 7292 3288 1527 580 247 119 46 31 13 4 1 
3258|Child_Avg|35: 18419 6411 2855 1297 532 246 139 61 27 13 5 1 
3261|Child_Cross|54: 19166 7899 4797 2133 887 412 208 139 61 27 13 5 1 
3267|Child_Cross|25: 18625 7817 2506 1263 575 213 134 54 24 11 5 1 
3276|Child_Cross|30: 18625 7817 2425 1443 575 213 134 54 24 11 5 1 
3296|Child_Avg|31: 31431 9578 5518 2415 1048 361 174 86 32 13 4 1 
3313|Child_Levy|12: 26029 6781 2886 1658 581 293 125 70 22 13 5 1 
3315|Child_Cross|53: 17863 7040 2706 1028 459 183 125 49 21 10 4 1 
3323|Child_Avg|19: 33306 9306 3571 1737 640 276 162 55 24 9 4 1 
3329|Child_Cross|41: 30965 12260 3589 2338 719 401 233 90 27 13 4 1 
3334|Child_Avg|27: 36951 13900 4402 1900 705 296 169 68 27 11 4 1 
3335|Child_Cross|9: 37976 14014 4578 1908 702 331 199 90 27 13 4 1 
3336|Child_Cross|37: 20894 11447 4643 1664 798 283 156 62 24 11 3 1 
3348|Child_Levy|24: 22910 9221 3375 1418 596 268 203 88 35 11 4 1 
3386|Child_Cross|5|Mutated: 30355 7881 4255 2477 1013 354 226 91 36 13 4 1 
3389|Child_Cross|26: 22768 7663 3523 1371 753 345 230 81 31 14 5 1 
3393|Child_Avg|3: 27017 7805 3005 1161 659 262 190 74 31 14 4 1 
3405|Survivor|1: 27026 9683 3590 1276 570 323 172 67 40 14 5 1 
3427|Child_Cross|13: 21773 9506 3212 1372 712 363 226 94 31 14 5 1 
3453|Child_Cross|9: 21773 9506 3212 1372 712 363 214 88 30 9 5 1 
3456|Survivor|1|Mutated: 17572 9506 3212 1372 712 363 226 94 31 14 4 1 
3493|Survivor|1: 18589 6450 2554 1190 531 289 160 62 25 11 4 1 
3494|Child_Cross|13: 23691 8110 3073 1465 638 289 198 85 40 13 5 1 
3504|Child_Cross|61: 20805 6470 2938 1556 653 273 198 85 40 13 5 1 
3505|Child_Cross|57: 21915 8463 2935 1606 705 264 178 70 25 12 5 1 
3550|Survivor|1: 20959 6723 2762 1293 588 198 133 69 28 11 4 1 
3556|Random|3: 93834 20654 9341 3505 1537 605 374 142 70 32 13 4 1 
3564|Child_Levy|40: 18361 7543 2735 1235 536 295 145 74 28 12 5 1 
3567|Child_Avg|43: 19928 7589 2665 1305 542 243 129 74 28 12 5 1 
3568|Survivor|1|Mutated: 19928 7589 2665 1305 579 243 135 74 28 12 5 1 
3586|Child_Cross|10: 19572 6685 2949 1103 478 219 128 70 27 10 4 1 
3590|Child_Cross|49: 39172 12238 4134 2016 877 337 169 73 29 10 4 1 
3597|Child_Levy|12: 23071 7426 3056 1359 493 239 175 66 24 11 5 1 
3610|Child_Levy|64: 40147 15031 5862 2159 992 699 211 95 30 12 5 1 
3613|Child_Levy|64: 28668 8916 3179 1107 774 283 160 60 29 11 5 1 
3615|Child_Cross|10: 28668 8916 3179 1107 774 283 168 85 27 13 5 1 
3617|Child_Levy|60: 26484 8502 4037 1428 696 309 181 79 31 11 5 1 
3638|Child_Cross|2: 26484 8502 4037 1428 696 309 146 71 24 9 4 1 
3645|Child_Cross|18: 28249 8197 3176 1254 665 315 211 75 41 11 5 1 
3667|Child_Cross|34: 18776 6691 3006 1182 637 311 211 75 41 11 5 1 
3668|Child_Cross|41: 23894 8924 3152 1668 671 237 174 69 32 11 4 1 
3671|Child_Cross|30: 23894 8924 3152 1668 671 237 185 59 32 11 4 1 
3676|Child_Cross|25: 23894 8924 3152 1668 671 237 171 68 30 12 5 1 
3725|Child_Cross|46: 31037 10251 3356 1557 795 246 171 74 29 10 4 1 
3760|Child_Cross|34: 22059 8278 2986 1288 548 299 154 70 36 11 5 1 
3765|Child_Cross|53: 22059 8278 2986 1288 548 299 187 72 30 11 4 1 
3790|Child_Cross|62: 22059 8278 2986 1288 548 299 187 61 31 11 5 1 
3819|Survivor|1|Mutated: 22059 7599 2986 1288 548 299 187 61 31 11 5 1 
3822|Child_Cross|45: 20137 7064 2885 1555 603 293 178 81 36 13 4 1 
3858|Survivor|1: 22385 8124 2529 1235 550 284 187 69 32 13 5 1 
3860|Child_Cross|54: 26302 10182 2981 1601 788 253 187 69 32 13 5 1 
3882|Child_Cross|6: 29659 9995 4778 1921 719 383 191 92 36 11 5 1 
3908|Survivor|1|Mutated: 26302 11270 2981 1601 788 253 187 68 32 13 5 1 
3915|Survivor|1: 22947 9345 2831 1447 662 249 188 68 31 13 4 1 
3954|Child_Cross|33: 14891 5322 2461 1088 552 206 93 32 13 5 1 
3957|Child_Cross|14: 16178 5306 2453 967 455 194 93 32 13 5 1 
3961|Child_Cross|57: 23902 10711 3832 1571 809 394 194 93 32 13 5 1 
3977|Survivor|1|Mutated: 23902 10711 3832 1571 809 439 194 93 32 13 4 1 
3991|Survivor|1|Mutated: 23902 12047 3832 1571 809 439 194 93 32 13 4 1 
4011|Child_Cross|38: 15055 5365 2995 1413 767 291 155 65 29 14 4 1 
4021|Child_Cross|2: 23340 6240 3025 1333 629 259 162 77 31 10 4 1 
4043|Child_Avg|15: 30329 8025 3693 2041 835 327 165 76 28 11 4 1 
4050|Child_Avg|51: 23566 6650 3128 1537 664 275 175 72 27 10 3 1 
4067|Child_Levy|52: 39884 11905 6182 3093 1231 516 279 127 73 26 9 4 1 
4069|Child_Cross|14|Mutated: 20696 6604 2874 1376 563 221 154 69 24 11 5 1 
4076|Child_Cross|1: 21042 6821 2828 1399 587 208 129 69 24 11 6 1 
4088|Child_Cross|42: 21042 6821 2828 1399 587 208 152 78 27 11 4 1 
4089|Child_Avg|3|Mutated: 22340 9041 3719 2326 752 305 170 89 29 11 5 1 
4103|Survivor|1: 28768 7607 2967 1406 546 238 125 79 28 12 5 1 
4107|Child_Cross|62: 18417 6107 2630 1100 448 216 89 30 11 5 1 
4109|Child_Cross|37|Mutated: 28730 10828 4187 1750 662 302 222 85 31 14 5 1 
4140|Survivor|1|Mutated: 30893 8755 3807 1681 719 353 209 102 31 14 5 1 
4145|Child_Levy|12: 29103 8147 3435 1600 708 352 203 96 29 14 6 1 
4160|Child_Cross|54: 22411 6984 2642 1307 565 294 212 97 31 14 5 1 
4237|Child_Cross|46: 19025 8619 3977 1452 587 247 169 88 28 11 4 1 
4253|Child_Cross|45: 21413 10184 3516 1420 570 307 161 56 25 12 5 1 
4261|Child_Cross|49: 18791 6477 2790 1327 575 274 166 60 25 11 4 1 
4280|Child_Cross|30: 18225 7327 2793 1256 541 259 153 70 28 12 5 1 
4314|Child_Avg|15: 18225 7327 2793 1145 541 259 153 70 28 12 5 1 
4329|Child_Cross|50: 77256 24861 11510 6077 2460 878 460 201 77 36 13 4 1 
4340|Child_Cross|29: 77256 24861 11510 6077 2460 878 445 201 77 36 13 4 1 
4344|Child_Cross|58: 71919 15088 7470 3674 1515 634 445 201 77 36 13 4 1 
4358|Survivor|1|Mutated: 71919 15088 7997 3345 1515 634 445 201 77 41 13 4 1 
4366|Survivor|1: 21713 7898 2843 1056 511 240 173 73 32 11 4 1 
4388|Child_Levy|56: 21725 6840 2549 1176 521 249 126 65 30 12 5 1 
4398|Child_Cross|17: 19177 6345 2326 1097 487 231 80 47 15 4 1 
4400|Child_Cross|58: 18445 7742 3670 1311 751 294 123 61 26 10 3 1 
4422|Child_Cross|29: 17395 6177 2578 1109 539 207 134 57 23 10 4 1 
4428|Child_Cross|41: 19276 6931 2648 1215 581 201 139 58 24 9 4 1 
4441|Child_Avg|23: 18005 7261 3018 1428 574 241 155 64 25 10 4 1 
4462|Child_Avg|23: 16853 9125 3320 2081 873 289 185 86 32 13 4 1 
4467|Child_Cross|38: 21387 10381 3878 1980 829 409 201 142 63 28 11 4 1 
4472|Survivor|1: 18489 7186 2685 1354 595 214 152 53 24 10 3 1 
4475|Child_Avg|3: 18909 6888 2475 1140 553 206 132 64 23 10 4 1 
4477|Child_Levy|60: 18501 7579 2555 1091 526 209 135 58 24 11 4 1 
4488|Survivor|1|Mutated: 18501 8016 2555 1091 526 209 135 58 24 11 4 1 
4491|Child_Cross|26: 35690 12763 5717 1696 924 425 242 134 65 24 11 4 1 
4517|Child_Levy|40: 18688 7048 2453 1197 469 332 145 82 28 11 4 1 
4535|Survivor|1: 39328 10067 6615 2761 890 526 218 85 27 13 4 1 
4540|Child_Avg|51: 38092 11019 3481 1679 618 316 154 68 31 11 4 1 
4549|Child_Cross|30: 39657 12876 4159 2325 765 360 192 85 27 13 4 1 
4556|Child_Avg|63: 22761 7899 2845 1409 644 345 173 67 26 10 3 1 
4577|Child_Cross|61: 23950 7273 2715 1282 487 242 141 86 32 13 4 1 
4635|Child_Levy|28: 21303 7043 3011 1392 731 313 158 84 38 13 5 1 
4640|Child_Cross|61: 21531 8729 3701 1493 605 304 158 84 38 13 5 1 
4644|Child_Avg|39: 17491 6456 2796 1187 619 292 139 68 29 11 4 1 
4646|Child_Cross|45: 21531 8729 4081 1493 605 304 156 68 29 11 5 1 
4651|Survivor|1|Mutated: 21531 8729 3572 1493 605 304 156 68 30 11 5 1 
4653|Child_Levy|44: 23674 11569 3359 1601 789 350 205 74 42 12 5 1 
4672|Child_Avg|7: 27403 10872 4436 1858 773 297 123 63 26 10 3 1 
4681|Child_Cross|17|Mutated: 21771 7151 3114 1375 608 260 149 62 30 12 5 1 
4685|Survivor|1|Mutated: 21771 7965 3114 1375 608 260 149 62 30 14 5 1 
4689|Child_Cross|25: 20809 7298 2760 1254 567 253 112 63 25 9 4 1 
4691|Child_Cross|1: 26981 8991 3810 1508 688 305 139 59 30 11 5 1 
4693|Child_Cross|30: 18760 6950 3104 1223 575 266 139 59 30 11 5 1 
4703|Survivor|1|Mutated: 18760 6950 3104 1223 575 266 139 59 30 12 5 1 
4716|Survivor|1|Mutated: 18760 6950 3110 1223 575 266 139 59 30 13 5 1 
4757|Child_Levy|28: 22490 7101 3065 1385 531 258 132 60 25 13 5 1 
4762|Child_Cross|21: 19391 6417 2964 1186 575 239 144 55 30 12 5 1 
4787|Child_Cross|5: 26333 8424 3168 1186 649 231 161 55 27 10 4 1 
4822|Child_Avg|47: 21747 7354 2815 1066 577 225 161 55 27 10 4 1 
4842|Child_Cross|33: 89445 28482 12453 6904 3302 1397 590 288 157 59 28 9 4 1 
4844|Child_Avg|35: 37250 10437 4140 1866 747 378 172 76 23 9 4 1 
4855|Child_Cross|46: 25792 8114 3285 1761 729 316 170 77 21 10 4 1 
4865|Child_Cross|58: 25792 8114 3415 1761 729 316 170 77 21 10 4 1 
4875|Child_Levy|40: 20622 7609 2815 1523 625 296 149 73 23 11 4 1 
4909|Child_Cross|33: 19500 6194 2776 1107 571 234 158 73 25 11 5 1 
4939|Child_Levy|8: 18559 7327 2948 1196 607 284 202 74 25 11 5 1 
4977|Child_Avg|47: 29284 9166 4689 1595 807 297 203 73 25 11 4 1 
4979|Child_Cross|53: 28338 8954 4669 1677 789 303 206 89 29 13 4 1 
4986|Survivor|1|Mutated: 28338 10251 4669 1677 789 303 206 89 29 13 4 1 
4989|Survivor|1|Mutated: 28338 9451 4669 1947 789 303 206 89 29 13 4 1 
4993|Child_Levy|52: 19295 7077 3206 1457 624 267 215 83 30 11 5 1 
5000|Child_Cross|30: 18366 6887 2992 1317 570 267 215 83 30 11 5 1 
5044|Child_Cross|53: 34065 11975 3641 1531 716 323 223 71 37 14 4 1 
5048|Child_Levy|36: 21580 7151 3178 1451 543 382 146 61 27 11 4 1 
5050|Child_Cross|33: 21005 7410 3185 1344 591 282 167 60 28 11 4 1 
5051|Child_Cross|38: 21005 7410 3185 1344 591 282 156 69 35 11 4 1 
5052|Child_Cross|42: 24041 8228 3375 1596 599 281 156 69 35 11 4 1 
5059|Child_Cross|14: 20687 7252 3109 1361 580 272 175 73 35 13 4 1 
5060|Child_Cross|53: 20687 7252 3109 1361 580 272 164 70 31 11 4 1 
5062|Survivor|1|Mutated: 20687 7252 3109 1365 580 272 164 70 31 11 5 1 
5063|Child_Cross|58: 20348 7335 3018 1301 563 255 164 70 31 11 4 1 
5066|Child_Levy|16: 23846 7367 3122 1431 575 272 153 76 30 12 5 1 
5067|Survivor|1|Mutated: 23846 7367 3122 1431 575 272 123 76 30 12 5 1 
5071|Child_Cross|6: 24143 8413 3553 1713 592 267 123 76 30 12 5 1 
5074|Survivor|1|Mutated: 21460 9944 3553 1695 564 267 123 76 30 12 5 1 
5076|Child_Avg|23: 16961 7179 2789 1306 506 245 136 75 29 11 5 1 
5118|Child_Avg|39: 24487 8287 2945 1261 621 249 185 74 29 10 4 1 
5125|Child_Levy|40: 21899 11117 4302 1665 764 276 169 72 26 12 5 1 
5132|Child_Levy|12: 29095 10160 4080 1997 990 303 163 88 30 11 5 1 
5140|Survivor|1: 19393 6878 2856 1407 632 270 155 79 26 11 5 1 
5141|Child_Cross|22: 25120 7515 3383 1485 605 252 143 88 30 11 5 1 
5196|Survivor|1|Mutated: 25120 7515 3383 1485 605 252 143 97 30 11 5 1 
5204|Child_Cross|58: 16308 5369 1942 910 397 192 80 30 13 5 1 
5252|Child_Avg|3: 18160 7142 2796 1164 563 271 189 67 31 11 4 1 
5291|Child_Cross|49: 24983 6819 3225 1553 739 227 165 56 35 12 5 1 
5299|Child_Cross|54: 24983 6819 3225 1553 739 298 220 81 32 11 4 1 
5307|Survivor|1|Mutated: 29754 6819 3225 1553 739 298 220 81 32 11 4 1 
5308|Survivor|1|Mutated: 29941 6819 3225 1506 739 337 220 81 32 11 4 1 
5319|Child_Avg|27: 22619 5751 2704 1301 646 285 203 77 31 10 4 1 
5351|Child_Cross|9: 20767 6423 2628 1074 469 233 178 73 27 10 4 1 
5352|Child_Cross|22: 22089 8096 3408 1225 609 238 212 71 28 12 5 1 
5367|Child_Avg|19: 18564 7694 2936 1127 506 247 180 74 28 11 4 1 
5368|Child_Cross|1: 19693 8124 3265 1276 561 233 212 71 28 12 5 1 
5384|Child_Cross|58: 20488 7462 2890 1167 498 177 71 28 12 5 1 
5413|Child_Avg|51: 31083 8147 3725 1670 575 280 166 69 33 14 4 1 
5426|Child_Cross|42: 21788 6813 2812 1263 555 275 155 53 25 8 3 1 
5439|Child_Cross|42: 18281 7010 2576 1023 560 211 131 53 24 9 4 1 
5469|Child_Cross|62: 19017 6523 3141 1271 573 278 150 56 31 10 3 1 
5482|Child_Levy|8: 19293 7121 2731 1305 528 273 167 65 31 11 4 1 
5523|Child_Cross|29: 18648 5744 2571 927 491 195 83 32 11 4 1 
5531|Child_Cross|41: 18527 5923 2767 1192 620 297 190 75 29 11 5 1 
5594|Child_Cross|57: 16150 5862 2219 974 473 221 93 36 13 4 1 
5598|Child_Cross|38: 22747 8991 2867 1437 545 261 186 64 27 13 5 1 
5603|Child_Avg|59: 21958 7917 2764 1274 597 267 191 69 28 11 4 1 
5627|Child_Levy|60: 26784 10488 3275 1571 749 358 174 66 29 10 4 1 
5631|Survivor|1: 19022 9662 4481 1456 781 286 174 66 29 10 4 1 
5640|Survivor|1: 22223 6465 2694 1240 519 212 148 51 29 10 4 1 
5652|Child_Cross|33|Mutated: 20132 6908 2635 1239 578 209 156 56 29 11 4 1 
5653|Child_Levy|52: 32406 8937 3844 1469 780 293 166 57 30 12 5 1 
5657|Child_Avg|11: 26519 7701 3451 1246 649 252 175 65 28 11 4 1 
5676|Child_Levy|28: 40240 13733 4404 1919 713 335 190 78 30 11 5 1 
5702|Child_Cross|10: 20720 8441 3253 1308 570 252 125 72 28 9 4 1 
5714|Child_Cross|45: 20720 8441 3253 1308 570 252 139 72 29 9 5 1 
5717|Child_Cross|53: 20720 8441 3253 1308 570 252 139 59 31 11 3 1 
5721|Child_Cross|62: 19381 8188 2953 1246 574 235 139 59 31 11 3 1 
5732|Child_Cross|18: 19381 7915 2953 1246 574 235 139 59 31 11 3 1 
5737|Child_Cross|30: 19381 7915 2953 1246 574 235 144 74 31 11 4 1 
5772|Survivor|1: 30242 9977 3481 1535 739 373 200 87 28 11 4 1 
5773|Child_Levy|12: 21907 7432 3080 1386 553 275 182 74 29 11 4 1 
5776|Child_Avg|39: 21422 7519 3284 1412 563 270 187 73 29 10 4 1 
5812|Child_Avg|15: 30586 8621 3002 1951 698 270 171 82 27 10 4 1 
5833|Child_Levy|44: 17224 6262 2416 1099 515 248 161 76 27 10 4 1 
5835|Child_Avg|15: 23190 9688 3250 1833 621 301 140 57 27 11 3 1 
5852|Survivor|1: 21277 7322 2785 1192 559 250 162 82 32 13 5 1 
5879|Child_Avg|59: 30218 11696 2976 1625 695 349 153 62 25 11 4 1 
5888|Child_Levy|64: 21575 8809 2338 1346 597 261 155 66 28 12 5 1 
5890|Child_Cross|33: 16945 5926 2891 1299 650 261 155 66 28 12 5 1 
5906|Survivor|1: 16945 5926 2714 1299 608 261 155 57 28 12 5 1 
5930|Child_Avg|43: 26434 9121 3164 1245 895 335 138 72 27 10 4 1 
5938|Child_Cross|62: 20520 6562 2845 1266 721 322 138 72 27 10 4 1 
5946|Child_Cross|10: 17867 6587 2554 1087 580 281 138 72 27 10 4 1 
5950|Child_Cross|2: 17867 6587 2554 1087 580 281 135 65 25 11 5 1 
5951|Survivor|1|Mutated: 17867 6587 2554 1087 580 281 135 65 25 11 6 1 
5954|Child_Avg|23: 18807 6338 2665 1117 566 264 148 61 28 9 4 1 
5964|Child_Cross|62: 18807 6338 2665 1117 566 264 139 78 21 10 4 1 
5993|Child_Avg|63: 18668 6863 3246 1565 547 274 142 64 23 10 4 1 
6008|Child_Cross|53: 23553 9807 3198 1285 561 269 143 65 27 10 4 1 
6010|Child_Cross|50: 18520 7798 2723 977 505 232 94 32 13 4 1 
6012|Child_Cross|21: 18203 7089 3168 1882 835 282 218 89 33 12 5 1 
6022|Child_Levy|60: 20105 6453 2739 1418 564 251 175 80 30 12 5 1 
6066|Survivor|1: 23230 6428 2635 1318 551 239 150 65 25 9 5 1 
6086|Child_Cross|41: 33080 12727 6042 2803 1075 447 205 71 36 15 4 1 
6090|Child_Avg|23: 24577 9099 4186 2041 789 342 200 74 36 15 4 1 
6093|Child_Levy|44: 19026 7460 3033 1425 499 282 189 78 35 12 5 1 
6098|Survivor|1|Mutated: 19026 7460 3033 1425 499 287 189 78 35 12 5 1 
