12|Child_Levy|16: 3751 1233 468 232 97 56 21 10 4 1 
75|Survivor|1: 3306 1006 488 188 93 32 13 4 1 
395|Child_Cross|37: 4727 1122 456 213 104 50 19 10 4 1 
417|Child_Levy|12: 8383 2178 987 383 153 62 28 12 5 1 
422|Child_Avg|15: 5742 1626 750 273 119 55 24 9 4 1 
458|Survivor|1: 3032 1148 386 154 61 24 9 4 1 
499|Child_Cross|21: 3302 1338 512 215 111 57 23 10 4 1 
601|Survivor|1: 2968 1093 513 234 98 57 23 10 4 1 
672|Child_Cross|21|Mutated: 4753 1276 585 258 89 58 24 9 4 1 
774|Child_Cross|57: 3238 1149 625 249 132 59 24 9 4 1 
813|Child_Levy|64: 4893 1621 584 254 111 51 24 11 4 1 
886|Survivor|1: 2831 1029 424 231 98 64 24 9 4 1 
1150|Child_Levy|36: 4646 1345 640 285 118 66 29 9 4 1 
1223|Child_Cross|14: 3519 1006 421 174 77 28 11 4 1 
1367|Child_Levy|48: 3661 1133 440 204 100 61 23 10 4 1 
1398|Child_Levy|28: 3742 1410 513 210 124 57 23 10 4 1 
1433|Survivor|1|Mutated: 2413 846 335 157 71 29 10 4 1 
1650|Survivor|1: 2719 821 437 195 83 33 14 4 1 
1685|Child_Levy|32: 5222 1492 592 257 108 70 24 9 4 1 
2049|Survivor|1: 6253 2378 1024 416 177 83 27 10 4 1 
2051|Survivor|1|Mutated: 7421 2378 1024 416 177 83 27 10 4 1 
2116|Child_Cross|13: 3162 1313 540 256 89 47 23 10 4 1 
2141|Survivor|1: 3024 1222 517 229 89 47 23 10 4 1 
2522|Survivor|1: 8788 2415 848 269 123 62 27 10 4 1 
2536|Child_Cross|17: 3951 1332 521 237 97 56 24 9 4 1 
2649|Survivor|1: 3540 1272 573 222 97 58 27 10 4 1 
2706|Survivor|1: 4934 1125 558 252 131 61 24 9 4 1 
2711|Child_Cross|25: 8485 1992 798 276 119 61 24 9 4 1 
2952|Survivor|1: 7116 1763 812 344 162 68 25 10 4 1 
2960|Child_Cross|26: 3785 1644 585 239 106 68 23 10 4 1 
3002|Child_Levy|40: 3209 1277 562 242 127 57 20 9 4 1 
3087|Survivor|1: 4579 1732 699 239 143 61 24 9 4 1 
3264|Survivor|1: 3483 1252 597 267 113 59 22 8 3 1 
3350|Child_Levy|64: 4837 1799 659 407 137 55 24 9 4 1 
3353|Survivor|1|Mutated: 4837 1799 659 419 138 55 24 9 4 1 
3394|Survivor|1|Mutated: 3641 1170 510 221 104 53 24 10 3 1 
3886|Survivor|1: 4743 1343 470 197 90 46 20 9 4 1 
4346|Child_Cross|6: 2892 1053 435 233 92 59 20 9 4 1 
4944|Survivor|1: 3386 1313 592 230 121 62 24 9 4 1 
5160|Survivor|1: 3366 1476 585 266 98 59 21 10 4 1 
5185|Survivor|1: 4725 1757 678 242 91 59 25 10 4 1 
