7|Child_Cross21|50: 2497 1005 384 163 72 27 10 4 1 
8|Child_LevyAVG|34: 2029 772 311 152 72 30 11 5 1 
9|Child_Avg|27: 2395 1052 364 175 80 31 14 5 1 
10|Child_LevyP1|18: 2427 1060 402 172 85 32 13 4 1 
16|Child_Cross21|14: 2289 877 326 152 85 32 13 4 1 
22|Child_Cross21|26: 2361 956 327 152 85 32 13 4 1 
23|Child_Cross21|14: 2278 868 322 146 85 32 13 4 1 
24|Child_ABC2|17: 2275 877 322 146 85 32 13 4 1 
25|Child_ABC2|5: 2282 915 327 152 85 32 13 4 1 
27|Child_LevyP2|43: 2279 892 336 148 91 31 14 5 1 
28|Child_ABC2|5: 2323 901 322 133 80 33 12 5 1 
29|Child_LevyC1|56: 2275 881 332 158 86 32 13 4 1 
41|Child_LevyP2|19: 2112 854 337 156 87 30 14 5 1 
42|Child_Avg|27: 2157 950 350 139 75 35 13 5 1 
43|Child_ABC1|40: 2089 887 392 148 75 35 12 5 1 
44|Child_Avg|39: 2180 858 339 146 88 31 14 5 1 
50|Child_ABC1|16: 2263 816 389 145 76 27 13 5 1 
70|Child_LevyABC2|12: 2241 863 382 147 76 30 13 5 1 
75|Child_LevyP2|43: 2066 891 384 135 75 31 14 6 1 
76|Child_LevyP2|31: 2305 900 424 136 75 32 13 4 1 
79|Child_ABC2|41: 2269 865 391 137 68 32 13 5 1 
80|Child_Cross12|49: 2268 876 390 137 68 32 13 5 1 
98|Child_Cross12|49: 2268 876 390 137 70 33 12 5 1 
99|Child_ABC2|53: 2700 951 367 166 74 32 13 5 1 
102|Child_ABC2|5: 2689 875 369 146 74 32 13 5 1 
103|Child_Cross12|1: 2324 865 387 136 72 30 11 5 1 
126|Child_ABC2|53: 2327 873 381 136 72 30 11 5 1 
128|Child_LevyP1|6: 2132 837 373 137 71 29 10 6 1 
129|Child_ABC2|53: 2223 885 388 152 73 29 10 6 1 
139|Child_Cross21|38: 2377 886 393 149 73 29 10 6 1 
142|Child_LevyAVG|46: 2329 893 409 152 67 30 13 5 1 
148|Child_LevyABC2|24: 2255 850 387 158 70 30 11 5 1 
150|Child_Cross21|14: 2223 885 388 152 70 30 11 5 1 
152|Child_Avg|39: 2213 889 387 154 73 30 11 5 1 
162|Child_ABC2|41: 2224 881 387 153 73 30 11 5 1 
186|Child_ABC1|16: 2222 881 387 153 73 30 11 5 1 
191|Child_LevyP2|31: 2299 869 397 157 72 30 11 5 1 
193|Child_LevyABC2|60: 2310 890 391 164 73 30 11 5 1 
197|Child_ABC2|17: 2228 880 389 148 73 30 11 5 1 
207|Child_LevyC1|20: 2220 882 386 149 72 30 11 5 1 
230|Child_LevyC1|32: 2191 861 384 149 72 30 11 5 1 
235|Child_Cross21|14|Mutated: 2223 985 388 158 63 29 11 5 1 
240|Child_LevyC1|32: 2140 886 405 176 72 30 11 5 1 
247|Child_LevyAVG|10: 2225 922 383 151 67 30 11 5 1 
248|Child_LevyP1|42: 2181 876 398 163 70 30 11 5 1 
255|Child_LevyC2|33: 2153 881 392 155 77 30 11 5 1 
257|Child_Cross12|37: 2223 885 388 152 77 30 11 5 1 
271|Child_LevyABC1|23|Mutated: 2274 813 395 155 69 30 11 5 1 
272|Child_Cross12|49: 2223 885 388 152 69 30 11 5 1 
273|Child_Cross21|14|Mutated: 2223 900 324 152 69 30 11 5 1 
278|Child_Cross12|1: 2223 900 333 152 69 30 11 5 1 
279|Child_Avg|27: 2223 892 360 152 69 30 11 5 1 
326|Child_Cross12|37|Mutated: 2223 900 324 172 69 30 11 5 1 
394|Child_Cross21|26|Mutated: 2223 900 365 152 69 30 11 5 1 
395|Child_ABC2|29: 2223 900 363 152 69 30 11 5 1 
562|Child_Avg|39|Mutated: 2134 900 363 152 69 30 11 5 1 
622|Child_Cross12|49|Mutated: 2223 807 363 172 69 30 11 5 1 
632|Child_Cross12|37|Mutated: 2223 900 363 152 64 30 11 5 1 
707|Child_ABC1|52|Mutated: 2223 900 363 145 69 30 11 5 1 
721|Child_Avg|27|Mutated: 2223 841 363 152 69 30 11 5 1 
810|Child_Avg|39|Mutated: 2286 900 363 152 69 30 11 5 1 
857|Child_Avg|3|Mutated: 2316 900 363 152 69 30 11 5 1 
1076|Child_Cross21|2|Mutated: 2290 900 363 152 69 30 11 5 1 
1290|Child_Cross12|13|Mutated: 2286 880 363 152 69 30 11 5 1 
1460|Child_ABC1|40|Mutated: 2395 900 363 152 69 30 11 5 1 
1532|Child_Avg|3|Mutated: 2573 900 363 152 69 30 11 5 1 
1665|Child_Avg|51|Mutated: 2156 900 363 152 69 30 11 5 1 
1702|Child_ABC2|41|Mutated: 2083 900 363 152 69 30 11 5 1 
1703|Child_Avg|51: 2184 900 363 152 69 30 11 5 1 
1704|Child_Avg|51: 2235 900 363 152 69 30 11 5 1 
1706|Child_LevyC2|9: 2341 936 365 161 70 29 13 6 1 
1856|Child_LevyABC2|60: 2279 931 359 151 67 29 14 6 1 
2371|Child_ABC2|5|Mutated: 2286 904 363 152 69 30 11 5 1 
2375|Child_Cross12|13|Mutated: 2286 817 363 152 69 30 11 5 1 
2415|Child_ABC2|41|Mutated: 2379 900 363 152 69 30 11 5 1 
2961|Child_Cross21|2|Mutated: 2280 900 363 142 69 30 11 5 1 
3038|Child_ABC2|53|Mutated: 2286 924 363 152 69 30 11 5 1 
3233|Child_ABC2|41|Mutated: 2286 876 363 152 69 30 11 5 1 
3255|Child_Cross12|25|Mutated: 2273 900 363 152 69 30 11 5 1 
3256|Child_ABC2|5|Mutated: 2286 963 363 152 69 30 11 5 1 
3261|Child_Avg|39|Mutated: 2286 886 363 152 69 30 11 5 1 
3313|Child_Cross12|13|Mutated: 2275 900 363 152 69 30 11 5 1 
3427|Child_Cross21|14|Mutated: 2123 900 363 152 69 30 11 5 1 
3429|Child_ABC1|52: 2284 900 363 152 69 30 11 5 1 
3431|Child_ABC1|52: 2288 900 363 152 69 30 11 5 1 
3548|Child_LevyABC1|35: 2394 923 366 158 70 29 13 6 1 
4036|Child_Cross12|25|Mutated: 2606 900 363 152 69 30 11 5 1 
4176|Child_Avg|15|Mutated: 2381 900 363 152 69 30 11 5 1 
4288|Child_Avg|3|Mutated: 2306 900 363 152 69 30 11 5 1 
4291|Child_ABC1|16: 2302 900 363 152 69 30 11 5 1 
4515|Child_ABC2|17|Mutated: 2306 894 363 152 69 30 11 5 1 
4609|Child_Cross12|1|Mutated: 2372 900 363 152 69 30 11 5 1 
4641|Child_Cross21|14|Mutated: 2399 900 363 152 69 30 11 5 1 
4991|Child_ABC1|40|Mutated: 2310 900 363 152 69 30 11 5 1 
4992|Child_Avg|3: 2308 900 363 152 69 30 11 5 1 
5002|Survivor|1|Mutated: 2343 900 363 152 69 30 11 5 1 
5629|Child_ABC1|40|Mutated: 2436 900 363 152 69 30 11 5 1 
5756|Child_Cross21|2|Mutated: 2308 983 363 152 69 30 11 5 1 
6042|Child_ABC2|29|Mutated: 2308 963 363 152 69 30 11 5 1 
6669|Child_Cross21|38|Mutated: 2308 839 363 152 69 30 11 5 1 
7771|Child_ABC2|17|Mutated: 2146 900 363 152 69 30 11 5 1 
7772|Child_Avg|27: 2227 900 363 152 69 30 11 5 1 
7773|Child_ABC2|29: 2314 900 363 152 69 30 11 5 1 
8510|Child_ABC1|16|Mutated: 2231 900 363 152 69 30 11 5 1 
8661|Child_Cross21|2|Mutated: 2308 932 363 152 69 30 11 5 1 
9650|Child_ABC2|5|Mutated: 2298 900 363 175 69 30 11 5 1 
9834|Child_Avg|51|Mutated: 2373 900 363 152 69 30 11 5 1 
10012|Child_Cross21|14|Mutated: 2229 900 363 152 69 30 11 5 1 
10480|Child_LevyP2|31|Mutated: 2375 897 359 149 71 28 12 5 1 
10698|Child_Cross21|2|Mutated: 2308 845 363 152 69 30 11 5 1 
10848|Child_ABC2|41|Mutated: 2308 831 363 152 69 30 11 5 1 
11126|Child_ABC2|41|Mutated: 2243 900 363 152 69 30 11 5 1 
11650|Child_Cross21|50|Mutated: 2308 900 386 152 69 30 11 5 1 
11812|Child_ABC1|28|Mutated: 2176 900 363 152 69 30 11 5 1 
12072|Child_Avg|27|Mutated: 2308 922 363 152 69 30 11 5 1 
12173|Child_ABC1|40|Mutated: 2377 900 363 152 69 30 11 5 1 
12283|Child_Cross21|50|Mutated: 2308 817 363 152 69 30 11 5 1 
13068|Child_ABC1|16|Mutated: 2308 900 363 172 69 30 11 5 1 
13075|Child_ABC1|16: 2332 900 363 152 69 30 11 5 1 
13076|Child_ABC1|16: 2354 900 363 152 69 30 11 5 1 
13176|Child_ABC1|52|Mutated: 2308 894 363 152 69 30 11 5 1 
14542|Child_ABC2|17: 2328 900 363 152 69 30 11 5 1 
14927|Child_ABC1|52|Mutated: 2764 900 363 152 69 30 11 5 1 
14933|Child_ABC1|28|Mutated: 2369 900 363 152 69 30 11 5 1 
15223|Child_LevyABC1|35|Mutated: 2302 897 354 143 71 30 13 5 1 
15248|Child_ABC2|41|Mutated: 2614 900 363 152 69 30 11 5 1 
15369|Child_ABC1|40|Mutated: 2610 900 363 152 69 30 11 5 1 
15895|Child_ABC1|40: 2164 900 363 152 69 30 11 5 1 
15988|Child_LevyAVG|34: 2943 896 357 151 75 29 13 6 1 
16384|Survivor|1|Mutated: 2345 900 363 152 69 30 11 5 1 
16429|Child_Cross12|49|Mutated: 2165 836 363 152 69 30 11 5 1 
16431|Child_ABC2|29: 2305 867 363 152 69 30 11 5 1 
16460|Child_LevyC2|57: 2304 883 360 146 71 31 14 6 1 
16621|Child_LevyP1|30: 2310 909 339 180 71 31 14 6 1 
16990|Child_ABC2|29|Mutated: 2194 900 363 152 69 30 11 5 1 
16991|Child_Avg|15: 2251 900 363 152 69 30 11 5 1 
16992|Child_ABC2|29: 2383 900 363 152 69 30 11 5 1 
17442|Child_Cross12|25|Mutated: 2294 900 363 152 69 30 11 5 1 
17783|Child_ABC1|28|Mutated: 2297 900 363 152 69 30 11 5 1 
18286|Child_Avg|15|Mutated: 2346 900 363 152 69 30 11 5 1 
18389|Child_Cross21|2|Mutated: 2249 900 363 152 69 30 11 5 1 
18700|Child_ABC1|52|Mutated: 2308 875 363 152 69 30 11 5 1 
19266|Child_Cross21|2|Mutated: 2387 900 363 152 69 30 11 5 1 
19547|Child_Cross12|13|Mutated: 2320 900 363 152 69 30 11 5 1 
19572|Child_LevyC2|21|Mutated: 2288 867 371 173 68 32 13 4 1 
19813|Child_Cross12|25|Mutated: 2658 900 363 152 69 30 11 5 1 
21185|Child_Avg|51|Mutated: 2308 862 363 169 69 30 11 5 1 
21444|Child_Cross12|37|Mutated: 2308 900 379 152 69 30 11 5 1 
22012|Child_Cross12|1|Mutated: 2192 900 363 152 69 30 11 5 1 
22462|Child_ABC1|40|Mutated: 2308 900 363 142 69 30 11 5 1 
22688|Child_Cross21|50|Mutated: 2203 900 363 152 69 30 11 5 1 
22984|Child_ABC2|53|Mutated: 2215 900 363 152 69 30 11 5 1 
23732|Child_Cross21|14: 2336 900 363 152 69 30 11 5 1 
24047|Survivor|1|Mutated: 2671 900 363 152 69 30 11 5 1 
24260|Child_ABC2|17|Mutated: 2243 934 363 152 69 30 11 5 1 
24391|Child_Avg|3|Mutated: 2170 900 363 152 69 30 11 5 1 
24392|Child_Avg|39: 2206 900 363 152 69 30 11 5 1 
24645|Child_Avg|51|Mutated: 2243 936 363 152 69 30 11 5 1 
24787|Child_Cross21|26|Mutated: 2253 900 363 152 69 30 11 5 1 
24933|Child_Avg|39|Mutated: 2243 851 363 152 69 30 11 5 1 
25104|Child_ABC1|40|Mutated: 2243 900 372 152 69 30 11 5 1 
25250|Child_Cross12|13|Mutated: 2243 900 376 172 69 30 11 5 1 
25294|Survivor|1|Mutated: 2243 822 363 152 69 30 11 5 1 
25825|Child_ABC1|16|Mutated: 2243 811 363 152 69 30 11 5 1 
25841|Child_Cross12|49|Mutated: 2243 836 363 142 69 30 11 5 1 
26353|Child_Avg|27|Mutated: 2202 900 363 152 69 30 11 5 1 
26706|Child_Cross12|13|Mutated: 2243 946 363 152 69 30 11 5 1 
26766|Child_ABC1|40|Mutated: 2216 900 363 152 69 30 11 5 1 
27159|Child_Cross12|1|Mutated: 2243 907 363 152 69 30 11 5 1 
27463|Child_Cross21|14|Mutated: 2247 900 363 152 69 30 11 5 1 
27466|Child_ABC2|53: 2245 900 363 152 69 30 11 5 1 
27656|Child_ABC1|16|Mutated: 2243 890 363 152 69 30 11 5 1 
27800|Child_ABC1|28|Mutated: 2531 900 363 152 69 30 11 5 1 
28321|Child_ABC1|4|Mutated: 2243 831 363 152 69 30 11 5 1 
28830|Child_ABC2|41|Mutated: 2243 886 363 152 69 30 11 5 1 
29201|Child_Avg|27|Mutated: 2464 900 363 152 69 30 11 5 1 
29281|Child_Cross21|26|Mutated: 2243 875 363 152 69 30 11 5 1 
29283|Child_ABC1|28: 2243 891 363 152 69 30 11 5 1 
29343|Child_Cross21|38|Mutated: 2375 900 363 152 69 30 11 5 1 
29397|Child_Avg|15|Mutated: 2324 900 363 152 69 30 11 5 1 
29570|Child_ABC2|41|Mutated: 2243 914 363 152 69 30 11 5 1 
29808|Child_Cross21|26|Mutated: 2460 900 363 152 69 30 11 5 1 
30210|Child_Cross12|13|Mutated: 2243 948 363 152 69 30 11 5 1 
31072|Child_ABC1|52|Mutated: 2243 960 363 152 69 30 11 5 1 
31601|Child_Cross21|26|Mutated: 2401 900 363 152 69 30 11 5 1 
32969|Child_Avg|39: 2298 900 363 152 69 30 11 5 1 
33021|Child_ABC2|5|Mutated: 2590 900 363 152 69 30 11 5 1 
33029|Survivor|1|Mutated: 2243 900 387 164 69 30 11 5 1 
33213|Child_Cross21|2|Mutated: 2198 900 363 152 69 30 11 5 1 
33371|Child_Cross21|14|Mutated: 2405 900 363 152 69 30 11 5 1 
33778|Child_ABC2|17|Mutated: 2224 856 363 152 69 30 11 5 1 
34127|Child_ABC1|28|Mutated: 2277 900 363 152 69 30 11 5 1 
35046|Survivor|1|Mutated: 2243 828 363 152 69 30 11 5 1 
35560|Child_ABC2|29|Mutated: 2636 900 363 152 69 30 11 5 1 
35809|Child_Cross21|2|Mutated: 2294 891 363 152 69 30 11 5 1 
36234|Child_ABC1|16|Mutated: 2357 900 363 152 69 30 11 5 1 
36672|Child_LevyABC1|11: 2326 895 362 151 66 31 14 6 1 
36673|Child_ABC1|16: 2283 902 364 153 72 31 14 6 1 
37063|Child_Avg|39|Mutated: 2294 959 363 152 69 30 11 5 1 
37982|Child_ABC2|53|Mutated: 2294 900 363 152 64 30 11 5 1 
38783|Child_Cross21|50|Mutated: 2190 900 363 152 69 30 11 5 1 
