14|Survivor|2: 3980 1195 727 249 110 57 23 10 4 1 
29|Survivor|2: 3980 1195 682 249 110 57 23 10 4 1 
30|Child|43: 10147 3313 1272 433 187 106 57 21 10 4 1 
31|Survivor|4|Mutated: 3980 1195 646 249 110 57 23 10 4 1 
32|Survivor|2: 10834 3313 1272 433 187 106 57 21 10 4 1 
39|Child|2: 3706 1195 646 241 110 57 23 10 4 1 
42|Child|50|Mutated: 3706 1195 517 241 110 57 23 10 4 1 
56|Child|5|Mutated: 3888 1195 517 241 110 57 23 10 4 1 
67|Child|35|Mutated: 3706 1342 517 272 110 57 23 10 4 1 
71|Child|29|Mutated: 3706 1195 517 241 112 57 23 10 4 1 
83|Child|40: 3953 1195 517 241 110 57 23 10 4 1 
84|Child|44|Mutated: 3706 1342 517 272 132 57 23 10 4 1 
94|Survivor|2: 3706 1342 606 245 110 57 23 10 4 1 
145|Child|14|Mutated: 3617 1342 606 245 110 57 23 10 4 1 
235|Child|50|Mutated: 3713 1342 606 245 110 57 23 10 4 1 
337|Survivor|6|Mutated: 3616 1342 606 245 110 57 23 10 4 1 
489|Child|43|Mutated: 3578 1342 606 245 110 57 23 10 4 1 
514|Survivor|10|Mutated: 3587 1342 606 245 110 57 23 10 4 1 
601|Child|15|Mutated: 3577 1342 606 245 110 57 23 10 4 1 
625|Child|24|Mutated: 3617 1342 599 245 110 57 23 10 4 1 
692|Child|11|Mutated: 3617 1342 652 245 110 57 23 10 4 1 
752|Child|34|Mutated: 3617 1357 606 245 110 57 23 10 4 1 
813|Child|3|Mutated: 3833 1342 606 245 110 57 23 10 4 1 
872|Child|25|Mutated: 3617 1433 606 245 110 57 23 10 4 1 
922|Child|4|Mutated: 3602 1342 606 245 110 57 23 10 4 1 
1161|Child|1|Mutated: 3610 1342 606 245 110 57 23 10 4 1 
1229|Child|15|Mutated: 3489 1342 606 245 110 57 23 10 4 1 
1373|Child|15|Mutated: 3682 1342 606 245 110 57 23 10 4 1 
1395|Child|8|Mutated: 3602 1342 578 245 110 57 23 10 4 1 
1673|Survivor|3|Mutated: 3325 1342 606 245 110 57 23 10 4 1 
1759|Child|31|Mutated: 3624 1342 606 245 110 57 23 10 4 1 
1912|Child|42|Mutated: 3648 1342 606 245 110 57 23 10 4 1 
2174|Child|19|Mutated: 3602 1538 606 245 110 57 23 10 4 1 
2268|Survivor|6|Mutated: 3602 1251 606 245 110 57 23 10 4 1 
2345|Child|31: 3545 1357 606 245 110 57 23 10 4 1 
2690|Child|19|Mutated: 3488 1342 606 245 110 57 23 10 4 1 
2775|Child|5|Mutated: 3602 1342 544 245 110 57 23 10 4 1 
2891|Child|19|Mutated: 3628 1342 606 245 110 57 23 10 4 1 
3387|Child|47|Mutated: 3602 1361 606 245 110 57 23 10 4 1 
3607|Survivor|5|Mutated: 3544 1342 606 245 110 57 23 10 4 1 
3749|Child|11|Mutated: 3693 1342 606 245 110 57 23 10 4 1 
3858|Survivor|3|Mutated: 3686 1342 606 245 110 57 23 10 4 1 
4495|Survivor|8|Mutated: 3584 1342 606 245 110 57 23 10 4 1 
4525|Child|27|Mutated: 3557 1342 606 245 110 57 23 10 4 1 
4534|Child|16|Mutated: 3502 1342 606 245 110 57 23 10 4 1 
4620|Child|20|Mutated: 3602 1463 606 247 130 57 23 10 4 1 
5071|Child|30|Mutated: 3694 1342 606 245 110 57 23 10 4 1 
5133|Survivor|2|Mutated: 3709 1342 606 245 110 57 23 10 4 1 
