57|Survivor|1: 6318 1702 597 336 121 66 21 10 4 1 
913|Survivor|1: 2152 791 351 145 64 23 10 4 1 
942|Survivor|1: 6233 1529 540 240 98 51 23 10 4 1 
992|Child_Cross21|38: 6538 1341 537 203 97 50 21 10 4 1 
1088|Child_Cross21|34|Mutated: 6538 1466 537 203 97 50 21 10 4 1 
1117|Child_Cross21|58: 6538 1512 563 203 97 50 21 10 4 1 
1144|Child_Avg|59: 6872 1512 563 203 97 50 21 10 4 1 
1156|Child_Avg|31: 6615 1512 563 203 97 50 21 10 4 1 
1157|Child_Cross21|2: 6627 1512 563 203 97 50 21 10 4 1 
1159|Child_CrossABC1|1: 6684 1512 563 203 97 50 21 10 4 1 
1164|Child_Cross21|54: 6674 1512 563 203 97 50 21 10 4 1 
1165|Child_Cross21|54: 6689 1512 563 203 97 50 21 10 4 1 
1170|Child_Cross21|22: 6681 1512 563 203 97 50 21 10 4 1 
1173|Child_Cross21|6: 6687 1512 563 203 97 50 21 10 4 1 
1177|Child_Cross12|57: 6693 1512 563 203 97 50 21 10 4 1 
1391|Survivor|1: 6684 1512 563 240 97 50 21 10 4 1 
1414|Child_Avg|35|Mutated: 6581 1512 563 240 97 50 21 10 4 1 
1432|Child_CrossABC2|8|Mutated: 6684 1512 605 240 97 50 21 10 4 1 
1439|Child_Avg|51|Mutated: 6684 1512 605 245 97 50 21 10 4 1 
1451|Child_Avg|15|Mutated: 6684 1512 542 240 97 50 21 10 4 1 
1479|Child_Cross21|10|Mutated: 7159 1512 605 240 97 50 21 10 4 1 
1483|Child_Avg|47|Mutated: 6804 1512 605 240 97 50 21 10 4 1 
1485|Child_Avg|35: 6744 1512 605 240 97 50 21 10 4 1 
1486|Child_CrossABC1|1: 6791 1512 605 240 97 50 21 10 4 1 
1571|Child_Cross12|49|Mutated: 7945 1512 605 240 97 50 21 10 4 1 
1572|Child_Avg|3: 7314 1512 605 240 97 50 21 10 4 1 
1608|Child_Avg|39|Mutated: 7215 1512 605 240 97 50 21 10 4 1 
1696|Child_Cross21|42: 6410 1448 592 240 97 50 21 10 4 1 
1706|Child_Cross21|10: 6631 1503 604 240 97 50 21 10 4 1 
1708|Child_CrossABC1|7: 6694 1516 605 240 97 50 21 10 4 1 
1710|Child_CrossABC1|7: 6690 1512 605 240 97 50 21 10 4 1 
1712|Child_CrossABC1|1: 6660 1513 605 240 97 50 21 10 4 1 
1714|Child_Avg|31: 6650 1512 604 240 97 50 21 10 4 1 
1715|Child_Cross12|37: 6687 1509 604 240 97 50 21 10 4 1 
1718|Child_CrossABC1|7: 7073 1512 604 240 97 50 21 10 4 1 
1719|Child_CrossABC2|2: 6705 1512 604 240 97 50 21 10 4 1 
1722|Child_CrossABC1|1: 6872 1512 604 240 97 50 21 10 4 1 
1723|Child_CrossABC2|8|Mutated: 6801 1512 604 240 97 50 21 10 4 1 
1725|Child_CrossABC1|7: 6796 1512 604 240 97 50 21 10 4 1 
1726|Child_CrossABC1|7: 6876 1512 604 240 97 50 21 10 4 1 
1727|Child_CrossABC2|8: 6862 1512 604 240 97 50 21 10 4 1 
1730|Child_CrossABC2|8: 6760 1512 604 240 97 50 21 10 4 1 
1731|Child_CrossABC1|7: 6822 1512 604 240 97 50 21 10 4 1 
1732|Child_CrossABC2|2: 6803 1512 604 240 97 50 21 10 4 1 
1733|Child_CrossABC2|2: 6806 1512 604 240 97 50 21 10 4 1 
1735|Child_Avg|43: 6795 1512 604 240 97 50 21 10 4 1 
1736|Child_Cross21|58: 6777 1512 604 240 97 50 21 10 4 1 
1737|Child_Avg|27: 6786 1512 604 240 97 50 21 10 4 1 
1738|Child_CrossABC2|8: 6788 1512 604 240 97 50 21 10 4 1 
1739|Child_CrossABC1|7: 6794 1512 604 240 97 50 21 10 4 1 
1740|Child_CrossABC1|7: 6792 1512 604 240 97 50 21 10 4 1 
1743|Child_Avg|35: 6793 1512 604 240 97 50 21 10 4 1 
1745|Child_CrossABC1|1: 6755 1512 604 240 97 50 21 10 4 1 
1746|Child_Avg|7: 6817 1512 604 240 97 50 21 10 4 1 
1747|Child_Avg|39: 6757 1512 604 240 97 50 21 10 4 1 
1749|Child_Avg|15: 6765 1512 604 240 97 50 21 10 4 1 
1753|Child_Cross21|34: 6800 1512 604 240 97 50 21 10 4 1 
1755|Child_Cross12|57: 6812 1512 604 240 97 50 21 10 4 1 
1756|Child_Avg|19: 6787 1512 604 240 97 50 21 10 4 1 
1758|Child_Avg|23: 6799 1512 604 240 97 50 21 10 4 1 
1759|Child_CrossABC1|1: 6778 1512 604 240 97 50 21 10 4 1 
1763|Child_Avg|35: 6783 1512 604 240 97 50 21 10 4 1 
1766|Child_Cross21|10: 6784 1512 604 240 97 50 21 10 4 1 
1767|Child_Avg|47: 6785 1512 604 240 97 50 21 10 4 1 
1770|Child_Avg|11: 6789 1512 604 240 97 50 21 10 4 1 
1772|Child_Avg|23: 6791 1512 604 240 97 50 21 10 4 1 
1775|Child_Avg|7: 6790 1512 604 240 97 50 21 10 4 1 
1820|Child_Avg|39|Mutated: 6428 1512 604 240 97 50 21 10 4 1 
1822|Child_CrossABC2|8|Mutated: 7019 1512 604 240 97 50 21 10 4 1 
1840|Child_Cross21|26|Mutated: 6627 1512 604 240 97 50 21 10 4 1 
1842|Child_CrossABC1|7: 6775 1512 604 240 97 50 21 10 4 1 
1843|Child_CrossABC1|7: 6861 1512 604 240 97 50 21 10 4 1 
1846|Child_Cross21|54: 6782 1512 604 240 97 50 21 10 4 1 
1847|Child_Avg|27: 6741 1512 604 240 97 50 21 10 4 1 
1852|Child_Cross21|54: 6752 1512 604 240 97 50 21 10 4 1 
1853|Child_Avg|43: 6758 1512 604 240 97 50 21 10 4 1 
1854|Child_Avg|39: 6747 1512 604 240 97 50 21 10 4 1 
1856|Child_Cross12|57: 6759 1512 604 240 97 50 21 10 4 1 
1858|Child_Avg|7: 6756 1512 604 240 97 50 21 10 4 1 
1860|Child_Avg|7: 6746 1512 604 240 97 50 21 10 4 1 
1862|Child_Cross21|18: 6751 1512 604 240 97 50 21 10 4 1 
1867|Child_Cross21|22: 7139 1512 604 240 97 50 21 10 4 1 
1868|Child_CrossABC2|8: 6811 1512 604 240 97 50 21 10 4 1 
2025|Child_Cross12|21|Mutated: 6848 1512 604 240 97 50 21 10 4 1 
2026|Child_Avg|47: 6797 1512 604 240 97 50 21 10 4 1 
2027|Child_CrossABC1|7: 6774 1512 604 240 97 50 21 10 4 1 
2033|Child_Avg|59: 6761 1512 604 240 97 50 21 10 4 1 
2037|Child_CrossABC1|7: 6766 1512 604 240 97 50 21 10 4 1 
2096|Child_Avg|15|Mutated: 6746 1484 604 240 97 50 21 10 4 1 
2164|Child_Cross12|21|Mutated: 6746 1512 604 240 117 49 21 10 4 1 
2232|Child_Avg|47|Mutated: 7687 1512 604 240 97 50 21 10 4 1 
2311|Child_Cross12|1: 6753 1512 604 240 97 50 21 10 4 1 
2314|Child_Cross12|17: 6748 1512 604 240 97 50 21 10 4 1 
2315|Child_Cross21|34: 6750 1512 604 240 97 50 21 10 4 1 
2319|Child_CrossABC2|2: 6745 1512 604 240 97 50 21 10 4 1 
2871|Child_CrossABC1|1: 1823 643 277 121 61 23 10 4 1 
3176|Survivor|1: 2226 687 278 134 69 27 10 4 1 
3565|Child_CrossABC2|2: 2185 884 320 163 57 23 10 4 1 
3934|Survivor|1: 7624 1643 614 257 118 54 24 11 5 1 
3944|Survivor|1: 7624 1643 614 249 118 54 24 11 5 1 
5759|Survivor|1: 2098 715 280 126 59 24 9 4 1 
6429|Survivor|1: 2072 750 315 138 64 24 9 4 1 
6536|Child_Cross21|38: 2098 749 328 129 64 24 9 4 1 
