13|Random|90: 191 71 23 10 4 1 
14|Random|52: 374 89 24 9 4 1 
15|Child|7: 381 83 27 10 4 1 
19|Child|2: 416 91 29 14 4 1 
32|Child|10: 336 73 25 14 4 1 
54|Child|23: 405 87 32 13 4 1 
62|Child|1: 182 67 21 10 4 1 
152|Random|90: 391 87 23 10 4 1 
170|Child|17: 316 87 21 10 4 1 
211|Child|11: 383 82 32 13 4 1 
215|Child|7: 195 53 24 9 4 1 
217|Child|6: 338 95 29 9 4 1 
243|Child|1: 387 90 27 14 4 1 
293|Child|5: 199 63 19 10 4 1 
375|Child|2: 357 78 23 13 4 1 
393|Child|1: 290 75 23 14 4 1 
403|Child|20: 470 192 58 23 13 4 1 
467|Child|27: 385 92 27 10 4 1 
478|Child|10: 365 82 24 9 4 1 
521|Child|8: 342 73 29 9 4 1 
545|Child|31: 481 173 50 24 9 4 1 
555|Child|2: 268 71 23 10 4 1 
561|Child|1: 268 71 23 13 4 1 
582|Child|2: 201 47 21 10 4 1 
586|Child|1: 206 64 23 10 4 1 
594|Child|1: 313 71 23 13 4 1 
616|Random|92: 223 60 23 10 4 1 
617|Child|2: 197 60 19 10 4 1 
665|Child|8: 400 89 28 13 4 1 
671|Random|84: 180 54 20 9 4 1 
674|Child|2: 182 61 19 10 4 1 
676|Child|3: 181 58 23 13 4 1 
689|Child|9: 392 85 28 13 4 1 
768|Child|36: 294 79 24 9 4 1 
769|Child|18: 360 81 23 14 4 1 
833|Child|17: 231 62 19 10 4 1 
843|Child|1: 206 57 21 10 4 1 
867|Child|3: 344 69 24 11 4 1 
878|Child|1: 212 57 23 10 4 1 
935|Random|90: 461 119 36 13 4 1 
1005|Child|1: 153 54 19 10 4 1 
1010|Child|3: 162 61 19 10 4 1 
1015|Child|2: 218 63 19 10 4 1 
1019|Child|10: 490 300 63 23 14 4 1 
1029|Child|8: 361 93 28 11 4 1 
1030|Child|20: 318 83 29 10 4 1 
1111|Random|100: 392 86 23 14 4 1 
1134|Random|96: 208 56 25 9 4 1 
1158|Child|6: 392 84 29 9 4 1 
1191|Child|3: 322 73 24 9 4 1 
1291|Child|2: 210 49 24 9 4 1 
1302|Child|5: 227 65 25 9 4 1 
1327|Child|2: 293 67 24 9 4 1 
1397|Child|35: 324 72 20 9 4 1 
1405|Child|20: 319 70 19 10 4 1 
1419|Child|5: 399 84 29 9 4 1 
1429|Child|10: 196 45 23 10 4 1 
1455|Child|11: 189 62 24 9 4 1 
1484|Child|48: 368 74 28 13 4 1 
1501|Random|98: 466 350 73 27 10 4 1 
1506|Child|1: 215 56 17 10 4 1 
1533|Child|8: 371 80 21 10 4 1 
1536|Child|2: 212 63 19 10 4 1 
1541|Child|8: 199 70 19 10 4 1 
1551|Child|2: 442 131 51 19 10 4 1 
1595|Child|4: 315 67 24 9 4 1 
1601|Child|13: 386 80 27 10 4 1 
1607|Child|3: 143 67 23 10 4 1 
1638|Random|100: 214 61 24 9 4 1 
1661|Child|2: 331 73 19 10 4 1 
1665|Child|2: 307 67 21 10 4 1 
1681|Child|24: 151 55 20 9 4 1 
1698|Child|2: 332 78 21 10 4 1 
1747|Child|1: 216 61 19 10 4 1 
1796|Child|7: 382 90 31 10 4 1 
1824|Child|28: 295 72 23 14 4 1 
1833|Child|2: 391 80 23 10 4 1 
1843|Child|2: 200 60 19 10 4 1 
1860|Child|10: 377 79 24 9 4 1 
1879|Child|2: 201 66 24 11 4 1 
1917|Child|29: 208 68 21 10 4 1 
1940|Child|22: 437 91 28 13 4 1 
1955|Child|12: 160 61 24 9 4 1 
1965|Child|1: 171 54 19 10 4 1 
1985|Child|2: 149 55 19 10 4 1 
1995|Child|10: 213 61 19 10 4 1 
2077|Child|3: 409 175 57 20 9 4 1 
2082|Child|3: 155 57 23 10 4 1 
2084|Random|75: 397 80 23 10 4 1 
2086|Child|2: 203 61 19 10 4 1 
2093|Child|1: 203 61 19 13 4 1 
2140|Child|2: 185 63 19 10 4 1 
2183|Random|52: 392 80 33 9 4 1 
2238|Child|8: 442 91 29 10 4 1 
2251|Child|16: 356 80 23 10 4 1 
2316|Child|2: 451 171 63 19 10 4 1 
2328|Random|88: 413 129 54 19 10 4 1 
2342|Child|16: 309 89 24 9 4 1 
2515|Child|3: 320 71 28 11 4 1 
2548|Child|2: 375 78 29 14 4 1 
2554|Child|3: 199 59 19 13 4 1 
2583|Child|7: 281 82 24 9 4 1 
2587|Child|26: 201 55 21 10 4 1 
2623|Child|2: 190 55 24 9 4 1 
2635|Child|2: 440 183 58 21 10 4 1 
2638|Random|90: 377 90 25 14 4 1 
2665|Random|90: 143 62 29 9 4 1 
2750|Child|1: 217 55 23 10 4 1 
2799|Child|2: 204 63 19 10 4 1 
2838|Random|51: 422 100 29 10 4 1 
2854|Child|1: 219 53 24 9 4 1 
2855|Child|2: 299 67 24 9 4 1 
2859|Child|3: 324 67 24 9 4 1 
2879|Child|2: 318 81 23 14 4 1 
2880|Child|1: 318 81 23 10 4 1 
2891|Child|39: 384 80 23 14 4 1 
2892|Child|1: 384 80 23 10 4 1 
2894|Child|2: 260 58 23 10 4 1 
2916|Child|1: 421 185 49 21 10 4 1 
2954|Child|25: 371 80 23 13 4 1 
2966|Child|4: 314 65 23 10 4 1 
3018|Child|2: 329 68 23 10 4 1 
3025|Child|1: 329 68 23 13 4 1 
3083|Child|1: 261 75 24 11 4 1 
3084|Random|92: 219 61 24 9 4 1 
3107|Child|48: 388 90 25 14 4 1 
3123|Child|1: 140 52 19 10 4 1 
3132|Child|2: 337 68 24 9 4 1 
3143|Child|1: 177 51 19 10 4 1 
3153|Random|56: 347 77 28 13 4 1 
3170|Child|3: 188 54 19 10 4 1 
3187|Random|69: 361 99 28 11 4 1 
3199|Child|10: 180 51 19 10 4 1 
3258|Random|89: 352 80 31 14 4 1 
3277|Random|64: 395 90 25 14 4 1 
3288|Child|1: 399 89 31 10 4 1 
3316|Child|1: 225 82 24 9 4 1 
3330|Child|7: 357 99 29 9 4 1 
3423|Child|36: 205 54 19 10 4 1 
3445|Child|2: 220 61 19 10 4 1 
3474|Child|2: 227 82 24 9 4 1 
3501|Random|61: 147 55 25 8 3 1 
3528|Random|92: 395 89 28 13 4 1 
3556|Random|70: 403 82 33 9 4 1 
3610|Child|24: 345 87 25 14 4 1 
3639|Child|1: 188 51 19 10 4 1 
3667|Child|28: 338 74 31 14 4 1 
3699|Child|22: 196 47 21 10 4 1 
3715|Child|1: 271 67 23 14 4 1 
3724|Child|1: 302 80 23 10 4 1 
3744|Child|27: 377 76 24 9 4 1 
3759|Child|7: 216 65 25 9 4 1 
3763|Child|2: 152 51 19 10 4 1 
3800|Child|37: 312 70 29 9 4 1 
3812|Random|74: 219 68 23 10 4 1 
3820|Child|1: 361 80 23 13 4 1 
3860|Child|18: 146 58 23 10 4 1 
3896|Child|2: 202 70 21 10 4 1 
3918|Child|24: 315 72 23 14 4 1 
3930|Random|77: 292 68 32 13 4 1 
3939|Random|64: 331 80 24 9 4 1 
3943|Child|7: 290 67 24 9 4 1 
3951|Child|1: 131 43 17 10 4 1 
3979|Child|3: 194 61 19 10 4 1 
3992|Random|81: 365 79 25 14 4 1 
4031|Child|1: 185 67 23 10 4 1 
4035|Child|2: 367 83 29 14 4 1 
4039|Random|100: 351 99 28 11 4 1 
4042|Child|2: 196 67 21 10 4 1 
4048|Child|19: 407 88 25 14 4 1 
4050|Child|1: 375 79 25 14 4 1 
4090|Child|4: 189 59 19 13 4 1 
4094|Random|94: 414 119 46 20 9 4 1 
4148|Child|2: 215 45 21 10 4 1 
4156|Child|14: 143 42 19 10 4 1 
4173|Child|23: 373 79 29 9 4 1 
4192|Child|2: 156 60 19 10 4 1 
4194|Child|4: 209 61 19 10 4 1 
4257|Child|2: 185 51 23 10 4 1 
4260|Child|37: 139 51 19 10 4 1 
4269|Child|21: 419 93 29 10 4 1 
4270|Child|2: 398 82 27 10 4 1 
4322|Child|1: 326 77 23 10 4 1 
4323|Child|1: 326 77 23 14 4 1 
4368|Child|38: 196 61 29 10 4 1 
4370|Child|2: 416 168 54 23 10 4 1 
4386|Child|8: 377 110 28 11 4 1 
4400|Child|17: 301 63 19 10 4 1 
4428|Child|39: 437 294 72 27 10 4 1 
4545|Child|4: 426 154 49 19 13 4 1 
4571|Child|5: 156 59 17 10 4 1 
4618|Random|92: 440 136 45 21 10 4 1 
4629|Random|71: 195 78 21 10 4 1 
4646|Child|2: 380 80 24 9 4 1 
4664|Child|1: 181 51 19 10 4 1 
4682|Child|26: 328 68 24 9 4 1 
4689|Child|1: 123 51 19 10 4 1 
4691|Child|1: 193 63 19 10 4 1 
4693|Child|11: 474 331 72 32 13 4 1 
4709|Child|2: 197 71 25 14 4 1 
4711|Child|38: 279 80 23 10 4 1 
4713|Child|2: 303 81 23 10 4 1 
4810|Child|42: 218 67 23 10 4 1 
4845|Child|4: 412 83 29 14 4 1 
4864|Child|21: 338 71 28 11 4 1 
5058|Child|1: 223 67 24 9 4 1 
5096|Child|1: 194 54 23 10 4 1 
5100|Child|28: 161 69 21 10 4 1 
5105|Child|39: 357 81 21 10 4 1 
5161|Child|2: 214 68 23 10 4 1 
5164|Child|24: 286 63 19 10 4 1 
5182|Child|5: 207 49 24 9 4 1 
5202|Child|7: 303 67 25 9 4 1 
5312|Child|35: 341 73 32 13 4 1 
5345|Child|22: 134 61 19 10 4 1 
5371|Child|19: 196 56 24 9 4 1 
5392|Child|1: 441 118 41 19 10 4 1 
5396|Child|42: 165 60 19 10 4 1 
5411|Child|2: 224 63 19 10 4 1 
5414|Child|4: 424 137 41 19 10 4 1 
5418|Child|30: 300 80 23 10 4 1 
5424|Child|2: 143 64 19 10 4 1 
5451|Child|2: 134 53 17 10 4 1 
5465|Child|2: 330 75 23 14 4 1 
5473|Child|1: 341 72 23 14 4 1 
5490|Child|4: 439 143 45 17 10 4 1 
5495|Child|25: 198 53 19 10 4 1 
5498|Child|4: 341 70 23 10 4 1 
5510|Child|23: 301 65 25 9 4 1 
5541|Child|1: 398 85 25 14 4 1 
5557|Child|3: 381 91 28 13 4 1 
5561|Child|12: 305 77 29 9 4 1 
5646|Random|71: 185 66 27 10 4 1 
5664|Child|16: 333 91 27 14 4 1 
5665|Child|2: 410 86 27 14 4 1 
5696|Child|14: 191 54 19 10 4 1 
5706|Child|9: 182 50 24 9 4 1 
5726|Child|10: 299 62 27 10 4 1 
5743|Child|2: 359 85 25 14 4 1 
5756|Child|2: 359 87 25 14 4 1 
5819|Child|49: 386 88 25 14 4 1 
5834|Child|27: 180 62 19 10 4 1 
5845|Child|5: 404 99 27 10 4 1 
5859|Random|86: 276 59 21 10 4 1 
5894|Child|1: 190 53 19 10 4 1 
6017|Child|45: 292 89 27 10 4 1 
6021|Child|4: 351 86 24 11 4 1 
6070|Child|12: 379 88 24 11 4 1 
6078|Child|2: 299 79 29 9 4 1 
6093|Child|2: 181 54 23 10 4 1 
6094|Child|2: 463 135 47 23 10 4 1 
6098|Child|29: 364 87 23 10 4 1 
6152|Child|1: 141 51 19 10 4 1 
6212|Child|15: 179 53 19 10 4 1 
6237|Random|67: 471 215 57 23 10 4 1 
6246|Child|13: 418 89 28 13 4 1 
6251|Random|90: 443 138 53 19 10 4 1 
6338|Child|6: 311 70 24 9 4 1 
6369|Child|9: 329 72 23 14 4 1 
6415|Child|1: 457 137 54 20 9 4 1 
6419|Child|8: 205 75 24 11 4 1 
6420|Child|4: 354 76 24 9 4 1 
6466|Child|2: 159 59 21 10 4 1 
6508|Random|71: 303 66 25 14 4 1 
6510|Random|78: 336 68 23 10 4 1 
6528|Child|49: 367 90 29 14 4 1 
6535|Child|3: 150 41 19 10 4 1 
6556|Child|1: 323 70 23 10 4 1 
6558|Child|26: 298 70 19 10 4 1 
6667|Random|74: 410 292 83 27 10 4 1 
6685|Child|7: 220 61 19 13 4 1 
6741|Child|15: 214 55 23 10 4 1 
6742|Child|2: 134 58 23 10 4 1 
6744|Child|2: 150 62 19 10 4 1 
6748|Child|4: 367 76 27 10 4 1 
6768|Child|2: 198 50 21 10 4 1 
6769|Child|2: 189 60 21 10 4 1 
6814|Child|2: 401 84 29 9 4 1 
6821|Random|84: 361 75 29 10 4 1 
6858|Random|51: 268 65 25 14 4 1 
6883|Child|18: 204 65 23 10 4 1 
6898|Child|27: 199 68 23 10 4 1 
6947|Child|2: 347 79 29 9 4 1 
6970|Random|57: 150 52 20 9 4 1 
6982|Child|21: 291 67 24 9 4 1 
7052|Child|2: 159 58 24 9 4 1 
7074|Child|2: 370 84 29 9 4 1 
7081|Child|8: 215 61 19 10 4 1 
7098|Random|56: 199 59 17 10 4 1 
7132|Random|84: 210 59 29 9 4 1 
7172|Child|1: 312 70 23 13 4 1 
7183|Child|1: 312 70 23 10 4 1 
7195|Child|1: 212 55 19 13 4 1 
7198|Child|3: 469 142 53 19 10 4 1 
7199|Child|31: 209 59 24 9 4 1 
7201|Random|90: 354 73 27 10 4 1 
7264|Child|21: 173 60 23 10 4 1 
7296|Child|3: 306 68 23 10 4 1 
7308|Child|29: 334 87 23 10 4 1 
7368|Child|22: 314 79 33 9 4 1 
7369|Child|2: 296 61 24 9 4 1 
7421|Random|77: 305 67 21 10 4 1 
7423|Child|15: 414 94 23 14 4 1 
7437|Child|32: 460 212 56 21 10 4 1 
7506|Child|11: 399 84 23 13 4 1 
7521|Child|19: 316 71 27 14 4 1 
7545|Random|58: 321 77 23 10 4 1 
7546|Child|2: 207 53 19 10 4 1 
7577|Child|6: 342 75 32 13 4 1 
7587|Child|8: 196 55 19 10 4 1 
7607|Child|1: 211 50 24 9 4 1 
7626|Child|40: 321 94 32 13 4 1 
7649|Child|4: 230 66 21 10 4 1 
7807|Child|5: 302 68 28 9 4 1 
7865|Child|2: 215 67 21 10 4 1 
7887|Child|1: 342 77 23 14 4 1 
7913|Child|1: 449 126 49 17 10 4 1 
7936|Child|21: 374 90 28 13 4 1 
7977|Child|10: 357 91 31 14 4 1 
8011|Random|53: 490 167 61 19 10 4 1 
8031|Child|1: 336 72 19 10 4 1 
8099|Child|21: 212 59 21 10 4 1 
8129|Child|3: 204 70 23 13 4 1 
8157|Child|1: 313 70 23 10 4 1 
8162|Child|2: 460 147 58 23 10 4 1 
8168|Child|1: 313 70 23 13 4 1 
8183|Random|79: 325 72 27 10 4 1 
8233|Child|1: 368 85 24 9 4 1 
8254|Child|3: 321 72 23 14 4 1 
8259|Child|2: 351 73 25 14 4 1 
8265|Child|11: 147 43 24 9 4 1 
8271|Child|1: 351 96 28 13 4 1 
8274|Child|1: 193 51 19 10 4 1 
8330|Child|10: 370 78 24 11 4 1 
8344|Random|71: 202 61 23 10 4 1 
8378|Child|21: 429 92 27 10 4 1 
8379|Child|2: 183 53 19 10 4 1 
8386|Child|3: 202 53 17 10 4 1 
8398|Child|3: 345 77 29 14 4 1 
8405|Child|2: 392 80 23 10 4 1 
8419|Child|2: 184 57 21 10 4 1 
8463|Child|18: 330 69 24 11 4 1 
8573|Child|2: 296 65 24 9 4 1 
8587|Child|23: 295 67 23 13 4 1 
8598|Child|2: 232 57 23 10 4 1 
8633|Child|41: 185 77 21 10 4 1 
8658|Child|1: 331 69 24 11 4 1 
8700|Child|2: 188 49 21 10 4 1 
8705|Child|39: 239 53 19 10 4 1 
8760|Child|2: 206 77 21 10 4 1 
8789|Child|1: 365 81 23 13 4 1 
8826|Child|1: 330 77 23 10 4 1 
8829|Child|10: 214 59 24 9 4 1 
8845|Child|2: 209 63 19 10 4 1 
8903|Child|16: 311 80 23 13 4 1 
8940|Child|6: 198 54 19 10 4 1 
8985|Random|57: 370 110 29 14 4 1 
9019|Child|12: 331 71 23 10 4 1 
9027|Child|2: 338 71 23 10 4 1 
9029|Random|61: 357 72 29 10 4 1 
9032|Child|15: 338 71 23 13 4 1 
9043|Child|4: 176 48 23 10 4 1 
9044|Child|4: 372 75 23 14 4 1 
9092|Child|35: 334 67 23 10 4 1 
9102|Random|64: 351 83 24 9 4 1 
9104|Child|14: 399 86 27 14 4 1 
9171|Child|2: 332 67 24 9 4 1 
9175|Child|7: 458 195 51 19 10 4 1 
9195|Child|12: 347 77 23 10 4 1 
9227|Child|3: 152 59 19 10 4 1 
9320|Random|66: 350 76 27 14 4 1 
9350|Child|4: 482 151 60 19 10 4 1 
9357|Child|35: 213 55 19 13 4 1 
9384|Child|24: 158 65 21 10 4 1 
9392|Child|2: 441 127 45 19 10 4 1 
9404|Child|13: 152 47 24 9 4 1 
9405|Child|3: 391 87 25 14 4 1 
9421|Child|19: 324 73 24 11 4 1 
9427|Child|2: 405 91 29 10 4 1 
9454|Child|34: 200 68 23 10 4 1 
9459|Random|52: 374 91 29 10 4 1 
9474|Child|35: 482 179 48 21 10 4 1 
9482|Child|43: 149 61 24 9 4 1 
9500|Child|3: 228 69 25 9 4 1 
9512|Child|2: 408 94 23 10 4 1 
9537|Child|2: 344 75 23 14 4 1 
9554|Child|2: 143 53 19 10 4 1 
9574|Child|47: 353 83 23 10 4 1 
9581|Child|7: 195 55 19 10 4 1 
9605|Child|1: 345 71 23 10 4 1 
9620|Child|2: 195 51 23 10 4 1 
9642|Child|1: 471 159 49 24 9 4 1 
9654|Random|56: 415 89 27 10 4 1 
9655|Child|2: 334 71 23 10 4 1 
9664|Child|7: 387 79 27 10 4 1 
9683|Child|1: 362 95 23 14 4 1 
9684|Child|2: 368 95 23 14 4 1 
9712|Child|27: 325 71 24 11 4 1 
9714|Child|12: 376 100 27 10 4 1 
9731|Child|9: 361 82 27 10 4 1 
9739|Child|3: 199 53 19 10 4 1 
9756|Child|1: 468 139 49 24 9 4 1 
9760|Child|24: 196 79 27 10 4 1 
9803|Child|33: 294 61 23 10 4 1 
9808|Child|1: 225 63 19 10 4 1 
9860|Child|2: 151 62 19 10 4 1 
9862|Child|19: 355 78 23 13 4 1 
9868|Child|6: 165 65 24 9 4 1 
9910|Child|1: 422 101 42 19 10 4 1 
9960|Child|7: 195 60 19 10 4 1 
9976|Random|79: 360 97 29 14 4 1 
10004|Random|55: 211 59 24 9 4 1 
10006|Random|83: 349 77 28 13 4 1 
10017|Child|1: 203 62 19 10 4 1 
10024|Child|2: 475 139 61 19 10 4 1 
10050|Child|1: 316 67 23 10 4 1 
10091|Child|2: 209 48 23 10 4 1 
10105|Child|2: 178 57 23 10 4 1 
10116|Child|2: 213 55 23 10 4 1 
10118|Child|2: 237 58 23 10 4 1 
10152|Child|2: 333 71 27 14 4 1 
10174|Child|1: 193 71 23 10 4 1 
10186|Child|20: 193 52 24 9 4 1 
10340|Child|13: 166 61 24 9 4 1 
10391|Child|2: 182 54 24 11 4 1 
10422|Child|6: 176 55 21 10 4 1 
10442|Child|2: 374 81 23 13 4 1 
10448|Child|23: 216 58 23 13 4 1 
10495|Child|40: 384 81 29 14 4 1 
10522|Child|1: 335 92 29 10 4 1 
10535|Child|1: 461 171 61 19 10 4 1 
10599|Child|3: 316 69 25 9 4 1 
10657|Child|11: 403 89 28 13 4 1 
10716|Child|33: 194 70 23 13 4 1 
10719|Child|2: 186 53 17 10 4 1 
10728|Child|2: 347 72 19 10 4 1 
10730|Child|1: 293 63 19 10 4 1 
10735|Child|2: 138 41 19 10 4 1 
10768|Child|1: 384 90 25 14 4 1 
10800|Child|12: 311 75 24 11 4 1 
10833|Child|2: 488 155 49 21 10 4 1 
10874|Child|4: 404 88 32 13 4 1 
10885|Child|2: 198 71 24 9 4 1 
10887|Child|35: 335 78 31 14 4 1 
10913|Child|1: 142 55 19 10 4 1 
10928|Child|1: 466 286 76 24 9 4 1 
10934|Random|65: 449 93 28 11 4 1 
10937|Child|2: 352 73 24 9 4 1 
10963|Child|1: 206 51 19 10 4 1 
10968|Child|2: 359 89 27 10 4 1 
10969|Child|2: 376 77 21 10 4 1 
10983|Child|10: 432 187 59 21 10 4 1 
11039|Child|12: 366 84 23 10 4 1 
11049|Random|85: 310 86 27 14 4 1 
11056|Child|34: 208 74 24 9 4 1 
11073|Child|30: 382 80 21 10 4 1 
11080|Child|1: 153 59 19 13 4 1 
11115|Child|7: 308 72 32 13 4 1 
11117|Child|32: 203 74 24 9 4 1 
11119|Child|1: 152 53 17 10 4 1 
11129|Child|8: 372 78 25 9 4 1 
11133|Child|30: 147 51 23 10 4 1 
11186|Child|1: 320 67 23 10 4 1 
11202|Child|4: 328 75 23 14 4 1 
11210|Child|1: 373 81 23 10 4 1 
11214|Child|50: 373 81 23 14 4 1 
11226|Child|19: 316 66 21 10 4 1 
11238|Child|17: 456 109 45 21 10 4 1 
11250|Child|2: 137 62 19 10 4 1 
11259|Child|9: 166 60 19 10 4 1 
11392|Child|3: 235 71 23 10 4 1 
11407|Child|33: 148 52 17 10 4 1 
11444|Child|12: 146 48 21 10 4 1 
11463|Child|19: 366 92 29 10 4 1 
11467|Child|19: 405 92 28 13 4 1 
11471|Child|38: 151 51 19 10 4 1 
11477|Child|1: 303 68 23 10 4 1 
11495|Child|2: 433 173 49 17 10 4 1 
11500|Child|19: 315 87 25 14 4 1 
11510|Random|92: 206 56 21 10 4 1 
11518|Child|1: 445 141 53 19 10 4 1 
11579|Child|18: 437 178 47 23 10 4 1 
11601|Child|38: 483 183 58 21 10 4 1 
11639|Child|16: 205 59 19 13 4 1 
11670|Child|1: 361 78 23 10 4 1 
11713|Child|1: 485 186 49 21 10 4 1 
11751|Random|58: 355 75 27 10 4 1 
11762|Child|2: 486 402 142 53 19 10 4 1 
11775|Random|81: 362 77 24 11 4 1 
11791|Child|9: 377 85 33 9 4 1 
11829|Child|1: 290 77 24 9 4 1 
11837|Child|5: 145 56 17 10 4 1 
11864|Child|3: 314 71 24 9 4 1 
11874|Random|77: 442 149 46 17 10 4 1 
11878|Child|2: 193 73 23 10 4 1 
11899|Child|9: 464 187 68 21 10 4 1 
11920|Child|2: 153 49 21 10 4 1 
11965|Child|2: 200 64 27 14 4 1 
12002|Child|2: 147 61 19 10 4 1 
12030|Child|1: 212 51 19 10 4 1 
12042|Child|1: 452 212 71 23 10 4 1 
12049|Child|1: 207 54 19 10 4 1 
12080|Child|12: 379 84 29 9 4 1 
12145|Child|1: 187 53 19 10 4 1 
12150|Child|2: 226 64 19 10 4 1 
12151|Child|2: 138 42 19 10 4 1 
12173|Child|2: 492 148 47 23 10 4 1 
12224|Child|32: 338 88 32 13 4 1 
12228|Child|41: 389 83 27 10 4 1 
12244|Random|53: 148 46 20 9 4 1 
12246|Child|1: 202 56 24 9 4 1 
12250|Child|26: 378 91 29 10 4 1 
12258|Child|2: 198 64 24 9 4 1 
12287|Random|83: 458 303 97 23 10 4 1 
12296|Child|6: 204 59 24 9 4 1 
12318|Random|73: 290 79 27 10 4 1 
12329|Child|22: 345 84 23 10 4 1 
12363|Child|14: 381 82 24 11 4 1 
12365|Child|6: 361 76 24 9 4 1 
12382|Child|15: 312 64 23 10 4 1 
12423|Child|17: 341 77 29 9 4 1 
12481|Child|2: 356 81 23 10 4 1 
12521|Child|4: 453 152 69 21 10 4 1 
12529|Child|7: 194 55 23 10 4 1 
12544|Child|2: 208 62 19 10 4 1 
12604|Child|3: 336 77 24 9 4 1 
12614|Child|1: 193 57 20 9 4 1 
12639|Random|70: 202 58 24 9 4 1 
12648|Child|1: 146 49 17 10 4 1 
12649|Child|24: 356 80 23 13 4 1 
12677|Child|2: 197 63 19 10 4 1 
12679|Random|59: 204 67 21 10 4 1 
12722|Child|34: 343 70 24 9 4 1 
12724|Child|33: 357 92 29 14 4 1 
12734|Child|3: 201 59 17 10 4 1 
12762|Random|90: 362 75 35 11 4 1 
12804|Child|2: 233 56 24 9 4 1 
12818|Child|8: 191 55 19 10 4 1 
12838|Child|46: 350 71 23 10 4 1 
12864|Child|11: 346 73 32 13 4 1 
12865|Child|32: 314 76 27 14 4 1 
12883|Child|5: 339 89 27 14 4 1 
12904|Random|93: 442 103 29 10 4 1 
12932|Child|46: 365 85 27 14 4 1 
12940|Child|35: 331 75 23 10 4 1 
12993|Child|49: 327 72 27 14 4 1 
13004|Child|1: 306 80 23 14 4 1 
13007|Child|2: 306 80 23 10 4 1 
13012|Random|90: 317 72 20 9 4 1 
13016|Child|2: 152 48 21 10 4 1 
13022|Child|16: 350 83 27 10 4 1 
13025|Child|9: 367 90 23 10 4 1 
13047|Child|1: 451 202 54 23 10 4 1 
13056|Child|3: 421 162 52 20 9 4 1 
13102|Child|18: 332 74 28 13 4 1 
13189|Random|53: 342 74 29 10 4 1 
13208|Random|53: 300 61 24 9 4 1 
13222|Child|16: 312 84 31 14 4 1 
13251|Child|4: 141 53 19 10 4 1 
13287|Child|1: 394 83 23 13 4 1 
13301|Child|2: 489 177 55 23 10 4 1 
13302|Child|14: 316 73 25 14 4 1 
13347|Child|2: 208 59 21 10 4 1 
13348|Child|2: 205 60 21 10 4 1 
13386|Child|11: 207 63 20 9 4 1 
13439|Child|33: 354 83 23 13 4 1 
13468|Child|46: 375 83 33 14 4 1 
13471|Child|13: 366 82 27 10 4 1 
13486|Child|2: 137 41 19 10 4 1 
13494|Child|6: 457 211 62 19 10 4 1 
13513|Child|6: 361 83 29 14 4 1 
13532|Child|1: 307 73 25 14 4 1 
13554|Child|15: 334 77 31 14 4 1 
13628|Child|11: 356 94 31 14 4 1 
13629|Child|21: 368 99 27 10 4 1 
13671|Child|2: 182 51 19 10 4 1 
13675|Child|2: 388 115 44 19 10 4 1 
13677|Child|2: 190 61 19 10 4 1 
13768|Child|15: 413 93 28 11 4 1 
13802|Child|1: 212 62 19 10 4 1 
13819|Child|1: 229 67 23 10 4 1 
13828|Child|8: 199 53 25 9 4 1 
13851|Child|5: 376 85 27 14 4 1 
13878|Child|20: 190 53 17 10 4 1 
13888|Random|79: 216 67 24 9 4 1 
13903|Child|1: 161 51 19 10 4 1 
13904|Random|57: 312 75 31 10 4 1 
13941|Child|1: 181 53 19 10 4 1 
13988|Random|88: 446 206 54 20 9 4 1 
13991|Random|54: 182 66 20 9 4 1 
14055|Child|21: 497 156 54 23 10 4 1 
14101|Child|8: 218 53 24 9 4 1 
14109|Random|84: 215 61 24 9 4 1 
14110|Child|2: 426 285 61 24 9 4 1 
14193|Child|16: 332 73 24 11 4 1 
14198|Child|28: 193 62 25 14 4 1 
14200|Child|7: 231 70 23 10 4 1 
14258|Child|2: 211 54 19 10 4 1 
14331|Child|1: 197 61 29 9 4 1 
14456|Child|1: 464 178 44 19 10 4 1 
14457|Child|2: 200 53 19 10 4 1 
14551|Child|15: 342 81 29 14 4 1 
14578|Child|1: 335 68 23 14 4 1 
14588|Child|30: 211 52 19 10 4 1 
14614|Child|34: 198 59 25 14 4 1 
14670|Child|44: 414 212 55 24 9 4 1 
14679|Child|2: 117 49 21 10 4 1 
14680|Child|4: 342 78 29 14 4 1 
14683|Child|29: 155 68 23 10 4 1 
14692|Child|2: 385 79 27 10 4 1 
14710|Child|2: 359 77 21 10 4 1 
14713|Child|4: 345 77 23 14 4 1 
14730|Random|84: 323 74 24 9 4 1 
14732|Child|38: 345 80 23 10 4 1 
14733|Child|2: 345 77 23 10 4 1 
14745|Child|2: 341 70 19 10 4 1 
14747|Child|17: 430 94 28 13 4 1 
14763|Child|1: 382 79 24 9 4 1 
14808|Child|2: 419 90 23 10 4 1 
14833|Child|24: 197 70 23 10 4 1 
14840|Child|2: 441 191 48 23 10 4 1 
14858|Child|1: 193 61 19 10 4 1 
14889|Child|12: 327 75 32 13 4 1 
14897|Child|22: 328 73 27 10 4 1 
14899|Random|74: 347 80 29 10 4 1 
14907|Child|28: 312 71 24 9 4 1 
14913|Child|3: 229 72 23 14 4 1 
14954|Child|2: 494 140 57 23 10 4 1 
14956|Child|1: 265 67 21 10 4 1 
14971|Child|1: 345 77 24 9 4 1 
15011|Child|17: 152 63 19 10 4 1 
15030|Child|2: 213 52 20 9 4 1 
15047|Child|13: 201 57 23 10 4 1 
15071|Child|2: 209 51 19 10 4 1 
15086|Child|1: 356 82 24 9 4 1 
15089|Child|2: 464 163 55 24 9 4 1 
15109|Random|52: 366 83 27 10 4 1 
15143|Child|14: 400 115 29 9 4 1 
15175|Child|22: 142 48 19 13 4 1 
15238|Child|10: 153 52 19 10 4 1 
15250|Child|2: 303 84 23 10 4 1 
15264|Child|2: 214 66 21 10 4 1 
15275|Random|75: 411 96 29 14 4 1 
15335|Child|1: 204 50 19 10 4 1 
15407|Child|28: 309 68 23 10 4 1 
15433|Child|2: 335 69 28 11 4 1 
15491|Child|13: 399 94 31 14 4 1 
15509|Child|2: 217 50 19 10 4 1 
15532|Child|1: 369 86 24 11 4 1 
15538|Child|2: 404 156 50 19 10 4 1 
15543|Child|4: 321 76 25 14 4 1 
15544|Child|5: 335 71 23 13 4 1 
15585|Child|2: 139 53 17 10 4 1 
15598|Child|30: 185 58 24 9 4 1 
15600|Child|4: 193 76 24 9 4 1 
15624|Child|2: 185 52 17 10 4 1 
15730|Child|2: 445 193 54 19 10 4 1 
15741|Random|88: 379 113 32 13 4 1 
15764|Child|19: 363 87 35 11 4 1 
15856|Random|100: 366 96 27 10 4 1 
15863|Child|1: 439 91 29 10 4 1 
15864|Child|3: 177 52 19 10 4 1 
15886|Child|12: 311 80 23 10 4 1 
15890|Random|92: 148 53 17 10 4 1 
15935|Child|6: 199 54 20 9 4 1 
15945|Child|48: 205 51 23 10 4 1 
15987|Child|1: 336 81 28 13 4 1 
16024|Child|5: 464 190 45 21 10 4 1 
16029|Child|3: 445 129 49 17 10 4 1 
16069|Child|2: 495 207 55 24 9 4 1 
16084|Random|56: 480 200 70 19 10 4 1 
16126|Child|1: 187 51 19 10 4 1 
16178|Child|20: 342 76 25 14 4 1 
16207|Child|2: 341 73 25 14 4 1 
16271|Child|26: 375 88 24 11 4 1 
16341|Child|2: 158 65 24 9 4 1 
16401|Child|2: 201 64 24 9 4 1 
16407|Child|15: 374 80 23 10 4 1 
16414|Child|3: 329 70 19 10 4 1 
16446|Child|2: 211 63 19 10 4 1 
16485|Random|100: 234 65 27 10 4 1 
16506|Child|9: 315 70 23 10 4 1 
16514|Child|7: 244 71 24 9 4 1 
16555|Child|1: 202 53 19 13 4 1 
16604|Child|10: 456 179 67 23 10 4 1 
16646|Child|2: 197 59 17 10 4 1 
16714|Child|47: 314 76 23 14 4 1 
16715|Random|68: 392 83 27 10 4 1 
16718|Child|1: 196 63 25 14 4 1 
16728|Child|3: 340 75 23 14 4 1 
16734|Child|9: 401 81 29 14 4 1 
16828|Random|82: 375 96 27 10 4 1 
16869|Child|2: 307 77 28 13 4 1 
16883|Child|26: 195 54 23 10 4 1 
16900|Random|88: 303 76 27 14 4 1 
16904|Random|87: 304 66 27 10 4 1 
16961|Child|10: 381 81 28 13 4 1 
16971|Child|3: 185 62 27 10 4 1 
16988|Child|10: 317 76 25 14 4 1 
16996|Child|25: 179 54 19 10 4 1 
17025|Child|1: 479 208 72 29 9 4 1 
17049|Child|46: 218 60 23 10 4 1 
17050|Child|2: 493 138 55 23 10 4 1 
17056|Child|1: 143 57 20 9 4 1 
17075|Child|2: 199 54 23 10 4 1 
17112|Child|4: 159 63 19 10 4 1 
17113|Child|11: 326 71 23 10 4 1 
17136|Child|4: 357 78 21 10 4 1 
17137|Child|2: 224 61 19 10 4 1 
17138|Child|2: 470 133 45 19 10 4 1 
17143|Child|6: 205 63 19 10 4 1 
17159|Child|1: 293 72 25 9 4 1 
17309|Child|1: 323 94 23 10 4 1 
17347|Child|3: 337 75 23 14 4 1 
17362|Child|14: 323 77 28 11 4 1 
17425|Child|1: 194 51 19 10 4 1 
17431|Child|2: 333 67 21 10 4 1 
17435|Child|15: 184 48 23 10 4 1 
17441|Child|1: 487 183 57 20 9 4 1 
17447|Child|1: 227 62 25 14 4 1 
17476|Child|22: 163 49 21 10 4 1 
17500|Child|1: 207 47 23 10 4 1 
17549|Child|2: 426 164 55 23 10 4 1 
17558|Child|41: 198 59 24 9 4 1 
17596|Child|3: 360 87 25 14 4 1 
17621|Child|14: 328 80 23 14 4 1 
17633|Child|1: 296 81 23 14 4 1 
17645|Child|4: 296 81 23 10 4 1 
17655|Child|2: 145 46 21 10 4 1 
17711|Child|20: 357 81 25 9 4 1 
17717|Random|66: 190 74 23 10 4 1 
17743|Child|25: 287 61 19 10 4 1 
17779|Child|8: 340 77 25 14 4 1 
17794|Child|21: 391 107 31 10 4 1 
17820|Child|18: 329 87 28 13 4 1 
17829|Child|14: 383 86 32 13 4 1 
17840|Child|16: 354 78 27 14 4 1 
17865|Child|1: 205 67 23 10 4 1 
17873|Child|4: 205 60 23 10 4 1 
17883|Child|17: 210 63 19 10 4 1 
17888|Child|3: 375 84 25 14 4 1 
17919|Child|1: 315 70 19 10 4 1 
17926|Child|11: 364 79 29 9 4 1 
17929|Child|11: 314 77 24 9 4 1 
17930|Random|56: 217 60 21 10 4 1 
17950|Child|21: 325 68 24 9 4 1 
17952|Random|96: 425 94 31 14 4 1 
18038|Child|2: 182 55 20 9 4 1 
18150|Child|6: 394 88 25 14 4 1 
18224|Child|34: 380 79 28 13 4 1 
18245|Child|18: 455 168 58 23 10 3 1 
18285|Child|28: 379 79 28 13 4 1 
18308|Child|3: 186 50 21 10 4 1 
18334|Random|51: 294 62 29 10 4 1 
18336|Child|18: 201 58 24 9 4 1 
18346|Random|68: 466 256 55 24 9 4 1 
18350|Child|3: 159 68 20 9 4 1 
18372|Child|1: 207 63 19 10 4 1 
18467|Child|2: 173 48 21 10 4 1 
18472|Child|2: 212 63 27 10 4 1 
18509|Random|77: 340 77 24 9 4 1 
18525|Child|17: 322 70 29 9 4 1 
18530|Random|97: 297 73 27 10 4 1 
18584|Child|4: 319 84 23 10 4 1 
18588|Child|8: 215 57 20 9 4 1 
18607|Child|4: 211 60 19 10 4 1 
18689|Child|1: 309 63 27 10 4 1 
18719|Child|2: 188 84 23 10 4 1 
18720|Child|2: 202 54 19 10 4 1 
18742|Child|2: 470 149 61 24 9 4 1 
18768|Child|2: 301 61 23 10 4 1 
18774|Child|2: 172 56 21 10 4 1 
18778|Child|21: 282 81 23 10 4 1 
18780|Child|1: 230 59 21 10 4 1 
18807|Child|1: 194 49 21 10 4 1 
18817|Child|32: 330 71 28 11 4 1 
18836|Child|7: 232 74 24 9 4 1 
18851|Random|99: 297 83 27 10 4 1 
18880|Child|38: 195 59 27 10 4 1 
18885|Child|1: 436 157 42 17 10 4 1 
18927|Child|8: 298 65 25 14 4 1 
19023|Child|4: 449 105 31 14 4 1 
19051|Random|86: 139 52 19 10 4 1 
19069|Child|2: 382 93 29 9 4 1 
19070|Child|1: 382 93 29 10 4 1 
19083|Child|10: 346 77 28 11 4 1 
19085|Child|17: 396 83 24 9 4 1 
19091|Child|15: 387 90 29 10 4 1 
19096|Child|1: 410 141 60 23 10 4 1 
19102|Random|82: 439 162 52 17 10 4 1 
19151|Child|2: 189 58 23 10 4 1 
19169|Child|43: 463 179 50 24 9 4 1 
19191|Child|16: 349 85 25 14 4 1 
19193|Random|96: 200 53 17 10 4 1 
19198|Child|2: 400 89 27 10 4 1 
19214|Child|46: 151 67 23 10 4 1 
19216|Child|1: 196 54 23 10 4 1 
19268|Child|1: 422 150 59 24 9 4 1 
19283|Child|8: 135 50 19 10 4 1 
19306|Child|6: 303 71 28 9 4 1 
19322|Child|9: 281 60 23 10 4 1 
19323|Child|2: 215 50 19 10 4 1 
19358|Child|2: 375 86 24 9 4 1 
19360|Child|1: 186 50 24 9 4 1 
19400|Child|1: 203 55 20 9 4 1 
19464|Child|2: 386 88 28 11 4 1 
19471|Random|71: 324 92 32 13 4 1 
19477|Child|12: 314 80 28 11 4 1 
19501|Child|36: 450 192 44 23 10 4 1 
19510|Child|31: 479 163 49 21 10 4 1 
19511|Child|2: 365 104 39 21 10 4 1 
19538|Random|99: 406 90 25 14 4 1 
19539|Child|11: 351 87 32 13 4 1 
19543|Child|1: 337 96 27 10 4 1 
19602|Child|2: 426 200 55 24 9 4 1 
19608|Random|69: 408 93 33 14 4 1 
19618|Random|99: 221 59 21 10 4 1 
19626|Child|3: 179 48 23 10 4 1 
19692|Child|2: 385 86 27 10 4 1 
19693|Child|2: 444 279 62 27 10 4 1 
19708|Child|1: 474 309 81 31 14 4 1 
19715|Random|67: 314 75 27 10 4 1 
19717|Child|15: 402 94 31 14 4 1 
19817|Child|15: 180 53 24 9 4 1 
19819|Child|50: 196 58 24 9 4 1 
19822|Random|70: 322 69 28 11 4 1 
19869|Child|23: 369 77 28 10 3 1 
19871|Child|15: 383 84 23 10 4 1 
19879|Child|1: 380 87 23 10 4 1 
19881|Child|2: 229 67 21 10 4 1 
19938|Child|32: 216 66 20 9 4 1 
19970|Random|58: 170 53 24 9 4 1 
19971|Child|6: 363 84 23 13 4 1 
19976|Child|2: 164 67 21 10 4 1 
19977|Child|2: 318 80 21 10 4 1 
19988|Child|34: 339 71 19 10 4 1 
20020|Child|13: 327 71 25 14 4 1 
20032|Child|13: 336 72 28 13 4 1 
20036|Child|4: 376 85 24 9 4 1 
20039|Child|2: 215 54 19 10 4 1 
20041|Child|2: 310 75 23 14 4 1 
20055|Child|2: 206 48 23 10 4 1 
20085|Child|19: 164 62 19 10 4 1 
20086|Child|2: 184 53 19 10 4 1 
20092|Random|78: 337 75 29 10 4 1 
20124|Child|2: 323 73 25 14 4 1 
20141|Child|2: 176 51 19 10 4 1 
20152|Child|1: 136 59 21 10 4 1 
20168|Child|33: 377 93 29 14 4 1 
20180|Child|10: 285 68 24 9 4 1 
20183|Child|12: 454 192 57 23 10 4 1 
20269|Child|27: 181 55 23 10 4 1 
20277|Child|4: 360 93 23 13 4 1 
20281|Random|55: 332 67 23 10 4 1 
20298|Child|2: 184 60 19 10 4 1 
20329|Child|30: 381 77 23 13 4 1 
20358|Child|15: 232 67 24 9 4 1 
20370|Random|57: 344 93 23 10 4 1 
20389|Child|2: 183 58 23 10 4 1 
20413|Child|16: 429 122 43 19 10 4 1 
20490|Child|37: 313 66 28 13 4 1 
20513|Random|82: 438 103 27 10 4 1 
20521|Random|96: 325 68 23 14 4 1 
20524|Child|2: 213 63 23 14 4 1 
20565|Child|14: 395 82 27 10 4 1 
20588|Random|65: 301 79 28 13 4 1 
20592|Child|3: 217 57 20 9 4 1 
20606|Random|56: 372 88 24 9 4 1 
20610|Child|4: 440 166 53 19 10 4 1 
20671|Random|85: 212 62 28 9 4 1 
20704|Child|12: 351 79 25 9 4 1 
20715|Child|2: 292 64 29 9 4 1 
20717|Child|35: 307 64 29 9 4 1 
20724|Random|74: 313 86 24 9 4 1 
20754|Child|5: 193 61 24 9 4 1 
20761|Child|22: 353 78 29 14 4 1 
20777|Child|2: 346 71 27 14 4 1 
20778|Child|2: 322 71 23 14 4 1 
20781|Child|2: 322 71 23 10 4 1 
20799|Child|40: 311 76 25 14 4 1 
20806|Child|2: 153 48 23 10 4 1 
20809|Child|2: 322 71 23 13 4 1 
20812|Child|6: 333 76 31 10 4 1 
20825|Child|2: 147 53 19 10 4 1 
20843|Child|4: 285 62 24 9 4 1 
20892|Child|2: 145 54 23 10 4 1 
20902|Child|1: 470 144 60 19 10 4 1 
20905|Random|98: 340 70 29 9 4 1 
20928|Random|88: 173 68 24 9 4 1 
20964|Child|1: 178 55 20 9 4 1 
20971|Child|7: 306 71 23 13 4 1 
20995|Child|4: 380 82 24 11 4 1 
21007|Child|22: 402 89 28 13 4 1 
21009|Child|1: 205 71 23 13 4 1 
21012|Child|2: 205 71 23 10 4 1 
21032|Child|29: 348 93 29 9 4 1 
21038|Child|7: 338 75 24 11 4 1 
21041|Child|32: 379 85 27 14 4 1 
21044|Child|2: 379 85 27 13 4 1 
21053|Child|1: 225 71 24 9 4 1 
21089|Child|14: 434 90 31 10 4 1 
21116|Child|1: 381 81 25 9 4 1 
21164|Child|2: 327 79 25 14 4 1 
21206|Random|78: 361 91 28 11 4 1 
21218|Child|1: 356 85 25 14 4 1 
21228|Child|2: 297 80 24 9 4 1 
21230|Random|79: 320 77 23 14 4 1 
21250|Random|51: 384 86 28 11 4 1 
21263|Child|35: 336 80 23 10 4 1 
21276|Child|2: 377 84 23 10 4 1 
21304|Child|1: 206 60 19 10 4 1 
21308|Child|4: 446 126 49 17 10 4 1 
21309|Child|4: 137 49 17 10 4 1 
21379|Child|4: 211 55 21 10 4 1 
21382|Child|39: 404 91 31 14 4 1 
21428|Child|2: 210 58 23 10 4 1 
21471|Child|3: 227 71 23 10 4 1 
21473|Child|5: 201 62 19 10 4 1 
21541|Child|1: 164 51 19 10 4 1 
21573|Child|6: 144 42 23 10 4 1 
21578|Child|2: 235 68 23 10 4 1 
21580|Child|2: 211 67 23 10 4 1 
21585|Child|2: 195 57 21 10 4 1 
21587|Child|1: 211 57 21 10 4 1 
21676|Child|2: 308 69 21 10 4 1 
21723|Child|1: 173 50 19 10 4 1 
21735|Child|20: 368 90 29 9 4 1 
21752|Child|37: 368 90 29 14 4 1 
21753|Child|2: 403 87 25 14 4 1 
21775|Child|11: 153 50 24 9 4 1 
21864|Child|12: 206 65 25 9 4 1 
21866|Child|2: 201 51 19 10 4 1 
21881|Child|22: 346 76 28 13 4 1 
21888|Child|2: 346 80 23 10 4 1 
21911|Random|86: 478 211 61 19 10 4 1 
21971|Child|14: 195 70 23 10 4 1 
21995|Child|2: 199 72 19 10 4 1 
22062|Child|1: 472 129 49 24 9 4 1 
22179|Child|2: 413 89 27 14 4 1 
22197|Child|1: 465 319 72 23 14 4 1 
22219|Child|1: 342 71 23 10 4 1 
22223|Child|2: 157 57 21 10 4 1 
22285|Random|96: 447 192 61 23 10 4 1 
22296|Child|36: 141 41 19 10 4 1 
22304|Child|6: 187 49 17 10 4 1 
22337|Child|11: 354 90 23 10 4 1 
22342|Child|13: 315 67 23 10 4 1 
22345|Child|26: 308 76 21 10 4 1 
22447|Child|14: 373 83 33 14 4 1 
22471|Child|2: 166 49 21 10 4 1 
22473|Child|7: 289 59 21 10 4 1 
22509|Child|4: 313 74 23 10 4 1 
22513|Child|4: 413 136 43 19 10 4 1 
22524|Child|25: 320 70 19 10 4 1 
22525|Child|3: 333 71 23 10 4 1 
22535|Child|1: 333 71 23 13 4 1 
22550|Child|2: 379 78 23 10 4 1 
22563|Random|76: 380 80 23 13 4 1 
22571|Random|83: 277 59 24 9 4 1 
22598|Child|18: 140 43 17 10 4 1 
22604|Child|42: 218 59 24 9 4 1 
22620|Child|20: 213 51 23 10 4 1 
22648|Child|2: 339 74 23 10 4 1 
22692|Child|37: 368 88 32 13 4 1 
22767|Child|8: 382 77 25 14 4 1 
22775|Child|14: 394 83 23 10 4 1 
22822|Child|6: 319 74 24 9 4 1 
22824|Random|76: 372 83 23 13 4 1 
22858|Random|85: 329 71 23 10 4 1 
22860|Child|11: 317 71 23 10 4 1 
22883|Child|37: 149 59 21 10 4 1 
22888|Child|1: 226 61 19 10 4 1 
22913|Child|2: 186 54 19 10 4 1 
22923|Child|2: 448 121 43 24 9 4 1 
22934|Child|22: 358 86 27 10 4 1 
22939|Child|6: 358 86 27 14 4 1 
22949|Child|3: 207 61 23 10 4 1 
22963|Child|4: 467 196 59 21 10 4 1 
22964|Child|2: 187 54 19 10 4 1 
22983|Child|2: 179 46 20 9 4 1 
23041|Child|25: 394 79 28 13 4 1 
23069|Child|12: 460 187 63 23 10 4 1 
23142|Child|27: 227 51 19 10 4 1 
23145|Child|10: 457 141 43 17 10 4 1 
23157|Child|2: 205 77 21 10 4 1 
23187|Child|2: 421 93 27 10 4 1 
23221|Child|2: 331 70 23 10 4 1 
23233|Child|1: 179 56 21 10 4 1 
23241|Child|2: 203 53 19 10 4 1 
23254|Child|6: 375 79 21 10 4 1 
23277|Child|2: 157 61 19 10 4 1 
23292|Child|44: 367 85 32 13 4 1 
23299|Child|3: 183 52 17 10 4 1 
23314|Child|36: 286 70 21 10 4 1 
23317|Child|26: 215 62 24 11 4 1 
23334|Child|1: 373 79 24 9 4 1 
23368|Child|2: 291 81 23 10 4 1 
23369|Child|2: 383 80 23 10 4 1 
23378|Child|29: 383 80 23 13 4 1 
23442|Child|24: 197 56 24 9 4 1 
23466|Child|4: 415 101 32 13 4 1 
23504|Child|1: 363 81 23 13 4 1 
23531|Child|19: 447 299 77 25 14 4 1 
23560|Child|8: 408 124 37 20 9 4 1 
23590|Child|3: 378 79 25 14 4 1 
23621|Child|22: 330 72 19 10 4 1 
23638|Random|74: 288 71 23 10 4 1 
23653|Child|1: 203 64 19 10 4 1 
23697|Child|2: 160 54 19 10 4 1 
23709|Child|2: 458 313 66 28 13 4 1 
23713|Child|14: 330 82 33 9 4 1 
23715|Child|1: 149 51 19 10 4 1 
23845|Child|1: 359 76 25 9 4 1 
23862|Child|44: 397 81 29 14 4 1 
23980|Random|65: 215 60 23 10 4 1 
24015|Child|10: 370 79 32 13 4 1 
24029|Child|3: 309 72 23 14 4 1 
24069|Random|55: 393 90 27 14 4 1 
24099|Child|23: 350 90 29 10 4 1 
24145|Child|1: 401 89 27 13 4 1 
24189|Child|1: 376 77 23 14 4 1 
24215|Child|21: 315 73 29 9 4 1 
24231|Child|2: 314 70 19 10 4 1 
24257|Random|88: 234 63 20 9 4 1 
24356|Child|20: 213 62 19 10 4 1 
24366|Child|2: 150 54 19 10 4 1 
24469|Child|30: 369 79 33 14 4 1 
24491|Child|4: 453 99 27 10 4 1 
24524|Child|21: 236 63 23 14 4 1 
24529|Child|8: 175 62 19 10 4 1 
24555|Child|2: 339 70 29 9 4 1 
24576|Child|4: 447 131 53 17 10 4 1 
24609|Random|98: 177 61 24 9 4 1 
24620|Child|17: 407 88 31 14 4 1 
24623|Child|1: 400 90 23 10 4 1 
24658|Child|2: 147 60 19 10 4 1 
24691|Child|9: 356 95 29 9 4 1 
24751|Child|2: 396 80 23 14 4 1 
24759|Child|12: 396 80 23 10 4 1 
24771|Child|1: 346 71 29 10 4 1 
24775|Child|11: 322 75 31 10 4 1 
24804|Child|41: 344 76 28 13 4 1 
24823|Child|14: 396 160 43 19 10 4 1 
24824|Child|2: 181 55 19 10 4 1 
24853|Child|2: 204 59 17 10 4 1 
24865|Child|1: 144 49 21 10 4 1 
24867|Child|11: 413 88 32 13 4 1 
24909|Child|2: 137 60 21 10 4 1 
24911|Child|27: 165 62 19 10 4 1 
24919|Child|13: 396 90 25 9 4 1 
24947|Child|2: 469 137 44 24 9 4 1 
24949|Random|62: 317 82 29 14 4 1 
24976|Child|1: 206 58 23 10 4 1 
25028|Child|49: 369 77 28 13 4 1 
25084|Child|2: 174 70 19 10 4 1 
25110|Child|2: 150 54 23 10 4 1 
25123|Child|5: 383 79 27 10 4 1 
25174|Child|7: 359 79 29 9 4 1 
25227|Child|3: 331 69 25 9 4 1 
25254|Child|2: 469 129 46 21 10 4 1 
25294|Child|26: 156 64 24 9 4 1 
25303|Child|1: 215 54 23 10 4 1 
25356|Child|11: 272 63 23 14 4 1 
25393|Child|2: 432 146 43 19 10 4 1 
25396|Child|1: 208 54 19 10 4 1 
25403|Child|1: 225 55 24 9 4 1 
25405|Child|27: 471 155 52 24 9 4 1 
25462|Child|1: 440 130 46 17 10 4 1 
25547|Child|11: 293 59 21 10 4 1 
25569|Child|23: 349 81 32 13 4 1 
25639|Child|1: 441 178 50 21 10 4 1 
25661|Child|15: 325 71 27 14 4 1 
25672|Child|1: 150 52 19 10 4 1 
25695|Child|7: 299 67 23 10 4 1 
25725|Random|77: 326 70 17 10 4 1 
25743|Random|55: 371 145 46 20 9 4 1 
25773|Child|2: 381 80 23 10 4 1 
25841|Child|9: 480 184 49 17 10 4 1 
25859|Random|62: 208 70 21 10 4 1 
25866|Random|63: 218 60 21 10 4 1 
25906|Child|2: 317 68 24 9 4 1 
25911|Child|2: 440 183 67 24 9 4 1 
25919|Child|3: 149 52 24 9 4 1 
25933|Random|61: 387 79 28 13 4 1 
25984|Child|21: 317 65 21 10 4 1 
25986|Child|15: 218 68 29 9 4 1 
25989|Child|1: 339 71 24 9 4 1 
26014|Child|1: 198 55 19 10 4 1 
26021|Child|2: 198 55 19 13 4 1 
26050|Child|13: 145 42 17 10 4 1 
26094|Child|2: 209 54 19 10 4 1 
26105|Child|10: 390 81 23 13 4 1 
26120|Child|9: 315 71 23 10 4 1 
26121|Child|2: 390 81 23 10 4 1 
26122|Random|52: 361 88 31 14 4 1 
26200|Child|24: 349 77 24 11 4 1 
26239|Random|83: 172 70 29 9 4 1 
26247|Child|23: 373 86 24 9 4 1 
26293|Child|2: 300 70 21 10 4 1 
26308|Child|1: 333 67 23 10 4 1 
26359|Child|2: 204 71 24 9 4 1 
26429|Random|94: 369 83 24 9 4 1 
26438|Child|4: 439 115 28 13 4 1 
26440|Child|1: 224 67 24 9 4 1 
26447|Child|15: 195 74 29 10 4 1 
26480|Child|11: 200 57 20 9 4 1 
26494|Child|12: 358 88 31 11 4 1 
26512|Child|2: 358 87 25 14 4 1 
26530|Child|6: 422 103 50 19 10 4 1 
26551|Child|1: 220 56 24 11 4 1 
26566|Child|7: 151 59 21 10 4 1 
26611|Child|4: 184 56 21 10 4 1 
26622|Child|46: 446 178 77 23 10 4 1 
26632|Random|89: 296 61 19 10 4 1 
26633|Child|29: 207 67 21 10 4 1 
26635|Child|3: 479 184 60 19 10 4 1 
26654|Random|56: 286 59 21 10 4 1 
26678|Child|2: 462 221 65 21 10 4 1 
26693|Child|15: 299 71 27 14 4 1 
26699|Child|1: 372 97 29 14 4 1 
26703|Child|7: 379 79 32 13 4 1 
26739|Child|33: 183 70 19 10 4 1 
26750|Random|94: 194 80 24 11 4 1 
26817|Child|1: 449 143 43 20 9 4 1 
26840|Random|88: 375 76 33 9 4 1 
26882|Child|21: 367 81 23 10 4 1 
26883|Child|1: 367 81 23 14 4 1 
26949|Child|1: 469 274 74 23 10 4 1 
26955|Child|1: 339 72 19 10 4 1 
26996|Random|61: 234 56 21 10 4 1 
27032|Child|1: 217 59 24 9 4 1 
27059|Child|1: 136 55 19 10 4 1 
27171|Random|60: 331 67 23 10 4 1 
27187|Child|6: 372 76 33 9 4 1 
27209|Random|97: 152 69 21 10 4 1 
27300|Child|28: 142 43 19 10 4 1 
27329|Child|3: 209 53 24 9 4 1 
27356|Child|2: 200 55 19 10 4 1 
27415|Child|20: 331 94 32 13 4 1 
27430|Child|3: 334 75 32 13 4 1 
27437|Child|1: 345 74 23 10 4 1 
27444|Child|14: 355 75 28 13 4 1 
27463|Child|27: 152 52 17 10 4 1 
27481|Random|97: 200 61 29 10 4 1 
27495|Child|5: 379 81 32 13 4 1 
27524|Child|5: 206 77 23 10 4 1 
27536|Child|16: 225 71 23 13 4 1 
27547|Child|6: 323 78 23 10 4 1 
27553|Child|6: 351 77 28 9 4 1 
27559|Random|62: 199 77 21 10 4 1 
27588|Child|1: 352 80 21 10 4 1 
27637|Child|10: 361 83 24 9 4 1 
27651|Child|3: 308 75 29 9 4 1 
27677|Child|44: 228 66 21 10 4 1 
27713|Child|12: 341 71 24 9 4 1 
27714|Child|2: 458 161 55 24 9 4 1 
27794|Child|1: 148 47 23 10 4 1 
27808|Child|1: 182 71 23 10 4 1 
27812|Child|49: 493 202 54 23 10 4 1 
27836|Child|2: 382 80 23 10 4 1 
27859|Child|5: 403 81 23 10 4 1 
27862|Random|81: 445 90 28 13 4 1 
27867|Child|2: 344 81 23 10 4 1 
27879|Child|2: 402 181 71 23 10 4 1 
27946|Child|17: 383 78 27 14 4 1 
27996|Child|1: 141 53 19 13 4 1 
28133|Random|66: 380 84 27 14 4 1 
28141|Child|33: 452 207 55 27 10 4 1 
28150|Child|2: 210 54 19 10 4 1 
28157|Child|14: 218 70 24 9 4 1 
28204|Child|50: 228 61 19 10 4 1 
28227|Child|2: 333 73 25 14 4 1 
28242|Child|2: 149 44 19 10 4 1 
28255|Child|2: 212 61 19 10 4 1 
28260|Child|1: 489 145 43 20 9 4 1 
28309|Random|66: 144 60 19 10 4 1 
28375|Child|27: 187 59 21 10 4 1 
28394|Child|15: 386 79 25 14 4 1 
28398|Child|35: 208 62 27 10 4 1 
28405|Random|64: 336 99 27 14 4 1 
28421|Child|14: 336 99 27 10 4 1 
28449|Child|14: 377 86 23 14 4 1 
28456|Random|77: 360 75 28 11 4 1 
28463|Child|1: 307 66 21 10 4 1 
28539|Child|3: 333 73 27 10 4 1 
28548|Child|1: 199 60 25 14 4 1 
28565|Child|17: 312 81 32 13 4 1 
28578|Child|1: 368 83 27 10 4 1 
28597|Child|2: 299 70 23 13 4 1 
28608|Random|80: 335 86 27 10 4 1 
28643|Child|47: 461 204 61 23 10 4 1 
28663|Child|7: 182 55 23 10 4 1 
28702|Child|2: 177 54 19 10 4 1 
28724|Child|17: 398 87 32 13 4 1 
28740|Random|82: 449 161 55 24 9 4 1 
28746|Child|21: 294 80 23 10 4 1 
28764|Random|81: 213 49 21 10 4 1 
28816|Child|6: 438 153 53 24 11 4 1 
28866|Child|17: 353 82 32 13 4 1 
28885|Child|26: 229 65 25 9 4 1 
28888|Child|4: 204 60 19 10 4 1 
28904|Child|15: 372 89 27 14 4 1 
28957|Child|35: 399 88 29 9 4 1 
28991|Child|2: 182 71 19 10 4 1 
29037|Child|5: 403 168 49 24 9 4 1 
29063|Child|2: 369 89 27 10 4 1 
29109|Child|22: 223 61 19 10 4 1 
29123|Child|27: 195 59 19 13 4 1 
29132|Child|13: 339 70 24 9 4 1 
29149|Child|14: 304 72 23 14 4 1 
29216|Child|30: 343 72 23 14 4 1 
29239|Child|3: 214 49 21 10 4 1 
29269|Child|2: 177 61 19 10 4 1 
29275|Child|1: 314 77 23 10 4 1 
29301|Child|14: 151 47 24 9 4 1 
29358|Random|69: 211 58 23 10 4 1 
29380|Child|12: 398 80 23 10 4 1 
29414|Random|70: 188 77 23 10 4 1 
29447|Child|2: 138 53 19 10 4 1 
29448|Child|3: 433 106 49 21 10 4 1 
29466|Child|12: 461 196 54 23 10 4 1 
29502|Child|30: 344 71 29 10 4 1 
29519|Child|2: 448 141 50 19 10 4 1 
29562|Child|1: 373 82 29 9 4 1 
29566|Child|5: 373 82 29 14 4 1 
29569|Child|1: 389 85 25 14 4 1 
29594|Child|9: 333 87 25 14 4 1 
29606|Child|42: 375 81 23 13 4 1 
29607|Child|1: 375 81 23 10 4 1 
29612|Child|1: 375 81 23 14 4 1 
29618|Child|2: 198 64 23 10 4 1 
29631|Random|59: 314 69 27 10 4 1 
29668|Child|1: 462 184 56 17 10 4 1 
29672|Child|2: 462 184 56 25 9 4 1 
29691|Child|2: 328 70 29 9 4 1 
29694|Random|56: 407 87 32 13 4 1 
29767|Child|1: 204 53 17 10 4 1 
29774|Child|2: 192 67 23 10 4 1 
29782|Child|2: 204 71 23 10 4 1 
29815|Child|1: 204 53 19 10 4 1 
29832|Child|13: 196 57 23 10 4 1 
29856|Child|18: 372 86 27 10 4 1 
29862|Child|2: 305 67 24 9 4 1 
29897|Child|38: 367 89 24 9 4 1 
29908|Child|6: 360 79 25 14 4 1 
29923|Child|2: 188 63 23 14 4 1 
29945|Child|9: 353 77 29 14 4 1 
29967|Child|44: 213 64 29 10 4 1 
29994|Child|8: 459 171 61 19 10 4 1 
30003|Child|4: 350 71 24 9 4 1 
30004|Child|3: 335 79 27 10 4 1 
30015|Child|2: 295 80 19 10 4 1 
30062|Child|19: 159 62 19 10 4 1 
30067|Child|27: 331 78 23 10 4 1 
30080|Child|2: 349 89 27 14 4 1 
30104|Child|5: 194 72 19 10 4 1 
30136|Child|19: 188 52 19 10 4 1 
30174|Random|78: 361 74 29 10 4 1 
30215|Child|2: 313 70 21 10 4 1 
30257|Child|1: 437 170 55 19 10 4 1 
30291|Child|17: 379 89 28 13 4 1 
30322|Child|16: 163 59 21 10 4 1 
30324|Child|14: 184 44 19 10 4 1 
30357|Child|2: 303 70 25 14 4 1 
30365|Child|2: 337 69 25 9 4 1 
30387|Child|2: 228 72 19 10 4 1 
30406|Child|37: 283 78 23 10 4 1 
30408|Child|2: 203 57 23 13 4 1 
30451|Child|3: 329 88 25 14 4 1 
30495|Child|39: 288 81 29 10 4 1 
30509|Child|1: 193 55 19 13 4 1 
30519|Child|2: 373 89 33 9 4 1 
30533|Child|13: 224 61 24 9 4 1 
30576|Random|91: 495 332 90 25 14 4 1 
30578|Random|74: 394 84 23 10 4 1 
30613|Child|20: 394 89 27 10 4 1 
30616|Child|3: 153 44 19 10 4 1 
30677|Child|35: 308 67 23 10 4 1 
30691|Child|3: 325 78 24 11 4 1 
30694|Child|16: 368 88 28 11 4 1 
30713|Random|91: 328 79 31 11 4 1 
30740|Child|15: 332 75 29 9 4 1 
30784|Child|1: 154 61 23 10 4 1 
30809|Random|99: 356 84 29 10 4 1 
30857|Child|19: 420 97 33 14 4 1 
30915|Child|1: 167 57 23 10 4 1 
30933|Child|2: 322 76 24 9 4 1 
30962|Random|96: 303 71 24 11 4 1 
30999|Child|18: 436 134 53 24 9 4 1 
31091|Random|73: 207 46 20 9 4 1 
31125|Child|16: 296 62 27 10 4 1 
31223|Child|2: 207 55 19 10 4 1 
31228|Child|4: 457 107 43 19 10 4 1 
31270|Child|2: 319 67 21 10 4 1 
31277|Child|1: 491 226 55 24 9 4 1 
31311|Random|58: 177 55 20 9 4 1 
31333|Child|14: 377 91 28 11 4 1 
31356|Child|13: 328 69 24 11 4 1 
31364|Random|56: 202 82 27 10 4 1 
31371|Child|6: 431 155 53 17 10 4 1 
31382|Child|16: 364 77 27 14 4 1 
31386|Random|77: 328 100 27 14 4 1 
31391|Child|2: 455 214 57 23 10 4 1 
31421|Child|1: 333 93 23 10 4 1 
31428|Child|48: 370 84 29 10 4 1 
31434|Child|1: 229 62 24 11 4 1 
31444|Child|31: 374 104 25 14 4 1 
31552|Child|3: 171 67 21 10 4 1 
31590|Random|61: 415 96 27 10 4 1 
31599|Child|20: 153 63 19 10 4 1 
31607|Random|94: 402 90 28 9 4 1 
31624|Random|78: 307 68 23 10 4 1 
31627|Child|13: 352 93 29 10 4 1 
31630|Child|1: 352 93 29 9 4 1 
31633|Child|45: 204 58 23 10 4 1 
31662|Child|1: 344 83 23 10 4 1 
31663|Child|2: 470 167 57 23 10 4 1 
31676|Child|2: 361 79 19 10 4 1 
31696|Child|2: 206 63 19 10 4 1 
31781|Child|17: 195 55 21 10 4 1 
31802|Random|66: 397 84 29 9 4 1 
31823|Child|8: 142 51 19 10 4 1 
31861|Child|33: 332 77 25 14 4 1 
31902|Child|8: 350 79 29 9 4 1 
31918|Random|67: 346 81 29 10 4 1 
31933|Child|1: 349 73 24 9 4 1 
31956|Child|16: 408 83 27 10 4 1 
31958|Child|2: 364 84 23 10 4 1 
32028|Child|8: 346 87 32 13 4 1 
32030|Child|33: 213 59 24 9 4 1 
32087|Child|14: 354 81 29 10 4 1 
32090|Child|2: 210 55 23 10 4 1 
32101|Child|9: 333 72 23 14 4 1 
32120|Random|51: 214 62 24 9 4 1 
32206|Random|54: 209 60 19 10 4 1 
32207|Child|4: 206 52 19 10 4 1 
32222|Random|79: 178 73 24 9 4 1 
32237|Child|25: 198 70 23 13 4 1 
32253|Child|22: 150 64 23 10 4 1 
32271|Child|29: 226 64 23 10 4 1 
32281|Child|12: 353 79 24 9 4 1 
32300|Child|1: 135 55 19 10 4 1 
32303|Child|27: 376 83 27 10 4 1 
32360|Child|4: 363 91 29 10 4 1 
32397|Child|1: 145 54 19 10 4 1 
32466|Child|40: 391 112 47 21 10 4 1 
32505|Child|6: 211 50 19 10 4 1 
32527|Child|1: 141 54 19 10 4 1 
32538|Random|65: 364 83 29 14 4 1 
32587|Child|7: 460 109 31 14 4 1 
32615|Child|11: 374 84 29 9 4 1 
32785|Child|2: 456 261 71 29 10 4 1 
32796|Child|43: 220 63 27 10 4 1 
32834|Child|6: 381 87 32 13 4 1 
32836|Random|68: 365 90 27 14 4 1 
32849|Child|44: 339 70 23 10 4 1 
32854|Child|28: 315 81 23 13 4 1 
32924|Child|34: 409 85 25 14 4 1 
32928|Child|6: 164 61 23 10 4 1 
32939|Child|1: 193 63 23 14 4 1 
32955|Child|17: 374 103 29 10 4 1 
32975|Child|50: 457 162 59 20 9 4 1 
33036|Child|41: 200 69 21 10 4 1 
33061|Child|33: 369 88 25 14 4 1 
33081|Child|4: 146 50 17 10 4 1 
33095|Child|27: 189 54 24 11 4 1 
33106|Child|11: 292 67 23 10 4 1 
33115|Child|1: 294 80 21 10 4 1 
33122|Child|2: 172 63 19 10 4 1 
33128|Child|5: 215 55 19 10 4 1 
33158|Child|2: 439 171 52 19 10 4 1 
33197|Random|67: 305 74 23 10 4 1 
33257|Child|1: 311 77 24 9 4 1 
33274|Child|49: 462 178 63 17 10 4 1 
33315|Child|3: 410 94 32 13 4 1 
33332|Random|59: 133 48 23 10 4 1 
33369|Child|1: 201 58 23 10 4 1 
33374|Child|1: 201 58 23 13 4 1 
33416|Child|1: 440 124 45 21 10 4 1 
33468|Child|9: 209 65 25 9 4 1 
33589|Child|23: 162 64 24 9 4 1 
33624|Child|1: 343 70 23 10 4 1 
33627|Child|15: 394 81 29 14 4 1 
33636|Child|3: 205 63 23 14 4 1 
33647|Child|2: 326 74 23 10 4 1 
33664|Child|4: 384 77 25 14 4 1 
33689|Child|2: 219 54 23 10 4 1 
33690|Child|2: 200 71 19 10 4 1 
33707|Child|28: 350 80 23 10 4 1 
33724|Child|9: 195 52 24 9 4 1 
33726|Child|1: 366 90 29 14 4 1 
33728|Child|2: 472 180 56 21 10 4 1 
33732|Child|26: 147 66 21 10 4 1 
33733|Child|2: 372 79 21 10 4 1 
33757|Child|6: 155 47 24 9 4 1 
33787|Child|1: 455 143 53 19 10 4 1 
33811|Random|96: 342 79 31 10 4 1 
33838|Child|1: 192 74 23 10 4 1 
33865|Child|1: 204 69 28 11 4 1 
33910|Child|2: 359 86 23 14 4 1 
33948|Child|24: 434 93 28 11 4 1 
34001|Child|2: 478 323 69 21 10 4 1 
34045|Child|6: 493 134 53 24 9 4 1 
34064|Random|70: 308 89 27 10 4 1 
34071|Child|4: 327 69 28 9 4 1 
34089|Child|2: 227 54 23 10 4 1 
34123|Child|12: 450 153 54 23 10 4 1 
34173|Child|13: 433 93 33 14 4 1 
34198|Child|4: 388 81 23 10 4 1 
34199|Child|2: 156 49 21 10 4 1 
34235|Child|29: 180 62 24 9 4 1 
34253|Child|1: 312 80 23 10 4 1 
34260|Child|37: 329 79 27 10 4 1 
34290|Child|11: 205 53 17 10 4 1 
34300|Child|4: 380 90 25 14 4 1 
34305|Child|1: 192 51 19 10 4 1 
34360|Child|19: 348 70 23 10 4 1 
34395|Child|1: 351 77 27 14 4 1 
34411|Random|83: 479 164 67 21 10 4 1 
34451|Child|1: 197 54 23 10 4 1 
34455|Child|1: 197 54 23 14 4 1 
34482|Random|92: 356 107 32 13 4 1 
34500|Child|2: 314 77 23 14 4 1 
34518|Child|1: 333 67 24 11 4 1 
34520|Child|11: 207 44 23 10 4 1 
34536|Child|32: 359 83 23 13 4 1 
34542|Child|2: 218 61 19 10 4 1 
34567|Child|2: 204 63 23 14 4 1 
34641|Child|4: 317 70 21 10 4 1 
34657|Child|9: 336 93 29 9 4 1 
34678|Child|2: 192 53 17 10 4 1 
34714|Child|1: 158 61 19 10 4 1 
34717|Child|33: 195 61 23 10 4 1 
34734|Child|2: 469 222 60 19 10 4 1 
34780|Child|2: 391 91 29 10 4 1 
34788|Child|4: 198 71 23 14 4 1 
34805|Random|72: 157 46 20 11 4 1 
34829|Child|20: 333 74 32 13 4 1 
34833|Child|1: 146 53 19 10 4 1 
34863|Child|31: 375 77 24 11 4 1 
34933|Child|1: 220 68 23 10 4 1 
34953|Child|12: 438 138 47 21 10 4 1 
34961|Child|1: 161 63 19 10 4 1 
34987|Child|9: 313 77 23 14 4 1 
34997|Child|35: 189 46 20 9 4 1 
35001|Child|1: 371 87 28 13 4 1 
35004|Child|1: 313 77 23 10 4 1 
35019|Random|61: 379 79 31 11 4 1 
35027|Child|38: 371 80 23 10 4 1 
35053|Child|19: 326 66 23 14 4 1 
35089|Child|1: 182 54 19 10 4 1 
35111|Child|19: 320 73 19 10 4 1 
35174|Child|18: 377 90 23 10 4 1 
35177|Child|22: 221 65 25 9 4 1 
35186|Child|2: 207 68 21 10 4 1 
35263|Child|9: 374 90 29 9 4 1 
35284|Child|3: 290 79 24 9 4 1 
35288|Child|21: 328 68 29 14 4 1 
35293|Child|1: 355 80 24 9 4 1 
35313|Child|2: 207 61 19 10 4 1 
35340|Child|11: 466 148 51 19 10 4 1 
35362|Child|2: 201 52 19 10 4 1 
35424|Random|71: 393 82 28 11 4 1 
35433|Child|8: 480 295 67 24 11 4 1 
35452|Child|6: 331 71 23 13 4 1 
35463|Child|1: 374 81 23 10 4 1 
35475|Child|4: 327 74 24 9 4 1 
35528|Random|64: 358 99 27 10 4 1 
35532|Child|17: 330 74 23 10 4 1 
35545|Child|1: 369 83 27 10 4 1 
35551|Child|6: 222 80 23 10 4 1 
35605|Random|75: 458 137 52 20 9 4 1 
35608|Random|90: 353 77 24 11 4 1 
35626|Random|60: 217 70 29 9 4 1 
35628|Random|51: 195 80 28 9 4 1 
35679|Child|2: 293 63 23 14 4 1 
35714|Child|9: 374 89 31 10 4 1 
35749|Child|1: 151 61 23 10 4 1 
35796|Child|5: 326 66 27 10 4 1 
35831|Child|30: 319 72 25 9 4 1 
35886|Child|2: 455 187 61 24 9 4 1 
35932|Child|1: 199 59 21 10 4 1 
35933|Child|10: 191 56 25 9 4 1 
35947|Child|1: 472 134 46 20 9 4 1 
35995|Child|4: 161 66 21 10 4 1 
36084|Child|3: 388 85 25 14 4 1 
36123|Child|1: 196 52 17 10 4 1 
36127|Child|5: 350 77 23 14 4 1 
36139|Child|17: 344 79 28 13 4 1 
36142|Child|4: 378 77 23 10 4 1 
36174|Child|24: 376 84 25 14 4 1 
36178|Child|31: 334 71 29 10 3 1 
36179|Child|1: 334 71 29 10 4 1 
36192|Child|1: 151 63 20 9 4 1 
36206|Child|26: 395 80 28 11 4 1 
36216|Child|11: 153 71 24 9 4 1 
36218|Child|2: 423 127 37 20 9 4 1 
36233|Child|6: 400 141 49 17 10 4 1 
36259|Child|2: 371 77 24 11 4 1 
36300|Random|54: 346 82 24 9 4 1 
36397|Child|25: 363 77 24 9 4 1 
36410|Child|26: 346 79 24 9 4 1 
36420|Child|4: 304 63 19 10 4 1 
36442|Child|3: 347 71 27 14 4 1 
36447|Child|3: 211 58 24 9 4 1 
36450|Child|20: 223 62 19 10 4 1 
36472|Child|1: 160 54 23 10 4 1 
36482|Child|6: 317 73 29 9 4 1 
36498|Child|15: 374 93 24 11 4 1 
36507|Child|13: 316 90 25 14 4 1 
36563|Child|2: 379 77 23 10 4 1 
36577|Child|48: 355 84 23 10 4 1 
36597|Child|1: 328 67 24 9 4 1 
36605|Child|1: 328 67 24 11 4 1 
36651|Child|18: 302 71 23 10 4 1 
36682|Child|10: 138 52 20 9 4 1 
36723|Child|20: 352 84 23 10 4 1 
36724|Random|58: 353 89 27 10 4 1 
36784|Child|5: 131 70 23 10 4 1 
36825|Child|31: 195 67 21 10 4 1 
36829|Child|11: 385 79 31 11 4 1 
36845|Child|1: 444 341 69 24 11 4 1 
36862|Child|21: 325 76 27 10 4 1 
36893|Child|9: 191 54 23 10 4 1 
36897|Child|9: 338 87 32 13 4 1 
36981|Child|12: 210 65 24 9 4 1 
37035|Random|89: 142 49 24 9 4 1 
37126|Child|16: 305 68 24 9 4 1 
37158|Child|2: 215 62 27 10 4 1 
37170|Random|54: 338 82 33 9 4 1 
37187|Child|1: 352 81 23 13 4 1 
37194|Child|7: 311 68 33 9 4 1 
37197|Child|6: 331 72 19 10 4 1 
37217|Child|2: 458 205 51 19 10 4 1 
37218|Child|2: 230 61 19 10 4 1 
37244|Child|12: 330 67 23 10 4 1 
37249|Child|13: 363 78 23 10 4 1 
37250|Child|2: 237 68 23 10 4 1 
37285|Child|5: 348 71 23 13 4 1 
37331|Child|5: 474 188 65 27 10 4 1 
37335|Random|84: 373 92 28 13 4 1 
37354|Child|3: 289 67 24 11 4 1 
37358|Child|1: 289 67 24 9 4 1 
37362|Child|4: 317 67 23 10 4 1 
37376|Child|30: 393 80 23 10 4 1 
37377|Child|2: 194 67 21 10 4 1 
37412|Child|20: 484 167 55 24 9 4 1 
37415|Child|46: 186 53 19 10 4 1 
37433|Random|52: 305 79 31 10 4 1 
37441|Child|15: 342 80 27 10 4 1 
37459|Child|1: 356 82 29 14 4 1 
37469|Random|53: 294 82 27 10 4 1 
37486|Child|2: 339 84 23 10 4 1 
37510|Child|9: 354 97 29 9 4 1 
37546|Child|40: 347 71 23 13 4 1 
37559|Child|2: 149 62 19 10 4 1 
37565|Child|2: 180 50 17 10 4 1 
37618|Child|1: 364 85 28 13 4 1 
37691|Child|3: 366 89 27 10 4 1 
37704|Child|2: 158 55 20 9 4 1 
37726|Random|97: 476 178 64 23 10 4 1 
37800|Child|13: 305 77 24 11 4 1 
37822|Child|2: 318 77 21 10 4 1 
37824|Random|95: 328 72 27 10 4 1 
37856|Child|2: 323 68 23 10 4 1 
37862|Child|5: 381 77 21 10 4 1 
37941|Child|2: 180 54 19 10 4 1 
37952|Child|4: 204 67 23 10 4 1 
37994|Child|4: 152 60 19 10 4 1 
38030|Random|91: 330 80 23 10 4 1 
38062|Child|2: 286 67 21 10 4 1 
38108|Child|14: 197 68 23 14 4 1 
38112|Child|6: 337 81 32 11 4 1 
38121|Random|76: 365 99 27 10 4 1 
38126|Child|1: 320 69 21 10 4 1 
38129|Child|2: 332 72 23 14 4 1 
38135|Random|95: 176 59 24 9 4 1 
38148|Child|2: 234 61 19 10 4 1 
38175|Child|4: 338 78 31 14 4 1 
38197|Child|17: 422 93 29 9 4 1 
38204|Random|93: 170 64 28 13 4 1 
38206|Child|6: 352 84 29 9 4 1 
38207|Child|2: 484 155 55 29 9 4 1 
38227|Child|1: 168 70 23 10 4 1 
38250|Child|23: 386 88 31 14 4 1 
38315|Child|16: 197 61 19 10 4 1 
38340|Random|90: 349 99 27 10 4 1 
38360|Child|2: 324 71 24 9 4 1 
38364|Child|1: 198 62 19 10 4 1 
38413|Child|34: 210 64 24 9 4 1 
38417|Child|18: 368 86 23 14 4 1 
38451|Random|60: 191 70 23 10 4 1 
38551|Child|34: 180 73 19 10 4 1 
38562|Child|5: 351 99 29 10 4 1 
38622|Child|14: 201 59 20 9 4 1 
38647|Child|2: 144 52 19 10 4 1 
38684|Child|5: 304 63 27 10 4 1 
38709|Child|44: 299 70 24 9 4 1 
38714|Child|1: 364 77 23 14 4 1 
38717|Child|1: 364 77 23 10 4 1 
38733|Child|2: 213 60 23 13 4 1 
38855|Child|18: 348 77 24 11 4 1 
38877|Child|1: 316 90 27 14 4 1 
38908|Child|44: 323 68 29 14 4 1 
38924|Child|1: 336 71 23 10 4 1 
38927|Child|3: 323 70 21 10 4 1 
39022|Child|1: 214 53 19 10 4 1 
39043|Child|39: 338 90 25 14 4 1 
39044|Child|13: 346 78 23 10 4 1 
39045|Child|3: 392 87 25 14 4 1 
39065|Random|55: 372 100 29 10 4 1 
39067|Child|30: 335 77 24 9 4 1 
39086|Child|15: 372 77 27 14 4 1 
39093|Child|17: 203 55 23 10 4 1 
39098|Child|2: 360 80 25 14 4 1 
39181|Child|1: 203 77 24 9 4 1 
39185|Child|2: 155 70 19 10 4 1 
39195|Child|38: 367 81 29 10 4 1 
39196|Child|2: 305 67 23 10 4 1 
39206|Child|7: 306 79 29 9 4 1 
39232|Child|1: 232 60 23 10 4 1 
39313|Child|2: 438 122 55 23 10 4 1 
39342|Child|28: 162 55 24 9 4 1 
39360|Child|47: 455 100 27 14 4 1 
39378|Child|3: 204 57 23 10 4 1 
39394|Child|1: 156 72 19 10 4 1 
39395|Child|2: 484 181 44 19 10 4 1 
39401|Child|21: 175 67 21 10 4 1 
39408|Child|1: 191 60 19 10 4 1 
39440|Child|3: 217 66 21 10 4 1 
39445|Child|1: 284 84 23 10 4 1 
39477|Child|2: 152 57 23 10 4 1 
39481|Child|8: 295 70 23 10 4 1 
39509|Child|19: 203 53 17 10 4 1 
39512|Random|81: 266 73 27 10 4 1 
39550|Child|3: 481 150 56 24 11 4 1 
39568|Random|69: 319 74 28 13 4 1 
39579|Child|2: 340 70 19 10 4 1 
39580|Random|81: 155 64 23 10 4 1 
39635|Child|2: 140 54 23 10 4 1 
39662|Child|2: 495 139 57 23 10 4 1 
39667|Child|16: 348 75 23 14 4 1 
39684|Child|1: 330 70 29 9 4 1 
39697|Child|27: 293 61 23 10 4 1 
39705|Child|33: 355 81 23 13 4 1 
39708|Child|5: 355 81 23 10 4 1 
39801|Child|27: 352 78 24 11 4 1 
39811|Child|2: 142 61 19 10 4 1 
39867|Child|6: 337 70 23 13 4 1 
39972|Child|37: 142 45 23 10 4 1 
40004|Child|12: 324 67 23 13 4 1 
40026|Child|1: 368 76 25 14 4 1 
40031|Child|32: 175 74 23 10 4 1 
40051|Random|75: 384 84 29 14 4 1 
40064|Child|30: 197 61 23 13 4 1 
40066|Random|51: 307 79 27 10 4 1 
40111|Child|13: 230 57 23 10 4 1 
40113|Random|71: 374 90 25 14 4 1 
40117|Child|11: 374 90 25 9 4 1 
40128|Child|20: 378 79 30 9 4 1 
40210|Random|95: 382 80 33 9 4 1 
40221|Child|1: 184 49 17 10 4 1 
40232|Child|21: 220 69 21 10 4 1 
40290|Child|18: 147 41 19 10 4 1 
40304|Child|15: 378 95 29 9 4 1 
40330|Child|1: 359 80 23 10 4 1 
40354|Child|3: 468 318 66 29 9 4 1 
40360|Child|8: 231 72 27 10 4 1 
40365|Child|5: 329 77 23 10 4 1 
40387|Child|18: 327 77 25 14 4 1 
40410|Child|19: 362 85 25 14 4 1 
40425|Child|1: 145 63 20 9 4 1 
40446|Child|2: 442 184 44 19 10 4 1 
40464|Child|3: 192 52 19 10 4 1 
40508|Child|2: 153 60 19 10 4 1 
40537|Child|34: 190 77 21 10 4 1 
40549|Child|18: 371 79 31 11 4 1 
40664|Child|11: 402 90 25 14 4 1 
40702|Child|3: 207 57 20 9 4 1 
40752|Child|1: 321 65 24 9 4 1 
40817|Child|31: 367 87 23 10 4 1 
40823|Child|2: 173 51 19 10 4 1 
40834|Child|15: 377 87 25 14 4 1 
40856|Child|10: 411 132 54 19 10 4 1 
40859|Random|73: 373 100 23 10 4 1 
40864|Child|18: 398 90 27 10 4 1 
40870|Random|100: 390 84 29 9 4 1 
40871|Child|1: 390 84 29 10 4 1 
40877|Child|3: 312 67 24 9 4 1 
40901|Child|30: 352 74 33 14 4 1 
40902|Child|2: 314 76 25 14 4 1 
40920|Child|2: 214 61 19 10 4 1 
40961|Child|3: 205 70 23 13 4 1 
41017|Child|2: 304 73 29 9 4 1 
41028|Child|1: 141 57 20 9 4 1 
41044|Child|7: 145 51 19 10 4 1 
41052|Child|20: 367 85 25 14 4 1 
41106|Child|8: 393 151 44 20 9 4 1 
41113|Child|25: 303 71 23 10 4 1 
41133|Child|48: 422 106 32 13 4 1 
41136|Child|4: 402 93 29 10 4 1 
41142|Child|20: 298 65 25 9 4 1 
41144|Child|2: 379 87 25 14 4 1 
41150|Random|86: 352 82 27 10 4 1 
41155|Child|30: 379 104 32 13 4 1 
41168|Child|32: 461 94 29 14 4 1 
41189|Child|12: 222 59 24 9 4 1 
41202|Child|26: 361 77 21 10 4 1 
41232|Child|6: 234 70 19 10 4 1 
41233|Child|2: 191 44 19 10 4 1 
41248|Child|1: 197 57 23 10 4 1 
41277|Random|97: 448 307 76 27 14 4 1 
41313|Child|3: 199 67 21 10 4 1 
41314|Child|2: 156 58 21 10 4 1 
41419|Child|33: 374 83 23 13 4 1 
41450|Child|20: 377 81 31 14 4 1 
41454|Child|1: 177 67 21 10 4 1 
41501|Child|1: 399 88 24 9 4 1 
41559|Child|3: 308 87 25 14 4 1 
41599|Random|85: 382 83 27 10 4 1 
41611|Child|1: 232 68 23 10 4 1 
41619|Random|52: 393 84 29 9 4 1 
41630|Child|10: 306 69 24 11 4 1 
41659|Child|36: 353 79 25 14 4 1 
41690|Child|1: 382 81 28 13 4 1 
41691|Child|4: 380 80 23 10 4 1 
41711|Child|14: 377 83 23 13 4 1 
41754|Child|3: 390 80 25 14 4 1 
41762|Child|1: 143 55 19 10 4 1 
41817|Child|16: 368 75 32 13 4 1 
41847|Random|70: 490 205 61 19 10 4 1 
41869|Child|4: 315 91 29 14 4 1 
41893|Child|35: 206 53 19 10 4 1 
41914|Child|18: 195 67 23 10 4 1 
41918|Random|69: 378 81 23 10 4 1 
41929|Random|62: 360 83 29 14 4 1 
41950|Child|2: 195 67 23 14 4 1 
41956|Child|19: 195 55 24 9 4 1 
41962|Child|5: 162 48 23 10 4 1 
41995|Child|2: 255 70 21 10 4 1 
42005|Child|1: 403 90 23 10 4 1 
42010|Random|84: 376 82 27 10 4 1 
42014|Child|1: 153 57 23 10 4 1 
42040|Child|2: 438 133 45 19 10 4 1 
42105|Child|7: 188 53 17 10 4 1 
42136|Random|59: 333 73 28 10 3 1 
42146|Child|6: 333 75 23 14 4 1 
42150|Random|66: 379 86 31 10 4 1 
42160|Child|2: 352 71 23 10 4 1 
42181|Random|65: 410 99 27 10 4 1 
42188|Random|91: 490 181 74 24 9 4 1 
42191|Child|1: 354 81 23 10 4 1 
42192|Child|2: 344 70 23 10 4 1 
42210|Child|31: 354 81 23 13 4 1 
42256|Child|7: 423 97 28 11 4 1 
42312|Child|22: 398 156 44 19 10 4 1 
42356|Random|83: 196 69 21 10 4 1 
42370|Child|25: 411 93 28 11 4 1 
42384|Child|2: 304 67 23 10 4 1 
42390|Child|2: 442 163 50 19 10 4 1 
42391|Random|91: 233 55 24 9 4 1 
42417|Child|1: 318 73 29 9 4 1 
42425|Child|1: 379 81 23 14 4 1 
42427|Child|10: 379 81 23 10 4 1 
42473|Random|80: 370 93 32 13 4 1 
42501|Child|1: 333 77 21 10 4 1 
42504|Child|2: 221 56 21 10 4 1 
42530|Random|75: 324 75 29 14 4 1 
42549|Child|47: 368 81 32 13 4 1 
42561|Child|2: 319 77 23 10 4 1 
42562|Child|1: 319 77 23 14 4 1 
42567|Child|2: 441 170 53 17 10 4 1 
42569|Child|2: 194 56 17 10 4 1 
42582|Child|26: 141 58 23 10 4 1 
42612|Child|10: 359 98 32 13 4 1 
42624|Random|80: 325 71 24 9 4 1 
42645|Child|14: 150 63 19 10 4 1 
42649|Child|32: 355 73 27 10 4 1 
42655|Child|42: 332 73 27 10 4 1 
42681|Child|1: 137 59 17 10 4 1 
42692|Child|6: 147 56 17 10 4 1 
42752|Child|18: 296 67 23 10 4 1 
42753|Child|2: 359 78 23 10 4 1 
42866|Random|82: 333 74 28 13 4 1 
42883|Child|37: 223 67 24 11 4 1 
42888|Child|5: 221 57 23 10 4 1 
42925|Child|23: 430 147 43 20 9 4 1 
42954|Random|74: 350 80 28 11 4 1 
42964|Child|4: 358 80 23 10 4 1 
42998|Child|4: 195 53 19 10 4 1 
42999|Child|2: 197 62 19 10 4 1 
43037|Child|2: 178 62 19 10 4 1 
43105|Child|12: 364 75 29 9 4 1 
43110|Child|13: 326 89 24 9 4 1 
43133|Random|72: 179 67 23 10 4 1 
43138|Child|30: 306 80 21 10 4 1 
43171|Child|24: 395 80 29 10 4 1 
43216|Child|1: 285 65 24 9 4 1 
43248|Child|10: 328 83 24 9 4 1 
43297|Child|4: 213 56 25 9 4 1 
43365|Child|42: 424 117 27 14 4 1 
43366|Child|3: 323 71 24 9 4 1 
43480|Child|2: 183 52 24 9 4 1 
43495|Random|82: 370 90 27 10 4 1 
43532|Child|2: 178 63 20 9 4 1 
43552|Child|1: 324 76 27 14 4 1 
43560|Random|61: 439 137 43 20 7 3 1 
43626|Child|24: 328 66 25 14 4 1 
43653|Child|1: 387 80 27 10 4 1 
43654|Child|2: 151 61 19 10 4 1 
43685|Child|20: 194 58 23 10 4 1 
43690|Child|2: 391 91 23 10 4 1 
43753|Child|1: 201 59 21 10 4 1 
43782|Child|2: 322 68 31 11 4 1 
43789|Child|21: 337 74 34 9 4 1 
43799|Child|2: 460 106 55 23 10 4 1 
43831|Random|58: 208 77 24 9 4 1 
43837|Child|39: 202 55 25 14 4 1 
43845|Child|35: 223 54 19 10 4 1 
43846|Child|20: 348 91 35 11 4 1 
43863|Child|30: 205 55 23 10 4 1 
43890|Child|6: 333 82 27 10 4 1 
43953|Child|22: 300 70 23 10 4 1 
43960|Child|2: 425 137 54 23 10 4 1 
43963|Child|2: 320 70 23 10 4 1 
43992|Child|10: 333 88 28 11 4 1 
44005|Child|2: 354 80 21 10 4 1 
44017|Child|26: 406 85 27 14 4 1 
44089|Child|2: 188 53 19 10 4 1 
44136|Random|64: 409 170 58 23 10 4 1 
44144|Child|2: 153 41 19 10 4 1 
44161|Child|11: 203 53 24 11 4 1 
44179|Child|3: 479 195 48 21 10 4 1 
44187|Child|3: 413 165 53 24 9 4 1 
44256|Child|2: 462 190 54 19 10 4 1 
44260|Child|4: 189 55 19 10 4 1 
44329|Child|9: 299 80 27 10 4 1 
44337|Random|81: 168 60 21 10 4 1 
44364|Random|61: 315 77 24 9 4 1 
44377|Child|1: 458 190 52 20 9 4 1 
44413|Child|9: 174 71 23 10 4 1 
44419|Child|3: 215 49 21 10 4 1 
44430|Child|18: 392 88 32 13 4 1 
44453|Child|1: 365 88 24 9 4 1 
44530|Child|2: 428 135 49 24 9 4 1 
44533|Child|4: 367 74 24 9 4 1 
44536|Child|2: 203 79 21 10 4 1 
44597|Child|5: 384 85 32 13 4 1 
44601|Child|37: 227 67 23 10 4 1 
44633|Child|2: 284 88 25 14 4 1 
44651|Child|5: 393 114 27 14 4 1 
44656|Random|98: 420 86 27 14 4 1 
44803|Child|3: 383 91 30 9 4 1 
44851|Child|2: 324 71 23 13 4 1 
44852|Child|1: 324 71 23 14 4 1 
44860|Child|2: 324 71 23 10 4 1 
44887|Child|2: 447 119 51 19 10 4 1 
44902|Child|32: 148 54 19 10 4 1 
45045|Child|3: 288 62 24 9 4 1 
45107|Child|11: 397 88 29 9 4 1 
45130|Child|14: 320 79 28 13 4 1 
45150|Child|2: 170 51 19 10 4 1 
45153|Child|30: 133 52 17 10 4 1 
45155|Child|45: 348 77 23 10 4 1 
45160|Child|4: 386 89 21 10 4 1 
45166|Child|10: 478 149 41 19 10 4 1 
45194|Child|13: 216 55 24 9 4 1 
45232|Random|93: 304 91 24 9 4 1 
45238|Child|15: 417 99 27 10 4 1 
45248|Child|3: 313 89 28 13 4 1 
45262|Child|18: 202 61 23 13 4 1 
45297|Child|6: 359 76 29 14 4 1 
45329|Child|2: 199 54 19 10 4 1 
45347|Child|15: 314 83 29 10 4 1 
45381|Child|1: 459 222 65 24 9 4 1 
45389|Child|5: 383 82 29 14 4 1 
45437|Child|2: 362 91 29 10 4 1 
45448|Random|100: 275 79 27 10 4 1 
45456|Child|1: 326 67 23 10 4 1 
45462|Random|89: 467 290 79 27 10 4 1 
45481|Child|3: 343 72 32 13 4 1 
45533|Child|2: 212 70 21 10 4 1 
45567|Child|1: 297 70 23 10 4 1 
45570|Child|39: 390 83 23 10 4 1 
45614|Child|4: 362 94 31 14 4 1 
45622|Child|9: 383 84 29 9 4 1 
45627|Child|2: 319 69 25 9 4 1 
45648|Child|2: 478 140 44 19 10 4 1 
45655|Child|6: 450 128 42 19 10 4 1 
45708|Child|2: 311 84 23 10 4 1 
45711|Child|13: 321 70 23 10 4 1 
45724|Child|13: 300 71 23 10 4 1 
45754|Child|2: 199 62 27 10 4 1 
45756|Random|93: 476 292 66 21 10 4 1 
45766|Child|1: 179 56 17 10 4 1 
45776|Child|21: 381 84 23 10 4 1 
45779|Child|8: 329 70 23 10 4 1 
45842|Child|2: 354 83 23 10 4 1 
45911|Child|16: 370 89 27 10 4 1 
45912|Child|29: 157 46 24 9 4 1 
45919|Child|4: 152 53 19 10 4 1 
45946|Child|2: 210 53 24 9 4 1 
45973|Child|18: 353 86 24 11 4 1 
45975|Child|1: 188 70 21 10 4 1 
45995|Child|1: 314 75 23 14 4 1 
46036|Child|2: 199 60 21 10 4 1 
46067|Child|1: 362 80 23 10 4 1 
46072|Child|2: 493 201 60 23 10 4 1 
46100|Random|60: 422 92 29 14 4 1 
46128|Child|8: 172 69 19 10 4 1 
46137|Child|3: 185 59 24 9 4 1 
46143|Random|68: 380 78 31 14 4 1 
46147|Child|5: 380 81 23 14 4 1 
46167|Child|47: 378 82 29 14 4 1 
46202|Child|18: 311 70 23 10 4 1 
46216|Random|83: 347 82 24 9 4 1 
46217|Child|2: 325 67 24 9 4 1 
46231|Child|2: 479 136 51 23 10 4 1 
46257|Child|24: 336 73 23 13 4 1 
46271|Random|55: 373 102 28 13 4 1 
46323|Child|2: 423 159 55 23 10 4 1 
46328|Child|1: 163 61 19 10 4 1 
46337|Child|16: 349 87 28 13 4 1 
46373|Random|94: 184 67 23 10 4 1 
46383|Child|4: 362 90 27 10 4 1 
46403|Child|42: 196 78 23 10 4 1 
46474|Child|33: 211 56 21 10 4 1 
46536|Random|84: 361 92 24 9 4 1 
46545|Child|42: 388 80 27 10 4 1 
46546|Random|74: 393 81 32 13 4 1 
46555|Random|84: 186 67 21 10 4 1 
46578|Child|7: 367 91 31 14 4 1 
46608|Child|1: 341 75 32 13 4 1 
46674|Child|23: 200 61 19 10 4 1 
46693|Child|34: 266 84 29 9 4 1 
46717|Random|56: 364 80 25 14 4 1 
46718|Child|28: 439 175 59 21 10 4 1 
46788|Child|2: 436 148 57 21 10 4 1 
46846|Child|16: 348 105 31 14 4 1 
46891|Child|22: 176 57 23 10 4 1 
46926|Child|8: 415 105 32 13 4 1 
46939|Child|16: 318 66 23 14 4 1 
46948|Child|1: 146 50 19 10 4 1 
46976|Child|2: 298 66 24 11 4 1 
47018|Child|2: 204 54 23 10 4 1 
47021|Child|2: 345 70 21 10 4 1 
47033|Child|42: 411 91 29 10 4 1 
47047|Child|17: 445 93 29 9 4 1 
47100|Child|1: 189 59 21 10 4 1 
47153|Child|1: 204 65 19 13 4 1 
47261|Child|1: 485 177 53 17 10 4 1 
47326|Child|6: 123 46 20 9 4 1 
47349|Child|2: 209 56 25 9 4 1 
47422|Child|17: 338 77 23 14 4 1 
47430|Child|29: 362 86 28 11 4 1 
47446|Child|3: 290 66 21 10 4 1 
47447|Child|2: 183 67 21 10 4 1 
47498|Child|2: 381 84 25 14 4 1 
47518|Random|81: 312 71 23 10 4 1 
47524|Child|1: 231 67 21 10 4 1 
47528|Child|2: 374 80 23 13 4 1 
47536|Random|78: 186 58 24 9 4 1 
47541|Child|23: 349 80 24 11 4 1 
47614|Child|3: 209 53 19 10 4 1 
47626|Random|65: 381 88 32 13 4 1 
47634|Random|68: 321 71 23 13 4 1 
47684|Child|2: 290 67 23 10 4 1 
47726|Random|54: 179 55 27 10 4 1 
47772|Random|90: 161 59 21 10 4 1 
47813|Child|2: 327 72 27 10 4 1 
47819|Child|7: 197 65 24 9 4 1 
47825|Child|3: 313 70 29 9 4 1 
47828|Random|67: 192 69 24 11 4 1 
47833|Child|14: 151 54 19 10 4 1 
47873|Child|1: 322 67 24 11 4 1 
47993|Child|11: 147 43 20 9 4 1 
48027|Child|4: 221 69 21 10 4 1 
48039|Child|3: 151 57 23 10 4 1 
48040|Child|2: 221 51 19 10 4 1 
48081|Child|20: 331 75 23 14 4 1 
48088|Child|16: 362 78 23 10 4 1 
48119|Child|33: 334 69 21 10 4 1 
48149|Random|77: 237 57 23 10 4 1 
48243|Child|1: 143 45 19 10 4 1 
48245|Child|2: 202 71 19 10 4 1 
48274|Child|16: 479 276 61 23 10 4 1 
48289|Child|2: 345 90 31 11 4 1 
48315|Random|78: 370 85 31 11 4 1 
48325|Child|12: 327 68 23 10 4 1 
48381|Child|19: 224 71 29 10 4 1 
48382|Child|2: 162 64 19 10 4 1 
48496|Random|91: 411 166 46 21 10 4 1 
48522|Child|1: 320 87 25 14 4 1 
48587|Child|9: 364 74 33 14 4 1 
48623|Random|56: 358 76 24 9 4 1 
48651|Child|6: 340 81 29 10 4 1 
48658|Child|13: 361 109 27 10 4 1 
48680|Child|2: 328 91 28 13 4 1 
48727|Child|7: 340 84 29 9 4 1 
48768|Child|1: 132 53 19 10 4 1 
48875|Child|2: 360 75 24 11 4 1 
48927|Child|2: 384 77 23 10 4 1 
48953|Child|35: 422 87 28 13 4 1 
48962|Child|15: 200 70 19 10 4 1 
48978|Child|3: 454 136 51 19 10 4 1 
48999|Child|2: 479 131 43 24 9 4 1 
49012|Child|27: 344 98 32 13 4 1 
49028|Child|11: 337 90 29 9 4 1 
49042|Child|29: 288 67 23 10 4 1 
49057|Child|5: 216 52 19 10 4 1 
49109|Child|3: 196 77 23 10 4 1 
49117|Child|2: 153 68 23 10 4 1 
49191|Child|11: 209 56 21 10 4 1 
49192|Child|2: 414 145 49 21 10 4 1 
49222|Child|2: 433 174 47 23 10 4 1 
49238|Child|1: 355 78 23 10 4 1 
49241|Random|61: 332 72 29 10 4 1 
49302|Child|29: 329 79 28 13 4 1 
49314|Child|3: 216 49 21 10 4 1 
49351|Child|3: 137 60 19 10 4 1 
49368|Child|10: 468 165 57 23 10 4 1 
49416|Child|11: 187 53 17 10 4 1 
49440|Child|1: 290 63 23 14 4 1 
49463|Child|26: 335 93 29 14 4 1 
49474|Random|70: 336 74 25 9 4 1 
49490|Child|36: 205 63 20 9 4 1 
49540|Child|19: 384 79 31 10 4 1 
49575|Child|12: 212 67 24 9 4 1 
49592|Child|24: 399 90 27 14 4 1 
49610|Child|11: 204 65 24 9 4 1 
49620|Child|11: 209 45 23 10 4 1 
49642|Child|16: 329 76 27 14 4 1 
49643|Child|2: 341 87 25 14 4 1 
49684|Child|1: 459 190 56 27 10 4 1 
49694|Random|80: 366 74 24 9 4 1 
49695|Child|2: 418 231 62 24 9 4 1 
49703|Child|42: 324 65 27 10 4 1 
49726|Child|9: 175 53 19 10 4 1 
49766|Random|71: 376 80 29 10 4 1 
49789|Child|2: 312 64 29 9 4 1 
49833|Child|2: 358 88 25 14 4 1 
49849|Child|5: 225 51 19 10 4 1 
49870|Child|1: 471 147 50 24 9 4 1 
49893|Child|1: 209 64 23 10 4 1 
49903|Child|17: 320 73 23 13 4 1 
49937|Child|3: 194 53 19 10 4 1 
49961|Child|29: 360 77 21 10 4 1 
50010|Child|1: 234 71 19 10 4 1 
50123|Child|2: 208 51 19 10 4 1 
50165|Child|4: 407 82 29 14 4 1 
50168|Child|2: 400 87 28 13 4 1 
50181|Random|89: 309 69 21 10 4 1 
50219|Child|2: 190 55 21 10 4 1 
50257|Child|24: 371 90 25 14 4 1 
50298|Child|22: 372 77 24 11 4 1 
50311|Child|2: 224 79 24 9 4 1 
50318|Child|21: 371 75 29 10 4 1 
50357|Child|18: 209 60 27 10 4 1 
50370|Child|14: 207 58 23 10 4 1 
50379|Child|2: 448 126 43 19 10 4 1 
50383|Random|76: 489 216 63 29 10 4 1 
50402|Child|17: 438 107 29 14 4 1 
50405|Child|32: 233 82 27 10 4 1 
50420|Child|2: 429 187 49 21 10 4 1 
50423|Child|4: 438 139 54 19 10 4 1 
50437|Child|3: 224 63 20 9 4 1 
50443|Child|14: 325 73 24 9 4 1 
50451|Random|66: 489 143 55 21 10 4 1 
50452|Child|2: 450 143 45 21 10 4 1 
50468|Random|82: 349 98 31 14 4 1 
50475|Child|34: 207 47 24 9 4 1 
50495|Random|56: 369 85 25 14 4 1 
50515|Child|12: 386 86 27 10 4 1 
50572|Random|75: 341 92 28 13 4 1 
50694|Child|27: 157 48 20 9 4 1 
50699|Child|38: 339 81 23 10 4 1 
50702|Child|1: 207 71 24 11 4 1 
50705|Child|2: 390 83 27 10 4 1 
50732|Child|10: 152 57 23 13 4 1 
50779|Random|99: 275 67 23 10 4 1 
50844|Child|2: 181 64 24 9 4 1 
50852|Child|2: 454 216 55 24 9 4 1 
50883|Child|15: 381 83 23 10 4 1 
50886|Child|17: 197 76 27 14 4 1 
50905|Child|1: 206 59 21 10 4 1 
50964|Child|10: 285 79 25 14 4 1 
51039|Child|5: 363 83 24 9 4 1 
51054|Child|21: 314 73 29 9 4 1 
51118|Child|1: 362 81 29 9 4 1 
51119|Child|1: 362 81 29 10 4 1 
51120|Child|2: 335 71 29 10 4 1 
51188|Child|3: 134 60 19 10 4 1 
51297|Child|6: 328 73 24 11 4 1 
51301|Child|24: 328 73 24 9 4 1 
51311|Child|1: 346 71 24 9 4 1 
51359|Random|76: 379 85 30 9 4 1 
51392|Child|1: 138 42 17 10 4 1 
51409|Child|2: 427 163 61 19 10 4 1 
51422|Child|2: 352 93 28 11 4 1 
51425|Random|68: 353 99 27 10 4 1 
51450|Child|3: 430 87 28 13 4 1 
51480|Child|10: 382 103 27 10 4 1 
51517|Random|87: 195 76 27 10 4 1 
51552|Child|18: 335 91 23 10 4 1 
51562|Child|22: 367 80 29 10 4 1 
51567|Random|87: 344 71 23 10 4 1 
51572|Child|2: 479 148 47 23 10 4 1 
51602|Random|87: 457 192 61 23 10 4 1 
51666|Child|4: 179 52 17 10 4 1 
51675|Child|41: 333 76 25 14 4 1 
51692|Child|2: 273 77 23 10 4 1 
51709|Child|2: 142 56 17 10 4 1 
51731|Child|1: 210 65 21 10 4 1 
51745|Child|2: 232 60 19 10 4 1 
51786|Child|1: 163 54 23 10 4 1 
51793|Child|1: 316 71 23 10 4 1 
51798|Child|13: 387 93 23 10 4 1 
51803|Random|71: 364 94 32 13 4 1 
51830|Random|58: 380 87 33 10 4 1 
51835|Child|2: 219 46 21 10 4 1 
51855|Child|2: 340 74 23 10 4 1 
51869|Random|54: 337 77 23 14 4 1 
51891|Child|10: 337 93 37 13 4 1 
51920|Child|9: 343 70 23 13 4 1 
51955|Child|2: 226 66 27 10 4 1 
51958|Child|32: 304 77 24 11 4 1 
51961|Child|1: 335 71 23 10 4 1 
52024|Child|1: 326 68 23 10 4 1 
52058|Child|13: 140 44 19 10 4 1 
52060|Child|20: 215 53 24 9 4 1 
52221|Random|100: 379 83 29 10 4 1 
52228|Child|3: 404 116 27 10 4 1 
52256|Random|57: 364 106 27 10 4 1 
52280|Child|2: 342 77 27 14 4 1 
52307|Random|98: 337 70 24 9 4 1 
52310|Child|38: 348 99 27 14 4 1 
52346|Child|38: 382 92 29 14 4 1 
52353|Random|56: 376 81 32 13 4 1 
52428|Child|32: 440 280 71 24 9 4 1 
52485|Child|15: 333 90 29 10 4 1 
52510|Child|3: 307 75 27 10 4 1 
52529|Child|1: 336 71 23 14 4 1 
52530|Child|1: 336 71 23 13 4 1 
52586|Child|35: 178 52 29 9 4 1 
52653|Child|44: 210 67 23 10 4 1 
52665|Child|12: 321 67 23 10 4 1 
52711|Child|17: 150 45 19 10 4 1 
52715|Child|2: 469 169 71 23 10 4 1 
52720|Child|2: 289 70 23 10 4 1 
52726|Child|1: 221 71 23 10 4 1 
52734|Child|4: 239 67 23 10 4 1 
52759|Child|4: 368 85 27 14 4 1 
52763|Child|15: 208 59 24 9 4 1 
52770|Child|1: 475 146 53 24 9 4 1 
52844|Random|68: 363 100 27 14 4 1 
52861|Child|8: 398 113 32 13 4 1 
53013|Child|1: 146 60 21 10 4 1 
53042|Child|8: 298 78 24 11 4 1 
53066|Child|3: 406 83 29 10 4 1 
53108|Child|2: 323 85 23 14 4 1 
53114|Child|1: 479 192 62 19 10 4 1 
53129|Child|2: 348 71 23 10 4 1 
53133|Child|17: 383 110 29 14 4 1 
53180|Child|2: 217 53 19 10 4 1 
53218|Random|100: 407 187 46 20 9 4 1 
53269|Child|17: 352 86 27 10 4 1 
53279|Random|100: 412 124 50 19 10 4 1 
53292|Random|55: 222 64 23 10 4 1 
53336|Child|3: 489 346 70 29 9 4 1 
53338|Child|2: 206 68 28 9 4 1 
53359|Child|13: 318 68 24 9 4 1 
53370|Child|19: 207 53 17 10 4 1 
53392|Child|3: 141 43 20 9 4 1 
53400|Child|41: 381 80 21 10 4 1 
53507|Child|2: 456 121 43 19 10 4 1 
53522|Child|42: 220 63 23 14 4 1 
53532|Child|1: 362 80 24 11 4 1 
53533|Child|1: 362 80 24 9 4 1 
53552|Child|31: 377 81 23 14 4 1 
53571|Random|94: 189 59 24 9 4 1 
53574|Child|14: 362 92 30 9 4 1 
53624|Child|37: 342 81 28 13 4 1 
53630|Child|2: 487 131 43 19 10 4 1 
53719|Child|1: 374 88 21 10 4 1 
53733|Child|2: 195 60 21 10 4 1 
53740|Random|96: 357 72 27 10 4 1 
53762|Random|84: 469 166 70 21 10 4 1 
53784|Child|1: 319 68 20 9 4 1 
53793|Random|73: 462 156 56 23 8 3 1 
53807|Child|2: 185 53 19 10 4 1 
53916|Child|5: 372 78 31 10 4 1 
53951|Child|30: 202 59 20 9 4 1 
53980|Child|4: 152 52 19 10 4 1 
54047|Random|71: 361 92 27 10 4 1 
54119|Child|17: 415 114 51 20 7 3 1 
54163|Child|2: 271 60 19 10 4 1 
54192|Child|2: 199 55 20 9 4 1 
54247|Random|68: 338 70 21 10 4 1 
54320|Child|11: 333 90 29 14 4 1 
54323|Random|77: 478 186 79 27 10 4 1 
54330|Child|11: 208 64 23 10 4 1 
54331|Child|2: 208 60 19 10 4 1 
54334|Child|10: 331 75 27 10 4 1 
54336|Child|1: 331 75 27 14 4 1 
54392|Child|1: 150 67 21 10 4 1 
54415|Child|2: 223 67 23 10 4 1 
54436|Child|25: 348 77 29 14 4 1 
54441|Child|2: 223 67 23 14 4 1 
54443|Child|19: 200 53 29 9 4 1 
54493|Child|19: 382 90 29 9 4 1 
54496|Child|1: 306 67 23 10 4 1 
54510|Child|2: 205 45 19 10 4 1 
54560|Child|2: 321 77 24 9 4 1 
54642|Child|2: 421 111 48 20 9 4 1 
54643|Child|13: 395 84 29 10 4 1 
54721|Child|6: 352 77 24 9 4 1 
54740|Child|8: 164 56 25 9 4 1 
54823|Child|48: 225 61 23 10 4 1 
54838|Child|1: 165 67 21 10 4 1 
54881|Child|23: 393 80 31 14 4 1 
54941|Child|4: 207 52 24 9 4 1 
54956|Child|34: 144 59 21 10 4 1 
54985|Random|61: 472 149 55 27 10 4 1 
55044|Child|4: 199 61 19 10 4 1 
55101|Child|1: 376 81 23 14 4 1 
55111|Child|1: 376 81 23 10 4 1 
55151|Child|8: 288 62 19 10 4 1 
55158|Child|2: 205 59 21 10 4 1 
55202|Child|1: 141 63 20 9 4 1 
55253|Child|11: 202 62 24 9 4 1 
55268|Child|6: 293 74 28 13 4 1 
55275|Child|17: 196 68 24 9 4 1 
55309|Child|9: 357 77 27 14 4 1 
55323|Child|1: 298 67 23 10 4 1 
55365|Child|2: 201 65 24 9 4 1 
55419|Child|22: 313 97 23 10 4 1 
55495|Child|4: 427 159 56 21 10 4 1 
55562|Child|11: 397 108 31 14 4 1 
55602|Child|19: 197 74 24 9 4 1 
55612|Random|72: 373 77 29 14 4 1 
55647|Child|1: 143 49 21 10 4 1 
55654|Child|1: 226 60 21 10 4 1 
55706|Child|2: 187 57 23 10 4 1 
55728|Child|3: 341 76 31 11 4 1 
55752|Child|36: 368 84 23 13 4 1 
55759|Child|40: 368 84 23 10 4 1 
55795|Child|15: 366 75 29 9 4 1 
55873|Child|2: 313 87 25 14 4 1 
55885|Child|22: 402 87 28 13 4 1 
55910|Child|2: 444 176 45 19 10 4 1 
55941|Child|1: 142 57 21 10 4 1 
55952|Child|5: 317 65 24 9 4 1 
56014|Random|75: 297 82 24 9 4 1 
56028|Child|2: 498 154 46 21 10 4 1 
56033|Child|2: 142 52 17 10 4 1 
56066|Child|1: 207 51 19 10 4 1 
56124|Child|34: 393 84 23 10 4 1 
56142|Child|2: 343 71 25 14 4 1 
56163|Child|21: 151 55 19 13 4 1 
56209|Child|8: 363 81 28 13 4 1 
56239|Child|46: 297 65 27 10 4 1 
56263|Child|2: 185 68 23 10 4 1 
56341|Child|16: 329 70 23 13 4 1 
56381|Child|2: 183 62 24 9 4 1 
56435|Child|22: 217 55 24 9 4 1 
56462|Child|26: 150 58 21 10 4 1 
56480|Child|1: 222 68 24 9 4 1 
56481|Child|2: 198 53 21 9 4 1 
56484|Random|62: 285 82 27 10 4 1 
56488|Child|8: 358 92 28 11 4 1 
56489|Child|1: 358 92 28 13 4 1 
56511|Child|48: 192 70 21 10 4 1 
56591|Child|1: 173 63 19 10 4 1 
56598|Child|2: 194 62 19 10 4 1 
56625|Child|2: 401 94 32 13 4 1 
56634|Child|10: 137 57 21 10 4 1 
56689|Child|39: 460 147 61 24 9 4 1 
56734|Child|36: 368 79 28 13 4 1 
56806|Child|1: 220 71 23 10 4 1 
56874|Child|1: 216 62 19 10 4 1 
56895|Random|97: 402 90 28 13 4 1 
56912|Child|7: 364 86 27 10 4 1 
56916|Child|1: 207 62 19 10 4 1 
56920|Random|60: 325 67 21 10 4 1 
56921|Child|2: 129 51 19 10 4 1 
56950|Child|15: 322 73 23 13 4 1 
56997|Child|4: 186 61 19 10 4 1 
57049|Child|7: 414 86 27 10 4 1 
57069|Child|1: 212 61 23 10 3 1 
57083|Child|1: 142 59 19 10 4 1 
57093|Child|4: 378 77 29 9 4 1 
57105|Child|22: 367 90 23 13 4 1 
57142|Child|14: 342 70 19 10 4 1 
57152|Child|18: 227 69 28 11 4 1 
57156|Random|78: 314 68 23 10 4 1 
57162|Random|60: 212 60 21 10 4 1 
57175|Child|2: 478 233 67 23 10 4 1 
57205|Child|2: 427 161 47 23 10 4 1 
57250|Child|2: 330 73 25 14 4 1 
57272|Random|68: 327 71 24 9 4 1 
57361|Child|1: 351 77 25 14 4 1 
57418|Child|2: 184 42 19 10 4 1 
57440|Child|50: 331 90 27 14 4 1 
57450|Child|16: 353 73 27 10 4 1 
57467|Child|1: 202 70 23 10 4 1 
57513|Child|1: 210 63 20 9 4 1 
57521|Child|34: 289 62 27 10 4 1 
57535|Child|5: 150 43 19 10 4 1 
57556|Child|43: 183 54 20 9 4 1 
57630|Child|1: 334 89 27 10 4 1 
57631|Child|2: 222 59 21 10 4 1 
57702|Random|82: 391 85 25 14 4 1 
57726|Child|2: 187 71 19 10 4 1 
57729|Child|28: 377 82 27 10 4 1 
57730|Child|18: 474 331 73 27 10 4 1 
57785|Child|8: 203 51 19 10 4 1 
57799|Child|2: 313 70 19 10 4 1 
57812|Child|2: 177 54 20 9 4 1 
57875|Child|1: 320 77 21 10 4 1 
57876|Child|2: 146 63 19 10 4 1 
57888|Child|1: 354 77 24 9 4 1 
57893|Child|1: 490 204 53 24 9 4 1 
57894|Child|36: 369 80 23 10 4 1 
57897|Child|5: 324 72 19 10 4 1 
57911|Child|4: 483 316 66 21 10 4 1 
57944|Child|2: 325 72 29 9 4 1 
58003|Child|2: 221 50 23 10 4 1 
58004|Random|99: 235 74 24 9 4 1 
58023|Child|17: 224 47 23 10 4 1 
58064|Random|94: 306 73 23 13 4 1 
58119|Child|12: 143 61 19 10 4 1 
58120|Child|3: 343 96 29 14 4 1 
58156|Random|86: 382 77 23 14 4 1 
58184|Child|9: 137 45 21 10 4 1 
58197|Child|10: 392 80 27 10 4 1 
58254|Child|1: 374 85 26 10 3 1 
58282|Random|98: 395 99 27 10 4 1 
58310|Random|90: 304 69 27 10 4 1 
58358|Child|3: 206 72 19 10 4 1 
58363|Child|44: 433 92 27 10 4 1 
58374|Child|40: 296 86 23 14 4 1 
58383|Random|71: 339 68 24 9 4 1 
58412|Child|2: 457 183 59 21 10 4 1 
58431|Child|2: 340 71 23 14 4 1 
58450|Child|24: 158 52 19 10 4 1 
58470|Child|1: 332 68 23 10 4 1 
58494|Child|3: 363 77 24 11 4 1 
58507|Child|25: 380 78 23 10 4 1 
58554|Child|3: 332 77 24 9 4 1 
58572|Child|2: 329 78 25 9 4 1 
58587|Child|27: 212 64 29 9 4 1 
58606|Child|2: 217 50 21 10 4 1 
58611|Child|8: 315 68 24 9 4 1 
58617|Random|63: 331 87 27 14 4 1 
58634|Random|55: 481 195 59 20 9 4 1 
58661|Child|31: 181 59 24 9 4 1 
58698|Child|1: 215 51 19 10 4 1 
58726|Child|35: 462 106 31 14 4 1 
58755|Child|15: 415 91 31 14 4 1 
58827|Child|3: 217 58 23 10 4 1 
58871|Child|1: 213 59 21 10 4 1 
58872|Child|2: 451 173 49 21 10 4 1 
58883|Child|6: 187 54 23 10 4 1 
58940|Child|3: 204 64 23 10 4 1 
58943|Random|63: 317 70 24 9 4 1 
58979|Child|3: 328 77 21 10 4 1 
59022|Random|95: 484 197 48 20 9 4 1 
59085|Child|1: 327 69 21 10 4 1 
59088|Child|2: 175 57 21 10 4 1 
59094|Child|50: 213 56 17 10 4 1 
59166|Child|16: 193 72 27 10 4 1 
59203|Child|1: 221 62 19 10 4 1 
59229|Child|2: 149 67 23 10 4 1 
59255|Random|58: 367 96 31 10 4 1 
59256|Child|2: 380 89 27 10 4 1 
59257|Child|2: 211 62 19 10 4 1 
59277|Child|2: 196 64 24 9 4 1 
59306|Child|5: 307 72 23 14 4 1 
59346|Child|49: 205 56 21 10 4 1 
59500|Child|23: 284 67 23 10 4 1 
59504|Child|35: 187 44 23 10 4 1 
59536|Child|8: 305 70 24 9 4 1 
59547|Child|8: 390 93 27 10 4 1 
59549|Random|69: 347 107 32 13 4 1 
59577|Child|27: 368 79 33 9 4 1 
59592|Child|20: 338 75 29 14 4 1 
59672|Child|2: 316 74 23 10 4 1 
59707|Child|14: 359 72 23 14 4 1 
59736|Child|35: 345 81 23 14 4 1 
59741|Child|19: 359 73 27 10 4 1 
59835|Child|1: 358 77 23 10 4 1 
59836|Child|2: 327 67 23 10 4 1 
59839|Child|22: 358 77 23 13 4 1 
59841|Child|2: 327 67 23 13 4 1 
59869|Child|1: 428 86 27 14 4 1 
59887|Child|1: 314 67 24 11 4 1 
59888|Child|1: 314 67 24 9 4 1 
59930|Child|2: 144 51 19 10 4 1 
60006|Child|1: 135 56 21 10 4 1 
60034|Child|1: 466 170 69 24 11 4 1 
60054|Child|15: 392 81 23 14 4 1 
60080|Child|19: 207 49 21 10 4 1 
60112|Child|3: 204 59 20 9 4 1 
60120|Child|21: 210 61 24 9 4 1 
60127|Child|11: 370 108 29 14 4 1 
60162|Random|85: 141 55 23 10 4 1 
60166|Random|74: 203 56 27 10 4 1 
60170|Child|1: 350 91 29 14 4 1 
60181|Child|27: 228 70 24 9 4 1 
60293|Random|85: 457 140 41 19 10 4 1 
60343|Child|1: 146 43 19 10 4 1 
60393|Child|2: 327 71 21 10 4 1 
60490|Random|57: 367 83 27 10 4 1 
60560|Random|65: 401 84 25 14 4 1 
60562|Child|1: 201 71 23 10 4 1 
60674|Random|66: 329 81 29 10 4 1 
60693|Child|25: 361 97 28 11 4 1 
60706|Child|1: 142 52 20 9 4 1 
60708|Child|16: 395 81 23 13 4 1 
60730|Child|32: 145 67 23 10 4 1 
60733|Random|52: 377 89 28 13 4 1 
60737|Child|1: 190 73 23 10 4 1 
60742|Child|2: 200 67 23 10 4 1 
60781|Random|96: 323 69 21 10 4 1 
60810|Child|1: 373 93 28 11 4 1 
60818|Child|7: 333 74 25 14 4 1 
60823|Child|1: 333 74 25 9 4 1 
60824|Child|36: 360 80 23 13 4 1 
60869|Child|27: 477 363 76 29 14 4 1 
60899|Child|1: 329 73 24 9 4 1 
60906|Child|2: 370 83 27 10 4 1 
60911|Child|5: 333 77 27 14 4 1 
60920|Child|1: 148 52 19 10 4 1 
60949|Child|2: 334 67 21 10 4 1 
60961|Child|1: 376 100 28 13 4 1 
60999|Child|11: 324 73 24 9 4 1 
61005|Child|4: 203 65 25 9 4 1 
61018|Child|17: 203 58 23 10 4 1 
61051|Child|1: 235 65 24 9 4 1 
61072|Child|39: 437 91 29 14 4 1 
61073|Child|1: 437 91 29 10 4 1 
61116|Child|29: 177 79 25 14 4 1 
61142|Child|24: 375 85 32 13 4 1 
61167|Child|37: 435 92 27 10 4 1 
61177|Child|1: 205 53 19 10 4 1 
61180|Child|22: 200 55 19 13 4 1 
61187|Child|8: 353 83 23 13 4 1 
61204|Child|6: 367 79 25 14 4 1 
61219|Child|2: 448 128 43 20 9 4 1 
61257|Child|12: 183 52 29 9 4 1 
61274|Child|6: 213 63 19 10 4 1 
61275|Child|2: 454 115 41 19 10 4 1 
61315|Child|45: 221 57 20 9 4 1 
61321|Child|7: 383 81 28 13 4 1 
61423|Child|2: 205 54 23 10 4 1 
61424|Child|2: 191 81 23 10 4 1 
61426|Child|18: 231 71 23 10 4 1 
61428|Random|56: 202 66 21 10 4 1 
61443|Child|12: 348 70 29 9 4 1 
61472|Child|16: 386 98 32 13 4 1 
61523|Child|9: 381 89 31 14 4 1 
61551|Child|2: 397 162 44 23 10 4 1 
61557|Child|22: 452 231 57 23 10 4 1 
61569|Child|1: 357 76 25 14 4 1 
61586|Child|1: 216 57 20 9 4 1 
61615|Child|34: 204 62 24 11 4 1 
61631|Child|8: 415 94 28 13 4 1 
61652|Child|18: 310 84 23 10 4 1 
61691|Child|12: 460 299 60 28 11 4 1 
61710|Random|86: 226 70 24 9 4 1 
61740|Child|1: 383 77 23 14 4 1 
61757|Child|2: 474 176 52 19 10 4 1 
61773|Child|2: 390 80 23 10 4 1 
61774|Child|1: 390 80 23 14 4 1 
61830|Child|2: 200 59 21 10 4 1 
61851|Random|65: 318 79 25 14 4 1 
61868|Child|2: 475 179 48 21 10 4 1 
61922|Child|39: 322 73 27 10 4 1 
61931|Child|36: 188 77 21 10 4 1 
61935|Child|19: 175 72 19 10 4 1 
61937|Child|7: 386 87 33 10 4 1 
61942|Child|1: 175 60 19 10 4 1 
61981|Child|14: 379 79 24 9 4 1 
62040|Child|1: 387 84 23 10 4 1 
62043|Random|87: 224 73 24 9 4 1 
62118|Child|24: 197 59 21 10 4 1 
62144|Child|2: 333 72 19 10 4 1 
62191|Child|3: 208 59 19 13 4 1 
62203|Child|2: 146 47 23 10 4 1 
62205|Child|10: 379 83 27 10 4 1 
62275|Child|1: 367 80 24 11 4 1 
62278|Child|17: 367 80 24 9 4 1 
62279|Child|4: 308 70 23 13 4 1 
62282|Child|1: 433 160 53 19 10 4 1 
62300|Child|33: 204 49 21 10 4 1 
62307|Random|87: 447 129 45 20 9 4 1 
62315|Child|4: 141 63 19 10 4 1 
62320|Random|59: 199 71 23 10 4 1 
62411|Child|2: 191 79 21 10 4 1 
62558|Child|1: 210 66 20 9 4 1 
62648|Child|1: 468 169 58 23 10 4 1 
62678|Child|18: 381 81 23 13 4 1 
62733|Child|2: 202 60 17 10 4 1 
62736|Child|12: 329 69 25 9 4 1 
62766|Child|2: 342 77 21 10 4 1 
62774|Child|1: 342 73 27 10 4 1 
62776|Random|83: 188 58 23 10 4 1 
62779|Child|18: 174 51 19 10 4 1 
62891|Child|8: 196 72 19 10 4 1 
62917|Child|32: 301 71 23 10 4 1 
62920|Child|15: 394 89 28 13 4 1 
62924|Child|2: 301 71 23 14 4 1 
62951|Child|1: 195 68 21 10 4 1 
62975|Child|11: 371 81 32 13 4 1 
63026|Random|99: 154 60 19 10 4 1 
63046|Child|1: 211 61 19 10 4 1 
63072|Child|24: 354 82 24 9 4 1 
63076|Random|84: 425 90 29 9 4 1 
63113|Child|1: 443 141 48 20 9 4 1 
63118|Child|2: 383 91 29 14 4 1 
63208|Child|1: 363 94 23 10 4 1 
63244|Random|95: 169 58 23 10 4 1 
63294|Child|6: 365 81 25 9 4 1 
63300|Child|1: 371 84 25 14 4 1 
63329|Child|1: 332 70 19 10 4 1 
63415|Random|86: 471 190 49 24 9 4 1 
63434|Random|90: 483 352 78 21 10 4 1 
63446|Child|30: 319 72 27 11 4 1 
63486|Child|2: 309 72 19 10 4 1 
63499|Random|86: 128 53 19 10 4 1 
63565|Child|24: 206 75 24 11 4 1 
63599|Child|26: 327 77 27 14 4 1 
63725|Child|2: 192 58 23 10 4 1 
63757|Child|2: 208 68 23 10 4 1 
63772|Child|26: 299 79 27 10 4 1 
63790|Child|6: 157 43 17 10 4 1 
63798|Child|17: 364 82 24 11 4 1 
63816|Child|1: 131 43 19 10 4 1 
63842|Child|23: 322 70 23 10 4 1 
63865|Child|18: 366 76 25 14 4 1 
63882|Child|2: 448 143 42 19 10 4 1 
63886|Child|6: 287 68 20 9 4 1 
63965|Child|1: 460 180 53 19 10 4 1 
63969|Child|7: 393 81 29 9 4 1 
63976|Child|17: 393 81 29 14 4 1 
63980|Child|1: 450 105 32 13 4 1 
63995|Child|40: 357 97 29 14 4 1 
64006|Random|75: 469 302 64 33 9 4 1 
64058|Child|2: 206 54 19 10 4 1 
64076|Child|32: 287 63 19 10 4 1 
64093|Child|2: 342 70 27 10 4 1 
64118|Random|64: 418 165 53 19 10 4 1 
64158|Child|12: 346 72 20 9 4 1 
64164|Child|3: 189 50 19 10 4 1 
64169|Random|91: 366 74 29 10 4 1 
64300|Child|1: 211 51 23 10 4 1 
64345|Child|10: 195 74 23 10 4 1 
64373|Child|49: 224 57 23 10 4 1 
64403|Child|4: 472 146 53 17 10 4 1 
64432|Child|3: 193 70 24 9 4 1 
64449|Child|2: 154 61 19 10 4 1 
64495|Child|2: 191 56 17 10 4 1 
64539|Child|15: 371 81 28 13 4 1 
64553|Child|9: 435 94 28 13 4 1 
64593|Child|1: 173 67 21 10 4 1 
64609|Child|14: 195 47 23 13 4 1 
64650|Random|71: 393 107 28 13 4 1 
64681|Random|94: 197 68 24 9 4 1 
64695|Child|38: 369 84 25 14 4 1 
64703|Child|5: 409 89 28 13 4 1 
64713|Child|23: 326 81 29 14 4 1 
64716|Child|4: 326 81 29 10 4 1 
64764|Child|10: 339 77 29 14 4 1 
64769|Child|14: 371 84 29 10 4 1 
64772|Child|2: 153 61 19 10 4 1 
64821|Child|1: 150 59 21 10 4 1 
64839|Child|1: 239 59 21 10 4 1 
64851|Child|2: 482 146 39 21 10 4 1 
64895|Child|26: 478 141 56 25 9 4 1 
64925|Child|10: 135 47 23 10 4 1 
64931|Child|8: 210 57 23 13 4 1 
64934|Child|3: 154 54 19 10 4 1 
64959|Child|3: 202 81 19 10 4 1 
64966|Child|18: 317 70 19 10 4 1 
64981|Child|1: 306 70 21 10 4 1 
65001|Child|14: 365 106 29 14 4 1 
65013|Child|7: 464 189 52 20 9 4 1 
65015|Child|40: 214 52 24 9 4 1 
65018|Child|1: 197 58 21 10 4 1 
65025|Child|1: 354 82 28 11 4 1 
65030|Child|2: 321 77 28 11 4 1 
65035|Child|27: 292 77 23 14 4 1 
65042|Child|1: 370 79 28 13 4 1 
65211|Child|2: 461 160 66 21 10 4 1 
65226|Child|24: 444 100 27 14 4 1 
65230|Child|3: 374 80 21 10 4 1 
65233|Child|3: 416 100 31 10 4 1 
65275|Child|1: 158 70 21 10 4 1 
65283|Child|2: 379 89 24 9 4 1 
65319|Child|2: 149 63 19 10 4 1 
65362|Child|4: 423 92 32 13 4 1 
65382|Random|99: 330 75 27 10 4 1 
65388|Child|31: 321 70 23 13 4 1 
65395|Random|73: 342 79 28 13 4 1 
65408|Random|98: 209 63 27 10 4 1 
65422|Child|42: 207 46 21 10 4 1 
65438|Child|1: 342 80 21 10 4 1 
65454|Child|2: 219 60 19 10 4 1 
65488|Child|17: 328 70 19 10 4 1 
65513|Random|56: 299 74 24 9 4 1 
65548|Child|2: 277 71 23 10 4 1 
65588|Child|4: 150 52 17 10 4 1 
65634|Child|2: 222 70 21 10 4 1 
65640|Child|2: 238 67 21 10 4 1 
65649|Child|2: 311 67 21 10 4 1 
65656|Child|3: 312 72 27 10 4 1 
65657|Child|4: 155 54 19 10 4 1 
65665|Child|26: 326 97 24 9 4 1 
65690|Child|7: 137 55 20 9 4 1 
65692|Child|4: 331 74 23 10 4 1 
65725|Child|1: 444 174 43 20 9 4 1 
65727|Child|4: 174 61 23 10 4 1 
65747|Child|17: 312 73 30 9 4 1 
65780|Child|48: 321 68 28 13 4 1 
65826|Child|50: 350 90 23 10 4 1 
65828|Child|20: 343 73 24 9 4 1 
65886|Child|24: 343 74 23 10 4 1 
65901|Child|1: 308 62 24 9 4 1 
65919|Random|66: 365 88 30 9 4 1 
65936|Random|64: 210 76 24 9 4 1 
65942|Child|2: 306 69 21 10 4 1 
66080|Random|51: 333 78 23 10 4 1 
66100|Child|2: 196 56 17 10 4 1 
66229|Child|3: 210 79 24 9 4 1 
66240|Child|48: 319 73 24 9 4 1 
66288|Random|60: 490 133 55 21 10 4 1 
66302|Child|8: 138 51 19 10 4 1 
66309|Child|14: 228 69 27 10 4 1 
66323|Child|21: 345 79 24 9 4 1 
66329|Child|36: 360 76 25 14 4 1 
66366|Child|2: 357 75 28 11 4 1 
66376|Child|25: 349 71 23 13 4 1 
66377|Child|1: 349 71 23 10 4 1 
66380|Child|9: 199 52 24 9 4 1 
66386|Child|5: 348 72 23 14 4 1 
66400|Child|25: 312 65 25 14 4 1 
66477|Child|47: 369 101 25 14 4 1 
66497|Child|4: 215 57 23 10 4 1 
66513|Child|46: 341 70 27 10 4 1 
66518|Random|52: 201 77 23 10 4 1 
66521|Random|51: 190 43 24 9 4 1 
66522|Random|55: 204 61 24 9 4 1 
66535|Random|64: 323 86 27 14 4 1 
66542|Child|31: 368 83 33 14 4 1 
66599|Child|1: 157 57 23 10 4 1 
66671|Child|6: 327 80 23 10 4 1 
66751|Child|15: 350 92 28 11 4 1 
66776|Child|15: 363 79 27 11 4 1 
66785|Child|21: 324 71 28 11 4 1 
66800|Child|2: 334 72 19 10 4 1 
66816|Child|26: 303 77 21 10 4 1 
66819|Child|20: 290 70 29 9 4 1 
66839|Child|17: 352 86 31 10 4 1 
66932|Random|58: 393 113 50 19 10 4 1 
66949|Child|3: 124 51 19 10 4 1 
66990|Child|2: 328 71 30 9 4 1 
67008|Child|3: 189 73 25 14 4 1 
67100|Random|85: 208 62 24 9 4 1 
67124|Child|15: 346 80 23 13 4 1 
67137|Child|3: 294 67 24 9 4 1 
67142|Random|60: 370 85 25 14 4 1 
