16|Survivor|2: 1503 488 187 72 27 10 4 1 
23|Survivor|2: 1723 488 187 72 27 10 4 1 
27|Child|17|Mutated: 1723 488 179 72 27 10 4 1 
32|Survivor|8|Mutated: 1762 488 187 72 27 10 4 1 
33|Survivor|2: 1750 488 187 72 27 10 4 1 
38|Child|9|Mutated: 1618 488 187 72 27 10 4 1 
48|Survivor|2: 1750 404 163 72 27 10 4 1 
52|Child|24|Mutated: 1750 479 187 72 27 10 4 1 
53|Child|12|Mutated: 1750 422 177 72 27 10 4 1 
62|Survivor|6|Mutated: 1890 488 187 72 27 10 4 1 
64|Child|23|Mutated: 1693 488 187 72 27 10 4 1 
74|Survivor|10|Mutated: 1750 488 150 72 27 10 4 1 
83|Child|44|Mutated: 1834 488 187 72 27 10 4 1 
116|Child|39|Mutated: 1750 440 187 72 27 10 4 1 
129|Child|18|Mutated: 1686 488 187 72 27 10 4 1 
147|Child|31|Mutated: 1750 488 192 72 27 10 4 1 
154|Survivor|2|Mutated: 1750 488 186 72 27 10 4 1 
157|Survivor|10|Mutated: 1772 488 187 72 27 10 4 1 
169|Survivor|1: 1810 440 187 72 27 10 4 1 
176|Child|24|Mutated: 1750 488 177 72 27 10 4 1 
182|Child|10|Mutated: 1750 467 187 72 27 10 4 1 
183|Child|38|Mutated: 1750 488 166 72 27 10 4 1 
187|Child|46|Mutated: 1814 488 187 72 27 10 4 1 
200|Survivor|1|Mutated: 1750 404 187 72 27 10 4 1 
207|Child|23|Mutated: 1650 488 187 66 27 10 4 1 
209|Survivor|8|Mutated: 1814 488 187 66 27 10 4 1 
233|Child|34|Mutated: 1810 488 187 66 27 10 4 1 
249|Child|30|Mutated: 1814 434 187 66 27 10 4 1 
267|Survivor|1: 1814 488 160 66 27 10 4 1 
270|Child|34|Mutated: 1720 488 187 66 27 10 4 1 
277|Survivor|4|Mutated: 1814 474 187 66 27 10 4 1 
283|Child|16|Mutated: 1779 488 187 66 27 10 4 1 
312|Child|4|Mutated: 1675 488 187 66 27 10 4 1 
313|Child|29|Mutated: 1693 488 187 66 27 10 4 1 
331|Child|44|Mutated: 1628 488 187 66 27 10 4 1 
343|Child|24|Mutated: 1723 488 187 66 27 10 4 1 
356|Child|17|Mutated: 1759 488 187 66 27 10 4 1 
369|Child|48|Mutated: 1749 488 187 66 27 10 4 1 
375|Child|43|Mutated: 1675 472 187 66 27 10 4 1 
376|Survivor|2|Mutated: 1764 488 187 66 27 10 4 1 
383|Survivor|4|Mutated: 1722 488 187 66 27 10 4 1 
429|Child|42|Mutated: 1768 488 187 66 27 10 4 1 
432|Child|26|Mutated: 1790 488 187 66 27 10 4 1 
442|Child|34|Mutated: 1703 488 187 66 27 10 4 1 
445|Child|19|Mutated: 1586 488 187 66 27 10 4 1 
450|Child|7: 1698 488 187 66 27 10 4 1 
483|Survivor|5|Mutated: 1709 488 187 66 27 10 4 1 
492|Child|47|Mutated: 1816 488 187 66 27 10 4 1 
512|Child|10|Mutated: 1501 392 187 66 27 10 4 1 
515|Child|48|Mutated: 1675 488 175 66 27 10 4 1 
533|Child|4|Mutated: 1675 431 187 66 27 10 4 1 
606|Child|25|Mutated: 1632 488 187 66 27 10 4 1 
609|Survivor|7|Mutated: 1705 488 187 66 27 10 4 1 
629|Child|46|Mutated: 1675 410 187 66 27 10 4 1 
652|Child|23|Mutated: 1660 488 187 66 27 10 4 1 
656|Child|12|Mutated: 1756 488 187 66 27 10 4 1 
662|Child|27|Mutated: 1729 488 187 66 27 10 4 1 
699|Survivor|9|Mutated: 1616 488 187 66 27 10 4 1 
730|Child|21|Mutated: 1805 488 187 66 27 10 4 1 
747|Child|42|Mutated: 1746 488 187 66 27 10 4 1 
759|Child|10|Mutated: 1726 488 187 66 27 10 4 1 
760|Child|47|Mutated: 1665 488 187 66 27 10 4 1 
761|Child|16|Mutated: 1647 488 187 66 27 10 4 1 
770|Child|26|Mutated: 1675 394 187 66 27 10 4 1 
791|Child|19: 1776 488 187 66 27 10 4 1 
804|Child|21|Mutated: 1726 413 194 66 27 10 4 1 
843|Child|21|Mutated: 1726 422 187 66 27 10 4 1 
856|Child|5|Mutated: 1726 454 187 73 27 10 4 1 
874|Survivor|9|Mutated: 1794 488 187 66 27 10 4 1 
884|Child|44|Mutated: 1691 488 187 66 27 10 4 1 
936|Child|44|Mutated: 1878 488 187 66 27 10 4 1 
942|Child|22|Mutated: 1846 488 187 66 27 10 4 1 
992|Child|4|Mutated: 1737 488 187 66 27 10 4 1 
994|Survivor|3|Mutated: 1617 488 187 66 27 10 4 1 
1008|Child|14|Mutated: 1763 461 187 66 27 10 4 1 
1015|Child|32|Mutated: 1869 488 187 66 27 10 4 1 
1027|Child|26|Mutated: 1841 488 187 66 27 10 4 1 
1033|Child|10|Mutated: 1636 488 187 66 27 10 4 1 
1088|Child|12|Mutated: 1679 488 187 66 27 10 4 1 
1113|Child|11|Mutated: 1644 488 187 66 27 10 4 1 
1116|Child|8|Mutated: 1755 488 187 66 27 10 4 1 
1119|Child|43|Mutated: 1726 419 187 66 27 10 4 1 
1140|Child|19|Mutated: 1829 488 187 66 27 10 4 1 
1147|Child|5|Mutated: 1726 488 199 62 27 10 4 1 
1168|Survivor|5|Mutated: 1770 488 187 66 27 10 4 1 
1179|Child|12|Mutated: 1726 488 160 66 27 10 4 1 
1191|Child|15|Mutated: 1831 488 187 66 27 10 4 1 
1207|Child|22|Mutated: 1797 488 187 66 27 10 4 1 
1252|Child|27|Mutated: 1708 488 187 66 27 10 4 1 
1281|Child|18|Mutated: 1593 488 187 66 27 10 4 1 
1315|Child|21|Mutated: 1598 488 187 66 27 10 4 1 
1339|Child|7|Mutated: 1692 488 187 66 27 10 4 1 
1351|Child|46|Mutated: 1848 488 187 66 27 10 4 1 
1370|Survivor|9|Mutated: 1793 488 187 66 27 10 4 1 
1401|Child|43|Mutated: 1726 392 187 66 27 10 4 1 
1406|Survivor|2|Mutated: 1716 488 187 66 27 10 4 1 
1467|Child|13|Mutated: 1730 488 187 66 27 10 4 1 
1486|Survivor|1|Mutated: 1728 488 175 66 27 10 4 1 
1500|Child|41|Mutated: 1821 488 187 66 27 10 4 1 
1524|Child|34|Mutated: 1726 410 187 66 27 10 4 1 
1547|Child|29|Mutated: 1726 424 177 66 27 10 4 1 
1556|Survivor|9|Mutated: 1809 488 187 66 27 10 4 1 
1561|Child|13|Mutated: 1726 488 187 72 27 10 4 1 
1632|Child|36|Mutated: 1625 488 187 66 27 10 4 1 
1637|Child|7|Mutated: 1726 488 175 66 27 10 4 1 
1651|Child|40|Mutated: 1672 488 187 66 27 10 4 1 
1652|Survivor|2: 1728 488 187 66 27 10 4 1 
1663|Child|6|Mutated: 1726 421 187 66 27 10 4 1 
1678|Child|12: 1857 488 187 66 27 10 4 1 
1685|Child|16|Mutated: 1788 421 173 66 27 10 4 1 
1702|Child|22|Mutated: 1750 488 187 66 27 10 4 1 
1704|Child|3|Mutated: 1796 488 187 66 27 10 4 1 
1707|Child|44|Mutated: 1796 541 163 66 27 10 4 1 
1722|Child|5|Mutated: 1726 477 187 62 27 10 4 1 
1729|Child|18|Mutated: 1421 488 187 66 27 10 4 1 
1731|Child|33|Mutated: 1564 488 187 66 27 10 4 1 
1739|Child|32|Mutated: 1702 488 177 66 27 10 4 1 
1758|Child|50|Mutated: 1748 488 187 66 27 10 4 1 
1791|Child|45|Mutated: 1741 488 187 66 27 10 4 1 
1793|Survivor|3: 1707 488 187 66 27 10 4 1 
1818|Child|28|Mutated: 1791 488 187 66 27 10 4 1 
1871|Survivor|10|Mutated: 1696 488 187 66 27 10 4 1 
1886|Child|11|Mutated: 1707 488 175 66 27 10 4 1 
1896|Child|12: 1779 488 175 66 27 10 4 1 
1903|Child|22|Mutated: 1707 543 175 66 27 10 4 1 
1906|Child|11|Mutated: 1689 488 175 66 27 10 4 1 
1916|Child|49|Mutated: 1707 546 175 66 27 10 4 1 
1940|Child|4|Mutated: 1707 491 175 66 27 10 4 1 
1952|Child|21|Mutated: 1849 488 175 66 27 10 4 1 
1961|Child|9|Mutated: 1813 488 175 66 27 10 4 1 
1986|Child|10|Mutated: 1707 469 175 66 27 10 4 1 
2013|Child|10|Mutated: 1744 488 175 66 27 10 4 1 
2023|Child|17|Mutated: 1716 488 175 66 27 10 4 1 
2037|Child|2|Mutated: 1707 442 158 66 27 10 4 1 
2052|Child|36|Mutated: 1799 488 175 66 27 10 4 1 
2056|Survivor|9: 1707 488 176 69 27 10 4 1 
2062|Survivor|5|Mutated: 1753 488 175 66 27 10 4 1 
2090|Child|10|Mutated: 1667 488 175 66 27 10 4 1 
2104|Survivor|5|Mutated: 1707 480 175 66 27 10 4 1 
2116|Survivor|4|Mutated: 1707 461 175 66 27 10 4 1 
2122|Child|12|Mutated: 1707 516 175 66 27 10 4 1 
2123|Child|28|Mutated: 1707 464 175 66 27 10 4 1 
2131|Child|6|Mutated: 1707 399 175 66 27 10 4 1 
2158|Child|10|Mutated|Validated: 1772 488 175 66 27 10 4 1 
2165|Child|27|Mutated: 1707 398 175 66 27 10 4 1 
2180|Child|39|Mutated: 1707 488 160 66 27 10 4 1 
2216|Child|1|Mutated: 1842 488 175 66 27 10 4 1 
2219|Child|46|Mutated|Validated: 1778 488 175 66 27 10 4 1 
2242|Child|38|Mutated: 1782 488 175 66 27 10 4 1 
2245|Child|29|Mutated: 1736 488 175 66 27 10 4 1 
2253|Child|49|Mutated: 1504 398 175 66 27 10 4 1 
2257|Child|8|Mutated: 1654 488 175 66 27 10 4 1 
2299|Child|30|Mutated: 1723 488 175 66 27 10 4 1 
2303|Child|43|Mutated: 1880 488 175 66 27 10 4 1 
2329|Child|8|Mutated: 1699 488 175 66 27 10 4 1 
2346|Survivor|7|Mutated: 1707 528 175 73 27 10 4 1 
2348|Child|31|Mutated: 1862 488 175 66 27 10 4 1 
2361|Child|23|Mutated: 1821 488 175 66 27 10 4 1 
2375|Survivor|8|Mutated: 1805 488 175 66 27 10 4 1 
2416|Child|30|Mutated: 1633 488 175 66 27 10 4 1 
2442|Child|44|Mutated: 1707 476 175 66 27 10 4 1 
2460|Survivor|4|Mutated: 1749 488 175 66 27 10 4 1 
2475|Child|26|Mutated: 1830 488 175 66 27 10 4 1 
2480|Child|25|Mutated: 1707 540 182 66 27 10 4 1 
2482|Survivor|4|Mutated: 1712 488 175 66 27 10 4 1 
2496|Child|20|Mutated: 1595 488 175 66 27 10 4 1 
2505|Child|25|Mutated: 1708 488 175 66 27 10 4 1 
2529|Survivor|4|Mutated: 1707 391 175 66 27 10 4 1 
2544|Survivor|2: 1706 488 175 66 27 10 4 1 
2545|Child|18|Mutated: 1711 488 175 66 27 10 4 1 
2559|Survivor|1|Mutated: 1631 488 175 66 27 10 4 1 
2561|Child|18: 1677 488 175 66 27 10 4 1 
2600|Child|21|Mutated: 1770 488 175 66 27 10 4 1 
2640|Child|8: 1630 488 175 66 27 10 4 1 
2649|Child|18|Mutated: 1707 468 175 66 27 10 4 1 
2669|Child|46|Mutated|Validated: 1643 488 175 66 27 10 4 1 
2730|Child|6|Mutated: 1756 488 175 66 27 10 4 1 
2764|Survivor|2|Mutated: 1680 488 175 66 27 10 4 1 
2766|Child|31|Mutated: 1615 488 175 66 27 10 4 1 
2768|Child|43|Mutated: 1720 488 175 66 27 10 4 1 
2866|Child|29|Mutated: 1707 431 180 66 27 10 4 1 
2884|Child|1|Mutated: 1787 488 175 66 27 10 4 1 
2891|Child|6|Mutated: 1707 437 175 66 27 10 4 1 
2919|Survivor|8|Mutated: 1776 488 175 66 27 10 4 1 
2937|Child|24|Mutated: 1707 445 175 66 27 10 4 1 
2943|Child|2|Mutated: 1670 488 175 66 27 10 4 1 
2955|Survivor|1|Mutated: 1467 411 175 66 27 10 4 1 
3021|Survivor|9|Mutated: 1836 488 175 66 27 10 4 1 
3031|Survivor|1|Mutated: 1592 488 175 66 27 10 4 1 
3071|Child|32|Mutated: 1609 488 175 66 27 10 4 1 
3088|Child|47|Mutated: 1745 488 175 66 27 10 4 1 
3098|Child|16|Mutated: 1707 465 175 66 27 10 4 1 
3130|Child|24|Mutated: 1807 488 175 66 27 10 4 1 
3134|Child|29|Mutated: 1696 488 175 66 27 10 4 1 
3167|Child|11|Mutated: 1556 488 175 66 27 10 4 1 
3175|Child|9|Mutated: 1652 488 175 66 27 10 4 1 
3179|Child|34|Mutated: 1783 488 175 66 27 10 4 1 
3201|Child|20|Mutated: 1714 488 175 66 27 10 4 1 
3218|Child|32|Mutated: 1795 488 175 66 27 10 4 1 
3243|Child|11|Mutated: 1909 538 175 66 27 10 4 1 
3258|Child|6|Mutated: 1707 477 175 66 27 10 4 1 
3323|Child|22|Mutated: 1707 488 175 76 27 10 4 1 
3380|Child|31|Mutated: 1766 488 175 66 27 10 4 1 
3410|Child|28|Mutated: 1707 424 175 72 27 10 4 1 
3411|Child|46|Mutated: 1707 402 175 66 27 10 4 1 
3451|Child|42|Mutated: 1707 441 175 66 27 10 4 1 
3464|Child|31|Mutated: 1872 488 175 66 27 10 4 1 
3476|Child|14|Mutated: 1750 488 175 66 27 10 4 1 
3478|Child|8|Mutated: 1637 488 175 66 27 10 4 1 
3484|Child|22: 1720 476 175 66 27 10 4 1 
3495|Child|22|Mutated: 1583 488 175 66 27 10 4 1 
3511|Survivor|5|Mutated: 1845 488 175 66 27 10 4 1 
3541|Child|46|Mutated: 1707 406 175 66 27 10 4 1 
3564|Child|45|Mutated|Validated: 1755 488 175 66 27 10 4 1 
3599|Child|37|Mutated|Validated: 1624 488 175 66 27 10 4 1 
3600|Child|40|Mutated: 1707 446 175 66 27 10 4 1 
3652|Child|39|Mutated: 1754 488 175 66 27 10 4 1 
3693|Child|26|Mutated: 1694 488 175 66 27 10 4 1 
3739|Child|23|Mutated: 1725 488 175 66 27 10 4 1 
3750|Child|5|Mutated: 1811 488 175 66 27 10 4 1 
3765|Survivor|9|Mutated: 1829 488 175 66 27 10 4 1 
3766|Child|39: 1791 488 175 66 27 10 4 1 
3923|Child|12|Mutated: 1629 488 175 66 27 10 4 1 
3933|Child|38|Mutated: 1765 488 175 66 27 10 4 1 
3942|Child|1|Mutated: 1707 495 175 66 27 10 4 1 
3959|Survivor|8|Mutated: 1798 488 175 66 27 10 4 1 
3963|Child|5|Mutated: 1778 488 175 72 27 10 4 1 
3968|Child|6|Mutated: 1666 488 175 66 27 10 4 1 
3980|Child|37|Mutated: 1803 488 175 66 27 10 4 1 
3998|Child|1|Mutated: 1741 488 175 66 27 10 4 1 
4029|Child|8|Mutated: 1574 488 175 66 27 10 4 1 
4046|Child|26|Mutated: 1759 488 175 66 27 10 4 1 
4072|Survivor|2|Mutated: 1839 488 175 66 27 10 4 1 
4073|Survivor|3: 1819 488 175 66 27 10 4 1 
4090|Survivor|5|Mutated: 1816 488 175 66 27 10 4 1 
4114|Child|21|Mutated: 1671 488 175 66 27 10 4 1 
4131|Child|35|Mutated: 1707 488 175 72 27 10 4 1 
4164|Survivor|2|Mutated: 1628 488 175 66 27 10 4 1 
4197|Child|47|Mutated: 1718 488 175 66 27 10 4 1 
4219|Child|48|Mutated: 1852 488 175 66 27 10 4 1 
4223|Survivor|2|Mutated: 1718 464 175 66 27 10 4 1 
4298|Child|2|Mutated: 1576 488 175 66 27 10 4 1 
4342|Child|35|Mutated: 1724 488 175 66 27 10 4 1 
4353|Child|48|Mutated: 1718 488 175 65 27 10 4 1 
4411|Child|39|Mutated: 1718 453 175 66 27 10 4 1 
4428|Survivor|6|Mutated: 1767 488 175 66 27 10 4 1 
4432|Survivor|3|Mutated: 1700 488 175 66 27 10 4 1 
4438|Child|17|Mutated: 1718 488 187 66 27 10 4 1 
4481|Child|19|Mutated: 1954 410 175 66 27 10 4 1 
4505|Child|19|Mutated: 1718 488 160 66 27 10 4 1 
4564|Child|17|Mutated: 1785 488 175 66 27 10 4 1 
4566|Child|3|Mutated: 1718 507 175 66 27 10 4 1 
4638|Child|24|Mutated: 1718 406 175 66 27 10 4 1 
4646|Child|48|Mutated: 1635 488 175 66 27 10 4 1 
4663|Child|1|Mutated: 1718 468 175 66 27 10 4 1 
4724|Child|16|Mutated: 1715 488 175 66 27 10 4 1 
4737|Child|26|Mutated: 1882 488 175 66 27 10 4 1 
4747|Child|25|Mutated: 1718 472 175 66 27 10 4 1 
4755|Child|32|Mutated: 1895 488 175 66 27 10 4 1 
4796|Child|28|Mutated: 1704 488 175 66 27 10 4 1 
4797|Child|15|Mutated: 1763 488 175 66 27 10 4 1 
4828|Child|37|Mutated: 1718 485 175 66 27 10 4 1 
4848|Survivor|2|Mutated: 1718 476 175 66 27 10 4 1 
4867|Child|49|Mutated: 1718 473 175 66 27 10 4 1 
4869|Child|19|Mutated: 1718 457 175 66 27 10 4 1 
4901|Child|20|Mutated: 1800 488 175 66 27 10 4 1 
4947|Survivor|5|Mutated: 1632 488 175 66 27 10 4 1 
4983|Child|41|Mutated: 1757 488 175 66 27 10 4 1 
5048|Child|3|Mutated: 1641 488 175 66 27 10 4 1 
5058|Child|44|Mutated|Validated: 1746 488 175 66 27 10 4 1 
5101|Child|32: 1722 488 175 66 27 10 4 1 
5120|Child|38|Mutated: 1706 531 175 66 27 10 4 1 
5134|Child|3|Mutated: 1706 488 177 66 27 10 4 1 
5141|Child|19|Mutated: 1621 500 175 66 27 10 4 1 
5146|Child|17|Mutated: 1774 488 175 66 27 10 4 1 
5171|Child|47|Mutated: 1706 423 175 66 27 10 4 1 
5246|Child|29|Mutated: 1648 488 175 66 27 10 4 1 
5257|Child|4|Mutated: 1706 394 175 66 27 10 4 1 
5278|Child|5|Mutated: 1847 488 175 66 27 10 4 1 
5303|Child|33|Mutated: 1706 488 167 66 27 10 4 1 
5304|Child|18|Mutated: 1706 476 175 66 27 10 4 1 
5305|Child|1|Mutated: 1605 488 175 66 27 10 4 1 
5313|Child|5|Mutated: 1706 491 175 72 27 10 4 1 
5347|Survivor|3|Mutated: 1653 488 175 66 27 10 4 1 
5394|Child|38|Mutated|Validated: 1775 504 175 66 27 10 4 1 
5453|Child|9|Mutated: 1636 488 175 66 27 10 4 1 
5477|Survivor|1|Mutated: 1706 484 175 66 27 10 4 1 
5478|Child|27|Mutated: 1750 430 175 66 27 10 4 1 
5488|Child|23|Mutated: 1751 488 175 66 27 10 4 1 
5529|Child|12|Mutated: 1773 488 175 66 27 10 4 1 
5541|Child|43|Mutated: 1706 480 175 66 27 10 4 1 
5546|Child|34|Mutated: 1752 488 175 66 27 10 4 1 
5559|Child|25|Mutated: 1706 445 175 66 27 10 4 1 
5569|Child|39: 1685 488 175 66 27 10 4 1 
5572|Child|4: 1752 488 175 65 27 10 4 1 
5606|Survivor|9|Mutated|Validated: 1817 488 175 66 27 10 4 1 
5613|Child|45|Mutated: 1752 414 175 66 27 10 4 1 
5634|Survivor|10|Mutated: 1608 488 175 66 27 10 4 1 
5672|Child|42|Mutated: 1833 488 175 66 27 10 4 1 
5675|Child|6|Mutated: 1752 488 160 66 27 10 4 1 
5681|Child|2: 1789 488 175 66 27 10 4 1 
5699|Survivor|7|Mutated: 1735 488 175 66 27 10 4 1 
5714|Child|40|Mutated: 1735 468 175 66 27 10 4 1 
5719|Child|28|Mutated: 1936 488 175 66 27 10 4 1 
5738|Child|7|Mutated: 1752 504 175 66 27 10 4 1 
5755|Child|41|Mutated: 1796 488 175 66 27 10 4 1 
5807|Child|11|Mutated: 1752 473 175 66 27 10 4 1 
5818|Child|20: 1761 488 175 66 27 10 4 1 
5876|Survivor|8|Mutated: 1752 477 175 66 27 10 4 1 
5976|Child|49|Mutated: 1752 469 175 66 27 10 4 1 
5985|Child|34|Mutated: 1746 507 175 66 27 10 4 1 
5996|Child|44: 1646 488 175 66 27 10 4 1 
6013|Child|20|Mutated: 1752 430 175 66 27 10 4 1 
6015|Child|16|Mutated: 1788 488 175 66 27 10 4 1 
6020|Child|50|Mutated: 1642 488 175 66 27 10 4 1 
6027|Child|13|Mutated: 1752 450 175 66 27 10 4 1 
6037|Child|15|Mutated: 1775 488 175 66 27 10 4 1 
6039|Child|20|Mutated: 1802 488 175 66 27 10 4 1 
6047|Child|17|Mutated: 1752 500 175 66 27 10 4 1 
6081|Child|17|Mutated: 1672 488 175 66 27 10 4 1 
6087|Survivor|2: 1752 468 175 66 27 10 4 1 
6117|Child|31|Mutated: 1752 441 175 66 27 10 4 1 
6128|Survivor|3|Mutated: 1752 488 163 66 27 10 4 1 
6133|Child|26|Mutated: 1511 446 175 66 27 10 4 1 
6135|Survivor|4|Mutated: 1752 433 175 66 27 10 4 1 
6148|Survivor|3|Mutated: 1752 512 175 66 27 10 4 1 
6155|Survivor|3|Mutated: 1752 472 175 66 27 10 4 1 
6162|Child|2: 1687 488 175 66 27 10 4 1 
6294|Child|25|Mutated: 1705 488 175 66 27 10 4 1 
6310|Child|37|Mutated: 1752 407 175 66 27 10 4 1 
6324|Child|17|Mutated: 1752 542 175 66 27 10 4 1 
6342|Child|26|Mutated: 1752 437 175 66 27 10 4 1 
6350|Survivor|5|Mutated: 1752 538 175 66 27 10 4 1 
6384|Child|11|Mutated: 1752 512 146 66 27 10 4 1 
6447|Survivor|10|Mutated: 1752 523 175 66 27 10 4 1 
6467|Child|11|Mutated: 1684 488 175 66 27 10 4 1 
6476|Survivor|2|Mutated: 1752 411 175 66 27 10 4 1 
6491|Child|8|Mutated: 1752 585 175 66 27 10 4 1 
6515|Child|40|Mutated: 1752 446 175 66 27 10 4 1 
6547|Survivor|9|Mutated: 1752 488 187 66 27 10 4 1 
6603|Child|37|Mutated: 1752 543 175 66 27 10 4 1 
6631|Survivor|5|Mutated: 1752 399 175 66 27 10 4 1 
6657|Child|4|Mutated: 1737 488 175 66 27 10 4 1 
6667|Child|45|Mutated: 1768 488 175 66 27 10 4 1 
6673|Survivor|6|Mutated: 1826 488 175 66 27 10 4 1 
6678|Child|4: 1743 488 175 66 27 10 4 1 
6711|Child|32|Mutated: 1717 488 175 66 27 10 4 1 
6737|Child|14|Mutated: 1697 488 175 66 27 10 4 1 
6742|Child|9|Mutated: 1792 488 175 66 27 10 4 1 
6801|Survivor|10|Mutated: 1752 402 175 66 27 10 4 1 
6821|Child|10|Mutated: 1752 511 175 66 27 10 4 1 
6855|Child|26|Mutated: 1690 488 175 66 27 10 4 1 
6860|Survivor|1|Mutated: 1865 488 175 66 27 10 4 1 
6867|Child|42|Mutated: 1827 488 175 66 27 10 4 1 
6940|Child|29|Mutated: 1781 488 175 66 27 10 4 1 
6953|Child|48|Mutated: 1752 410 175 66 27 10 4 1 
6998|Child|10|Mutated: 1752 395 175 66 27 10 4 1 
7015|Child|17|Mutated: 1586 488 175 66 27 10 4 1 
7018|Child|35|Mutated: 1692 488 175 66 27 10 4 1 
7029|Child|25|Mutated: 1752 406 175 66 27 10 4 1 
7038|Child|30|Mutated: 1801 468 175 66 27 10 4 1 
7065|Child|1|Mutated: 1752 488 179 69 27 10 4 1 
7097|Child|5|Mutated: 1679 488 175 66 27 10 4 1 
7127|Child|24|Mutated: 1563 488 175 66 27 10 4 1 
7129|Child|24|Mutated: 1804 488 175 66 27 10 4 1 
7148|Child|18|Mutated: 1598 488 175 66 27 10 4 1 
7167|Survivor|9|Mutated: 1752 425 175 66 27 10 4 1 
7193|Survivor|3|Mutated: 1866 488 175 65 27 10 4 1 
7214|Survivor|2|Mutated: 1752 531 175 66 27 10 4 1 
7216|Child|3|Mutated: 1683 488 175 66 27 10 4 1 
7255|Child|4|Mutated: 1838 488 175 66 27 10 4 1 
7337|Child|42|Mutated: 1859 488 175 66 27 10 4 1 
7362|Child|34|Mutated: 1832 457 185 66 27 10 4 1 
7367|Child|32|Mutated: 1752 488 175 72 27 10 4 1 
7400|Survivor|2|Mutated: 1893 511 175 66 27 10 4 1 
7405|Survivor|4|Mutated: 1701 488 175 66 27 10 4 1 
7425|Child|12|Mutated: 1752 429 175 66 27 10 4 1 
7448|Child|10|Mutated: 1780 434 175 66 27 10 4 1 
7492|Child|40|Mutated: 1752 465 175 66 27 10 4 1 
7559|Child|5|Mutated: 1752 550 175 66 27 10 4 1 
7565|Child|43|Mutated: 1866 488 175 66 27 10 4 1 
7633|Child|27|Mutated: 1613 488 175 66 27 10 4 1 
7674|Child|40|Mutated: 1794 480 175 66 27 10 4 1 
7678|Survivor|2|Mutated: 1674 488 175 66 27 10 4 1 
7698|Child|13|Mutated: 1739 488 175 66 27 10 4 1 
7717|Child|8|Mutated: 1784 488 175 66 27 10 4 1 
7719|Child|39|Mutated|Validated: 1698 488 175 66 27 10 4 1 
7754|Child|33|Mutated: 1562 488 175 66 27 10 4 1 
7792|Child|36|Mutated: 1682 488 175 66 27 10 4 1 
7806|Child|30|Mutated: 1673 488 175 66 27 10 4 1 
7807|Child|47|Mutated: 1752 488 202 66 27 10 4 1 
7810|Child|22|Mutated: 1752 495 175 66 27 10 4 1 
7822|Child|28|Mutated: 1659 488 175 66 27 10 4 1 
7840|Child|17|Mutated: 1709 488 175 66 27 10 4 1 
7859|Child|48|Mutated: 1793 488 175 66 27 10 4 1 
7873|Child|40|Mutated: 1627 488 175 66 27 10 4 1 
7896|Child|29|Mutated: 1752 422 175 66 27 10 4 1 
7982|Child|34|Mutated: 1853 488 175 66 27 10 4 1 
8059|Child|42|Mutated: 1840 488 175 66 27 10 4 1 
8088|Child|20|Mutated: 1812 488 175 66 27 10 4 1 
8102|Child|2|Mutated: 1621 488 175 66 27 10 4 1 
8112|Child|46|Mutated: 1752 496 175 66 27 10 4 1 
8119|Survivor|2|Mutated: 1752 461 175 66 27 10 4 1 
8204|Child|21|Mutated|Validated: 1824 488 175 66 27 10 4 1 
8206|Child|15|Mutated: 1537 488 175 66 27 10 4 1 
8240|Child|48|Mutated|Validated: 1630 453 175 66 27 10 4 1 
8275|Child|33|Mutated: 1651 488 175 66 27 10 4 1 
8277|Child|34|Mutated: 1752 557 175 66 27 10 4 1 
8370|Child|8|Mutated: 1708 441 175 66 27 10 4 1 
8402|Child|30|Mutated: 1708 488 175 72 27 10 4 1 
8416|Survivor|1: 1708 550 175 66 27 10 4 1 
8429|Child|26|Mutated: 1708 410 175 66 27 10 4 1 
8502|Child|32|Mutated: 1508 418 175 66 27 10 4 1 
8505|Child|22|Mutated: 1708 425 175 66 27 10 4 1 
8536|Child|35|Mutated: 1708 488 175 65 27 10 4 1 
8544|Child|31|Mutated: 1708 488 175 72 29 10 4 1 
8562|Survivor|2|Mutated: 1708 468 175 66 27 10 4 1 
8563|Child|6|Mutated: 1708 523 175 66 27 10 4 1 
8598|Child|29|Mutated: 1708 418 175 66 27 10 4 1 
8629|Survivor|7|Mutated: 1708 527 175 66 27 10 4 1 
8645|Child|16|Mutated: 1708 546 175 66 27 10 4 1 
8684|Survivor|6|Mutated: 1614 488 175 66 27 10 4 1 
8699|Child|12|Mutated: 1708 461 175 66 27 10 4 1 
8722|Child|35: 1762 488 175 66 27 10 4 1 
8729|Child|29|Mutated: 1913 488 175 66 27 10 4 1 
8745|Child|43|Mutated: 1708 477 175 66 27 10 4 1 
8755|Child|28|Mutated: 1708 399 175 66 27 10 4 1 
8764|Survivor|8|Mutated: 1693 488 175 66 27 10 4 1 
8779|Child|32: 1708 512 175 66 27 10 4 1 
8796|Child|42|Mutated: 1708 488 163 66 27 10 4 1 
8850|Child|2|Mutated: 1708 464 175 66 27 10 4 1 
8870|Survivor|7|Mutated: 1764 488 175 66 27 10 4 1 
8891|Child|3|Mutated: 1708 488 167 66 27 10 4 1 
8893|Child|23|Mutated: 1748 488 175 66 27 10 4 1 
8896|Survivor|2|Mutated: 1708 422 175 66 27 10 4 1 
8898|Child|39|Mutated: 1519 410 175 72 27 10 4 1 
8910|Child|40|Mutated: 1729 488 175 66 27 10 4 1 
8914|Survivor|9|Mutated: 1797 488 175 66 27 10 4 1 
8942|Child|10|Mutated: 1708 434 175 66 27 10 4 1 
8982|Survivor|5|Mutated|Validated: 1556 434 175 66 27 10 4 1 
8985|Child|3|Mutated: 1708 491 175 66 27 10 4 1 
8989|Child|30|Mutated: 1721 488 175 66 27 10 4 1 
9001|Survivor|1: 1620 488 175 66 27 10 4 1 
9006|Child|43|Mutated: 1708 453 175 66 27 10 4 1 
9019|Child|50|Mutated: 1731 488 175 66 27 10 4 1 
9092|Survivor|7|Mutated: 1607 488 175 66 27 10 4 1 
9123|Child|42|Mutated: 1498 414 175 66 27 10 4 1 
9159|Child|27|Mutated: 1810 488 175 66 27 10 4 1 
9176|Child|37|Mutated: 1708 465 175 66 27 10 4 1 
9186|Child|9|Mutated: 1428 488 175 66 27 10 4 1 
9193|Child|32|Mutated: 1708 395 175 66 27 10 4 1 
9219|Child|24|Mutated: 1708 437 175 66 27 10 4 1 
9221|Child|33|Mutated: 1708 519 175 66 27 10 4 1 
9241|Child|7|Mutated: 1708 495 175 66 27 10 4 1 
9303|Survivor|3|Mutated: 1635 425 175 66 27 10 4 1 
9322|Child|2|Mutated: 1644 488 175 66 27 10 4 1 
9343|Survivor|10|Mutated: 1793 414 175 66 27 10 4 1 
9347|Child|46|Mutated: 1863 488 175 66 27 10 4 1 
9436|Child|28|Mutated: 1769 488 175 66 27 10 4 1 
9489|Survivor|3|Mutated: 1727 488 175 66 27 10 4 1 
9504|Child|17|Mutated: 1809 488 175 66 27 10 4 1 
9513|Child|17|Mutated: 1818 488 175 66 27 10 4 1 
9514|Child|5|Mutated: 1599 488 175 66 27 10 4 1 
9536|Child|28|Mutated: 1854 488 175 66 27 10 4 1 
9550|Survivor|10|Mutated: 1851 488 175 66 27 10 4 1 
9563|Survivor|10|Mutated: 1708 433 175 66 27 10 4 1 
9564|Child|40|Mutated: 1887 488 175 66 27 10 4 1 
9565|Survivor|1|Mutated: 1581 488 148 66 27 10 4 1 
9643|Child|31|Mutated: 1708 488 202 66 27 10 4 1 
9657|Child|44|Mutated: 1708 507 175 66 27 10 4 1 
9665|Child|36|Mutated: 1708 488 160 66 27 10 4 1 
9725|Child|6|Mutated: 1708 411 175 66 27 10 4 1 
9795|Child|32|Mutated: 1708 488 143 66 27 10 4 1 
9811|Child|49|Mutated: 1780 488 175 66 27 10 4 1 
9868|Child|25|Mutated: 1735 453 175 66 27 10 4 1 
9877|Survivor|9|Mutated: 1735 398 175 66 27 10 4 1 
9883|Survivor|10|Mutated: 1735 511 175 66 27 10 4 1 
9885|Child|35|Mutated: 1735 472 175 66 27 10 4 1 
9949|Child|30|Mutated: 1540 437 175 66 27 10 4 1 
9970|Child|47|Mutated: 1668 488 175 66 27 10 4 1 
9975|Child|7|Mutated: 1735 480 175 66 27 10 4 1 
9979|Child|24: 1756 398 175 66 27 10 4 1 
9995|Child|4|Mutated: 1735 407 175 66 27 10 4 1 
10028|Survivor|10|Mutated: 1647 480 175 66 27 10 4 1 
10036|Survivor|4|Mutated: 1735 480 148 66 27 10 4 1 
10039|Child|43: 1681 480 175 66 27 10 4 1 
10052|Child|48: 1813 480 175 66 27 10 4 1 
10053|Child|6|Mutated: 1804 480 175 66 27 10 4 1 
10066|Child|22|Mutated: 1735 484 175 66 27 10 4 1 
10079|Child|27|Mutated: 1735 519 175 66 27 10 4 1 
10086|Child|17|Mutated: 1642 480 175 66 27 10 4 1 
10089|Child|49|Mutated: 1735 473 175 66 27 10 4 1 
10115|Child|2|Mutated: 1735 480 170 66 27 10 4 1 
10121|Child|36|Mutated: 1736 480 175 66 27 10 4 1 
10140|Child|34|Mutated: 1684 480 175 66 27 10 4 1 
10144|Child|39|Mutated: 1735 570 175 66 27 10 4 1 
10161|Child|18|Mutated: 1735 402 175 66 27 10 4 1 
10165|Child|21|Mutated: 1768 480 175 66 27 10 4 1 
10177|Survivor|3|Mutated: 1758 480 175 66 27 10 4 1 
10184|Child|21: 1735 476 175 66 27 10 4 1 
10204|Survivor|4|Mutated: 1711 480 175 66 27 10 4 1 
10220|Child|15|Mutated: 1608 480 175 66 27 10 4 1 
10228|Child|47|Mutated: 1775 480 175 66 27 10 4 1 
10232|Child|19|Mutated: 1774 480 175 66 27 10 4 1 
10242|Child|45|Mutated: 1661 480 175 66 27 10 4 1 
10290|Child|25|Mutated: 1758 480 175 73 27 10 4 1 
10298|Child|7|Mutated: 1680 480 175 66 27 10 4 1 
10331|Child|46|Mutated: 1765 480 175 66 27 10 4 1 
10334|Child|43|Mutated: 1758 480 149 69 27 10 4 1 
10336|Child|5|Mutated: 1622 480 175 66 27 10 4 1 
10343|Child|36|Mutated: 1758 410 175 66 27 10 4 1 
10358|Child|9|Mutated: 1758 430 175 66 27 10 4 1 
10372|Child|36|Mutated: 1819 480 175 66 27 10 4 1 
10375|Child|18|Mutated: 1772 480 175 66 27 10 4 1 
10424|Child|41|Mutated: 1758 441 175 66 27 10 4 1 
10425|Child|42|Mutated: 1758 519 175 66 27 10 4 1 
10429|Child|41|Mutated: 1758 516 175 66 27 10 4 1 
10458|Child|17|Mutated: 1758 418 175 66 27 10 4 1 
10459|Survivor|2: 1758 500 175 63 27 10 4 1 
10462|Child|47|Mutated: 1808 480 175 66 27 10 4 1 
10464|Survivor|3: 1758 422 175 66 27 10 4 1 
10484|Child|13|Mutated: 1758 434 175 66 27 10 4 1 
10492|Child|46|Mutated: 1818 480 175 66 27 10 4 1 
10504|Survivor|8|Mutated: 1651 480 175 66 27 10 4 1 
10512|Child|10|Mutated: 1785 480 175 66 27 10 4 1 
10530|Survivor|8|Mutated: 1758 480 158 66 27 10 4 1 
10546|Child|20|Mutated: 1666 480 175 66 27 10 4 1 
10571|Child|24|Mutated: 1810 480 175 66 27 10 4 1 
10612|Child|50|Mutated: 1624 480 175 66 27 10 4 1 
10613|Child|44|Mutated: 1688 480 175 66 27 10 4 1 
10643|Child|18|Mutated: 1699 480 175 66 27 10 4 1 
10653|Child|36|Mutated: 1776 480 175 66 27 10 4 1 
10715|Child|20|Mutated: 1758 468 175 66 27 10 4 1 
10722|Survivor|8|Mutated: 1758 543 175 66 27 10 4 1 
10737|Child|5|Mutated: 1758 457 175 66 27 10 4 1 
10761|Child|33|Mutated: 1792 480 175 66 27 10 4 1 
10820|Child|28|Mutated: 1703 480 175 66 27 10 4 1 
10858|Child|15|Mutated: 1691 480 175 66 27 10 4 1 
10873|Survivor|3|Mutated: 1758 473 175 66 27 10 4 1 
10883|Survivor|6|Mutated: 1758 496 175 66 27 10 4 1 
10890|Child|30|Mutated: 1796 480 175 66 27 10 4 1 
10918|Child|15|Mutated: 1588 480 175 66 27 10 4 1 
10947|Survivor|9|Mutated: 1758 477 175 66 27 10 4 1 
10954|Child|45|Mutated: 1758 429 175 66 27 10 4 1 
10956|Child|32|Mutated: 1586 480 175 66 27 10 4 1 
10959|Child|20: 1758 554 175 66 27 10 4 1 
10982|Survivor|10|Mutated: 1758 406 175 66 27 10 4 1 
10989|Child|2|Mutated: 1758 398 175 66 27 10 4 1 
11033|Child|12|Mutated: 1758 503 175 66 27 10 4 1 
11036|Child|21: 1603 480 175 66 27 10 4 1 
11053|Child|10|Mutated: 1629 480 175 66 27 10 4 1 
11066|Child|43|Mutated: 1758 495 175 66 27 10 4 1 
11086|Child|48|Mutated: 1605 480 175 66 27 10 4 1 
11095|Child|44|Mutated: 1758 480 170 66 27 10 4 1 
11120|Child|50|Mutated: 1738 480 175 66 27 10 4 1 
11142|Child|42|Mutated: 1758 407 175 66 27 10 4 1 
11156|Child|14|Mutated: 1578 480 175 66 27 10 4 1 
11215|Child|38|Mutated: 1828 480 175 66 27 10 4 1 
11220|Child|25|Mutated: 1758 546 175 66 27 10 4 1 
11236|Survivor|1|Mutated: 1871 480 175 66 27 10 4 1 
11250|Child|43|Mutated: 1786 480 175 66 27 10 4 1 
11255|Child|5|Mutated: 1684 468 175 66 27 10 4 1 
11261|Child|45|Mutated: 1749 480 185 66 27 10 4 1 
11262|Child|7|Mutated: 1758 395 175 66 27 10 4 1 
11265|Child|37: 1719 480 175 66 27 10 4 1 
11269|Child|10: 1576 480 175 66 27 10 4 1 
11296|Survivor|6|Mutated: 1823 480 175 66 27 10 4 1 
11302|Child|20|Mutated: 1728 480 175 66 27 10 4 1 
11368|Survivor|6|Mutated|Validated: 1701 480 175 66 27 10 4 1 
11399|Child|1|Mutated: 1664 480 175 66 27 10 4 1 
11405|Child|11|Mutated: 1829 480 175 66 27 10 4 1 
11414|Survivor|2|Mutated: 1620 480 175 66 27 10 4 1 
11432|Child|24|Mutated: 1758 504 175 66 27 10 4 1 
11467|Survivor|4|Mutated: 1758 445 175 66 27 10 4 1 
11535|Child|27|Mutated: 1649 480 175 66 27 10 4 1 
11537|Survivor|9|Mutated: 1676 480 175 66 27 10 4 1 
11557|Child|36|Mutated: 1765 464 175 72 27 10 4 1 
11583|Child|39|Mutated: 1631 480 175 66 27 10 4 1 
11584|Child|49|Mutated: 1612 480 175 66 27 10 4 1 
11599|Survivor|3|Mutated: 1746 480 175 66 27 10 4 1 
11637|Survivor|6|Mutated: 1758 488 175 66 27 10 4 1 
11656|Child|35|Mutated: 1758 531 175 66 27 10 4 1 
11675|Child|26|Mutated: 1753 480 175 66 27 10 4 1 
11677|Child|45: 1758 386 157 66 27 10 4 1 
11680|Child|37|Mutated: 1733 480 175 66 27 10 4 1 
11777|Child|5|Mutated: 1646 480 175 66 27 10 4 1 
11788|Survivor|2|Mutated: 1606 480 175 66 27 10 4 1 
11816|Survivor|7|Mutated: 1645 480 175 66 27 10 4 1 
11833|Child|13|Mutated: 1758 480 167 66 27 10 4 1 
11871|Child|35|Mutated: 1718 480 175 66 27 10 4 1 
11873|Child|18|Mutated: 1695 480 175 73 27 10 4 1 
11875|Child|35|Mutated: 1713 480 175 66 27 10 4 1 
11889|Child|12|Mutated: 1758 465 175 66 27 10 4 1 
11928|Child|8|Mutated: 1640 480 175 66 27 10 4 1 
11947|Child|48|Mutated: 1821 480 175 66 27 10 4 1 
11960|Child|29|Mutated: 1560 480 175 66 27 10 4 1 
11999|Child|14|Mutated: 1693 480 175 66 27 10 4 1 
12018|Child|42|Mutated: 1732 480 175 66 27 10 4 1 
12019|Child|34|Mutated: 1764 480 175 66 27 10 4 1 
12104|Survivor|2|Mutated: 1758 403 175 66 27 10 4 1 
12110|Child|43|Mutated: 1689 480 175 66 27 10 4 1 
12114|Survivor|7|Mutated: 1655 480 175 66 27 10 4 1 
12121|Child|27|Mutated: 1741 480 175 66 27 10 4 1 
12130|Child|29|Mutated: 1805 480 175 66 27 10 4 1 
12140|Child|30|Mutated: 1687 480 158 66 27 10 4 1 
12192|Child|20|Mutated: 1590 480 175 66 27 10 4 1 
12194|Survivor|1|Mutated: 1758 416 158 66 27 10 4 1 
12199|Child|6|Mutated: 1758 508 172 66 27 10 4 1 
12203|Child|3|Mutated: 1758 402 175 66 27 10 4 1 
12209|Child|13|Mutated: 1749 480 175 66 27 10 4 1 
12249|Child|3|Mutated: 1721 480 175 66 27 10 4 1 
12258|Child|42|Mutated: 1698 480 175 66 27 10 4 1 
12295|Child|33|Mutated: 1795 480 175 66 27 10 4 1 
12310|Child|50|Mutated: 1543 480 175 66 27 10 4 1 
12351|Child|45|Mutated: 1639 480 175 66 27 10 4 1 
12358|Child|48|Mutated: 1758 453 175 66 27 10 4 1 
12362|Child|50|Mutated: 1581 480 175 66 27 10 4 1 
12371|Child|46|Mutated: 1758 452 175 66 27 10 4 1 
12406|Child|25|Mutated: 1604 480 154 69 27 10 4 1 
12418|Child|13|Mutated: 1836 480 175 66 27 10 4 1 
12432|Child|45|Mutated: 1758 511 175 66 27 10 4 1 
12434|Survivor|3|Mutated: 1599 480 175 66 27 10 4 1 
12447|Child|32|Mutated: 1434 441 175 66 27 10 4 1 
12486|Child|47|Mutated: 1854 480 175 66 27 10 4 1 
12528|Survivor|7|Mutated: 1758 497 160 66 27 10 4 1 
12562|Child|31|Mutated: 1548 480 175 66 27 10 4 1 
12616|Child|40|Mutated|Validated: 1663 480 175 66 27 10 4 1 
12641|Child|48|Mutated: 1771 480 175 66 27 10 4 1 
12676|Child|44|Mutated: 1758 391 175 66 27 10 4 1 
12684|Child|21|Mutated: 1730 480 175 66 27 10 4 1 
12697|Child|11|Mutated: 1716 480 175 66 27 10 4 1 
12699|Child|3|Mutated: 1758 534 175 66 27 10 4 1 
12740|Child|2|Mutated: 1756 480 175 66 27 10 4 1 
12759|Child|17|Mutated: 1758 480 148 66 27 10 4 1 
12764|Child|21|Mutated: 1758 438 175 66 27 10 4 1 
12841|Child|44|Mutated: 1668 480 175 66 27 10 4 1 
12848|Child|39|Mutated: 1686 480 175 66 27 10 4 1 
12873|Child|2|Mutated|Validated: 1763 480 175 66 27 10 4 1 
12887|Child|49|Mutated|Validated: 1673 464 175 66 27 10 4 1 
12913|Child|17|Mutated: 1755 480 175 66 27 10 4 1 
12943|Child|47|Mutated: 1696 480 175 66 27 10 4 1 
12959|Child|28|Mutated: 1816 473 175 66 27 10 4 1 
12979|Child|24|Mutated: 1632 480 175 66 27 10 4 1 
12987|Child|4|Mutated: 1630 480 175 66 27 10 4 1 
13027|Child|20|Mutated: 1769 480 175 66 27 10 4 1 
13031|Child|27|Mutated: 1657 480 175 66 27 10 4 1 
13038|Survivor|9|Mutated: 1710 480 175 66 27 10 4 1 
13074|Survivor|5|Mutated: 1879 480 175 66 27 10 4 1 
13159|Survivor|10|Mutated: 1743 480 175 66 27 10 4 1 
13173|Child|47|Mutated: 1758 387 175 66 27 10 4 1 
13200|Child|28|Mutated: 1674 480 175 66 27 10 4 1 
13236|Survivor|2|Mutated: 1674 438 175 66 27 10 4 1 
13237|Survivor|2: 1652 480 175 66 27 10 4 1 
13278|Child|50: 1674 480 145 66 27 10 4 1 
13290|Child|29|Mutated: 1674 480 184 66 27 10 4 1 
13292|Child|22|Mutated: 1674 490 182 66 27 10 4 1 
13317|Child|33|Mutated: 1674 472 175 66 27 10 4 1 
13319|Child|1|Mutated: 1674 434 175 66 27 10 4 1 
13347|Survivor|2|Mutated: 1680 480 197 66 27 10 4 1 
13362|Child|9|Mutated: 1636 480 175 66 27 10 4 1 
13370|Child|10|Mutated: 1585 480 175 66 27 10 4 1 
13406|Child|10|Mutated: 1659 480 175 66 27 10 4 1 
13450|Child|14|Mutated: 1697 480 175 66 27 10 4 1 
13457|Child|44|Mutated: 1674 495 175 66 27 10 4 1 
13463|Child|48|Mutated: 1674 430 175 66 27 10 4 1 
13469|Child|37|Mutated: 1619 480 175 66 27 10 4 1 
13480|Child|21|Mutated: 1674 418 175 66 27 10 4 1 
13538|Child|13|Mutated: 1489 433 175 66 27 10 4 1 
13558|Child|5|Mutated: 1674 480 175 73 27 10 4 1 
13628|Child|3|Mutated: 1714 480 175 66 27 10 4 1 
13632|Child|30|Mutated: 1674 476 175 66 27 10 4 1 
13642|Survivor|7|Mutated: 1665 480 175 66 27 10 4 1 
13656|Child|39|Mutated: 1715 480 175 66 27 10 4 1 
13668|Survivor|1|Mutated: 1812 480 175 66 27 10 4 1 
13685|Child|13|Mutated: 1846 480 175 66 27 10 4 1 
13696|Child|33|Mutated: 1811 480 175 66 27 10 4 1 
13700|Child|11|Mutated: 1628 480 175 66 27 10 4 1 
13715|Child|15|Mutated: 1674 531 175 66 27 10 4 1 
13718|Child|26|Mutated: 1674 464 175 66 27 10 4 1 
13742|Child|34|Mutated: 1817 480 175 66 27 10 4 1 
13792|Child|32|Mutated: 1820 480 175 66 27 10 4 1 
13797|Child|3|Mutated: 1582 480 175 66 27 10 4 1 
13836|Child|10|Mutated: 1672 480 175 66 27 10 4 1 
13888|Child|31|Mutated: 1815 480 175 66 27 10 4 1 
13894|Child|9|Mutated: 1779 480 175 66 27 10 4 1 
13902|Child|8|Mutated: 1674 414 175 66 27 10 4 1 
13915|Child|24|Mutated: 1674 403 150 66 27 10 4 1 
13945|Child|45|Mutated: 1674 461 175 66 27 10 4 1 
13949|Child|43|Mutated: 1674 410 175 66 27 10 4 1 
13953|Child|44|Mutated: 1674 453 175 66 27 10 4 1 
13996|Child|17|Mutated: 1674 474 148 66 27 10 4 1 
14048|Child|31|Mutated: 1674 519 175 66 27 10 4 1 
14064|Child|30|Mutated: 1530 441 175 66 27 10 4 1 
14093|Survivor|2|Mutated: 1752 480 175 66 27 10 4 1 
14132|Child|36|Mutated: 1461 438 175 66 27 10 4 1 
14172|Child|13|Mutated: 1775 418 175 66 27 10 4 1 
14187|Survivor|5|Mutated: 1385 468 175 66 27 10 4 1 
14196|Child|45|Mutated: 1674 488 177 66 27 10 4 1 
14217|Child|32|Mutated: 1724 480 175 66 27 10 4 1 
14224|Survivor|4|Mutated: 1602 480 175 66 27 10 4 1 
14238|Survivor|7|Mutated: 1674 420 155 66 27 10 4 1 
14297|Survivor|6|Mutated: 1662 480 163 66 27 10 4 1 
14318|Survivor|1|Mutated: 1607 480 175 66 27 10 4 1 
14322|Child|28|Mutated: 1678 480 175 66 27 10 4 1 
14329|Child|2|Mutated: 1583 480 175 66 27 10 4 1 
14335|Child|18|Mutated: 1674 480 163 66 27 10 4 1 
14377|Survivor|7: 1713 422 175 66 27 10 4 1 
14400|Child|21|Mutated: 1777 480 175 66 27 10 4 1 
14407|Child|48|Mutated: 1589 480 175 66 27 10 4 1 
14460|Child|35|Mutated: 1713 523 175 66 27 10 4 1 
14476|Child|16|Mutated: 1713 499 175 66 27 10 4 1 
14489|Child|36|Mutated: 1713 480 148 66 27 10 4 1 
14494|Child|35|Mutated: 1820 430 175 66 27 10 4 1 
14498|Survivor|8|Mutated: 1713 480 158 66 27 10 4 1 
14545|Child|22: 1713 468 175 66 27 10 4 1 
14567|Survivor|2|Mutated: 1763 480 163 66 27 10 4 1 
14569|Survivor|8|Mutated: 1763 409 175 73 27 10 4 1 
14584|Survivor|2|Mutated: 1763 476 175 66 27 10 4 1 
14587|Survivor|9|Mutated: 1694 480 175 66 27 10 4 1 
14634|Child|16|Mutated: 1763 407 175 66 27 10 4 1 
14638|Child|18|Mutated: 1788 480 175 66 27 10 4 1 
14657|Child|38|Mutated: 1708 480 175 66 27 10 4 1 
14682|Survivor|8|Mutated: 1653 480 175 66 27 10 4 1 
14685|Child|26|Mutated: 1759 480 175 66 27 10 4 1 
14690|Child|33|Mutated: 1524 441 175 66 27 10 4 1 
14708|Child|7|Mutated: 1763 409 143 66 27 10 4 1 
14711|Child|13|Mutated: 1763 469 175 66 27 10 4 1 
14714|Survivor|2|Mutated: 1763 395 175 66 27 10 4 1 
14759|Child|41|Mutated: 1705 480 175 66 27 10 4 1 
14770|Child|5|Mutated: 1763 433 175 66 27 10 4 1 
14785|Child|18|Mutated: 1763 468 175 66 27 10 4 1 
14803|Survivor|9|Mutated: 1696 429 172 66 27 10 4 1 
14810|Child|43|Mutated: 1720 480 175 66 27 10 4 1 
14818|Survivor|5|Mutated: 1763 402 175 66 27 10 4 1 
14826|Child|19|Mutated: 1840 480 175 66 27 10 4 1 
14861|Child|18|Mutated: 1763 480 145 66 27 10 4 1 
14868|Child|44|Mutated: 1669 480 175 66 27 10 4 1 
14882|Child|32|Mutated: 1664 491 175 74 23 10 4 1 
15009|Child|47|Mutated: 1763 460 175 66 27 10 4 1 
15110|Survivor|4|Mutated: 1763 496 175 66 27 10 4 1 
15131|Child|8|Mutated: 1763 480 170 66 27 10 4 1 
15142|Child|9|Mutated: 1643 480 175 66 27 10 4 1 
15153|Child|25|Mutated: 1766 480 175 66 27 10 4 1 
15166|Child|34|Mutated: 1626 480 175 66 27 10 4 1 
15174|Child|36|Mutated: 1681 480 167 66 27 10 4 1 
15182|Child|6|Mutated: 1763 477 175 66 27 10 4 1 
15208|Child|40|Mutated: 1724 445 175 66 27 10 4 1 
15218|Child|29|Mutated: 1763 445 175 66 27 10 4 1 
15240|Child|6|Mutated: 1579 480 175 66 27 10 4 1 
15251|Child|40|Mutated: 1763 418 175 66 27 10 4 1 
15290|Child|40|Mutated: 1704 480 175 66 27 10 4 1 
15308|Child|36|Mutated: 1685 480 175 66 27 10 4 1 
15309|Child|2|Mutated: 1763 480 167 66 27 10 4 1 
15335|Child|14: 1594 426 175 66 27 10 4 1 
15349|Survivor|9|Mutated: 1763 480 172 66 27 10 4 1 
15368|Child|10|Mutated: 1763 480 158 66 27 10 4 1 
15390|Child|40|Mutated: 1763 484 146 66 27 10 4 1 
15406|Child|15|Mutated: 1763 457 175 66 27 10 4 1 
15427|Survivor|3|Mutated: 1763 422 175 66 27 10 4 1 
15437|Child|50|Mutated: 1763 512 175 66 27 10 4 1 
15490|Child|42|Mutated|Validated: 1667 480 175 66 27 10 4 1 
15527|Child|33|Mutated: 1779 499 175 66 27 10 4 1 
15597|Child|50|Mutated: 1700 480 175 66 27 10 4 1 
15611|Child|1|Mutated: 1763 441 175 66 27 10 4 1 
15628|Child|43|Mutated: 1767 496 175 66 27 10 4 1 
15719|Survivor|8|Mutated: 1763 491 175 66 27 10 4 1 
15730|Child|24|Mutated: 1725 480 175 66 27 10 4 1 
15788|Child|23|Mutated: 1648 480 175 66 27 10 4 1 
15801|Child|24|Mutated: 1657 453 175 66 27 10 4 1 
15807|Survivor|6|Mutated: 1723 480 175 73 27 10 4 1 
15826|Survivor|9|Mutated: 1763 425 175 66 27 10 4 1 
15879|Child|42|Mutated: 1763 398 175 66 27 10 4 1 
15880|Survivor|6|Mutated: 1686 399 175 66 27 10 4 1 
15953|Survivor|8|Mutated: 1686 430 175 66 27 10 4 1 
15966|Child|16|Mutated: 1801 480 175 66 27 10 4 1 
15969|Child|15|Mutated: 1686 386 175 66 27 10 4 1 
15970|Child|46|Mutated: 1761 480 175 66 27 10 4 1 
16011|Child|23|Mutated: 1682 480 175 66 27 10 4 1 
16083|Survivor|3|Mutated: 1686 461 175 66 27 10 4 1 
16133|Child|17|Mutated: 1686 391 175 66 27 10 4 1 
16155|Child|46|Mutated: 1878 480 175 66 27 10 4 1 
16182|Child|3|Mutated: 1611 480 175 66 27 10 4 1 
16252|Child|46|Mutated: 1686 441 175 66 27 10 4 1 
16254|Child|24|Mutated: 1793 418 175 66 27 10 4 1 
16257|Child|7|Mutated: 1526 441 175 66 27 10 4 1 
16276|Child|9|Mutated: 1827 480 175 66 27 10 4 1 
16293|Child|41|Mutated: 1686 407 175 66 27 10 4 1 
16316|Child|42|Mutated: 1686 414 175 66 27 10 4 1 
16330|Child|42|Mutated: 1686 469 175 66 27 10 4 1 
16371|Child|3|Mutated: 1766 464 175 66 27 10 4 1 
16379|Child|37|Mutated: 1715 480 172 66 27 10 4 1 
16402|Child|44|Mutated: 1715 480 163 66 27 10 4 1 
16406|Child|37|Mutated|Validated: 1845 480 175 66 27 10 4 1 
16440|Survivor|7|Mutated: 1715 437 175 66 27 10 4 1 
16449|Child|15|Mutated: 1715 468 175 66 27 10 4 1 
16492|Child|45|Mutated: 1591 480 175 66 27 10 4 1 
16500|Child|6|Mutated: 1712 480 175 66 27 10 4 1 
16610|Child|41|Mutated: 1715 465 175 66 27 10 4 1 
16668|Survivor|9|Mutated: 1715 387 175 66 27 10 4 1 
16693|Child|18|Mutated: 1715 406 175 66 27 10 4 1 
16699|Child|43|Mutated: 1783 480 175 66 27 10 4 1 
16709|Child|29|Mutated: 1797 480 175 66 27 10 4 1 
16764|Child|35|Mutated: 1715 443 178 66 27 10 4 1 
16793|Child|15|Mutated: 1919 480 175 66 27 10 4 1 
16801|Child|38|Mutated: 1803 480 175 66 27 10 4 1 
16823|Child|11: 1695 480 175 66 27 10 4 1 
16831|Child|36|Mutated: 1580 480 175 66 27 10 4 1 
16869|Child|35: 1799 480 175 66 27 10 4 1 
16894|Child|33|Mutated: 1800 480 175 66 27 10 4 1 
16913|Child|25|Mutated: 1715 480 175 73 27 10 4 1 
16933|Child|36|Mutated: 1715 410 175 66 27 10 4 1 
17052|Child|36|Mutated: 1824 480 175 66 27 10 4 1 
17071|Child|20|Mutated: 1715 442 175 66 27 10 4 1 
17100|Survivor|5|Mutated: 1715 531 175 66 27 10 4 1 
17109|Child|35|Mutated: 1857 480 175 66 27 10 4 1 
17141|Child|46|Mutated: 1715 446 175 66 27 10 4 1 
17157|Child|42|Mutated: 1623 480 175 66 27 10 4 1 
17228|Child|40|Mutated: 1715 480 145 66 27 10 4 1 
17233|Survivor|10|Mutated: 1833 480 175 66 27 10 4 1 
17242|Survivor|2|Mutated: 1715 452 175 66 27 10 4 1 
17246|Child|2|Mutated: 1837 480 175 66 27 10 4 1 
17273|Child|38|Mutated: 1561 480 175 66 27 10 4 1 
17300|Child|8|Mutated: 1798 480 175 66 27 10 4 1 
17310|Child|47|Mutated: 1715 407 175 66 27 10 4 1 
17312|Child|30|Mutated: 1715 535 175 66 27 10 4 1 
17325|Child|14|Mutated|Validated: 1609 480 175 66 27 10 4 1 
17388|Child|33|Mutated: 1673 480 175 66 27 10 4 1 
17393|Child|41|Mutated: 1715 534 175 66 27 10 4 1 
17403|Child|38|Mutated: 1577 446 150 66 27 10 4 1 
17471|Survivor|1|Mutated: 1715 491 175 72 27 10 4 1 
17506|Survivor|3: 1715 503 175 66 27 10 4 1 
17543|Survivor|4|Mutated: 1715 461 175 66 27 10 4 1 
17547|Child|1|Mutated: 1637 480 175 66 27 10 4 1 
17568|Survivor|2|Mutated: 1715 491 175 66 27 10 4 1 
17577|Child|15|Mutated: 1715 441 175 66 27 10 4 1 
17612|Child|47|Mutated: 1715 511 175 66 27 10 4 1 
17626|Child|40|Mutated: 1751 461 175 66 27 10 4 1 
17634|Child|47|Mutated: 1715 500 175 66 27 10 4 1 
17648|Child|13|Mutated: 1715 484 175 66 27 10 4 1 
17652|Child|46|Mutated: 1822 480 175 66 27 10 4 1 
17664|Child|15|Mutated: 1683 480 175 66 27 10 4 1 
17667|Child|39|Mutated: 1737 480 175 66 27 10 4 1 
17671|Child|9|Mutated: 1715 402 175 72 27 10 4 1 
17692|Child|34|Mutated: 1702 395 175 66 27 10 4 1 
17701|Child|7|Mutated: 1715 480 194 66 27 10 4 1 
17714|Child|40|Mutated: 1715 480 167 66 27 10 4 1 
17719|Child|21|Mutated: 1715 422 175 66 27 10 4 1 
17720|Survivor|4|Mutated: 1597 480 175 66 27 10 4 1 
17724|Child|42|Mutated: 1601 480 175 66 27 10 4 1 
17772|Child|43|Mutated: 1707 480 163 66 27 10 4 1 
17817|Child|4|Mutated: 1601 387 175 66 27 10 4 1 
17832|Child|33|Mutated: 1766 461 175 66 27 10 4 1 
17852|Child|21|Mutated: 1626 461 175 66 27 10 4 1 
17862|Child|25|Mutated: 1654 461 175 66 27 10 4 1 
17888|Child|1|Mutated: 1715 399 175 66 27 10 4 1 
17911|Child|32|Mutated: 1824 461 175 66 27 10 4 1 
17913|Child|45|Mutated: 1643 461 175 66 27 10 4 1 
17963|Child|8|Mutated: 1658 461 175 66 27 10 4 1 
17967|Survivor|7|Mutated: 1697 461 175 66 27 10 4 1 
17970|Child|36: 1635 461 175 66 27 10 4 1 
17983|Child|13: 1727 461 175 66 27 10 4 1 
17990|Child|41: 1764 461 175 66 27 10 4 1 
18022|Child|3|Mutated: 1462 461 175 66 27 10 4 1 
18036|Child|19|Mutated: 1876 461 175 66 27 10 4 1 
18048|Child|44|Mutated: 1613 461 175 66 27 10 4 1 
18052|Child|45|Mutated: 1595 461 175 66 27 10 4 1 
18064|Child|27|Mutated: 1737 461 175 66 27 10 4 1 
18085|Child|24|Mutated: 1706 461 175 66 27 10 4 1 
18098|Child|28: 1533 436 166 65 27 10 4 1 
18132|Child|21|Mutated: 1546 461 175 66 27 10 4 1 
18211|Child|34|Mutated: 1731 407 160 66 27 10 4 1 
18215|Child|42|Mutated: 1789 461 187 66 27 10 4 1 
18219|Child|40: 1518 407 160 66 27 10 4 1 
18228|Child|48|Mutated: 1558 407 160 66 27 10 4 1 
18235|Child|2|Mutated: 1778 461 175 66 27 10 4 1 
18237|Child|29|Mutated: 1719 461 175 66 27 10 4 1 
18248|Survivor|10|Mutated: 1436 407 160 66 27 10 4 1 
18249|Child|47|Mutated: 1762 407 160 66 27 10 4 1 
18266|Child|18|Mutated: 1501 407 160 66 27 10 4 1 
18278|Child|17|Mutated: 1862 407 160 66 27 10 4 1 
18328|Survivor|4|Mutated: 1528 407 160 66 27 10 4 1 
18355|Child|33|Mutated: 1765 407 160 66 27 10 4 1 
18359|Child|25|Mutated: 1731 393 160 66 27 10 4 1 
18403|Child|21|Mutated: 1481 407 160 66 27 10 4 1 
18414|Child|9|Mutated: 1546 352 160 66 27 10 4 1 
18468|Child|12|Mutated: 1474 407 148 66 27 10 4 1 
18498|Child|11|Mutated: 1731 460 160 66 27 10 4 1 
18516|Survivor|3|Mutated: 1731 407 175 66 27 10 4 1 
18519|Child|18|Mutated: 1850 407 160 66 27 10 4 1 
18520|Child|17|Mutated: 1486 407 160 66 27 10 4 1 
18526|Child|19|Mutated: 1731 352 160 66 27 10 4 1 
18529|Child|50|Mutated: 1768 407 160 66 27 10 4 1 
18537|Survivor|8|Mutated: 1731 446 160 66 27 10 4 1 
18575|Survivor|6|Mutated: 1692 407 160 66 27 10 4 1 
18610|Child|49|Mutated: 1731 407 146 66 27 10 4 1 
18638|Survivor|7|Mutated: 1731 407 150 66 27 10 4 1 
18645|Survivor|6|Mutated: 1776 407 160 66 27 10 4 1 
18693|Child|28|Mutated: 1731 434 160 66 27 10 4 1 
18704|Child|45|Mutated: 1779 407 160 66 27 10 4 1 
18710|Child|40|Mutated: 1497 407 160 66 27 10 4 1 
18720|Child|10|Mutated: 1472 407 160 66 27 10 4 1 
18739|Child|42|Mutated: 1443 407 160 66 27 10 4 1 
18745|Child|38|Mutated: 1424 407 160 66 27 10 4 1 
18796|Child|27|Mutated: 1757 407 160 66 27 10 4 1 
18842|Child|32|Mutated: 1494 407 160 66 27 10 4 1 
18883|Child|10|Mutated: 1444 407 160 66 27 10 4 1 
18890|Child|4|Mutated: 1482 407 160 66 27 10 4 1 
18946|Child|17|Mutated|Validated: 1409 407 160 66 27 10 4 1 
18953|Child|42|Mutated: 1648 407 160 66 27 10 4 1 
18985|Child|11|Mutated: 1678 487 160 66 27 10 4 1 
18991|Child|11|Mutated|Validated: 1464 407 160 66 27 10 4 1 
19011|Child|21|Mutated: 1503 407 160 66 27 10 4 1 
19022|Child|33|Mutated: 1597 407 160 66 27 10 4 1 
19064|Survivor|9|Mutated: 1634 407 160 66 27 10 4 1 
19077|Child|23|Mutated: 1933 407 160 66 27 10 4 1 
19105|Survivor|5|Mutated: 1731 391 160 66 27 10 4 1 
19112|Child|8|Mutated: 1787 407 160 66 27 10 4 1 
19144|Child|1|Mutated: 1545 434 160 66 27 10 4 1 
19160|Child|3|Mutated: 1583 407 160 66 27 10 4 1 
19168|Child|19|Mutated: 1567 407 160 66 27 10 4 1 
19185|Child|46|Mutated: 1729 407 160 66 27 10 4 1 
19261|Survivor|4|Mutated: 1491 407 160 66 27 10 4 1 
19294|Survivor|10|Mutated: 1445 407 160 66 27 10 4 1 
19296|Child|19|Mutated: 1799 407 160 66 27 10 4 1 
19303|Child|32|Mutated: 1452 407 160 66 27 10 4 1 
19324|Child|28|Mutated: 1806 407 160 66 27 10 4 1 
19349|Child|10|Mutated: 1403 407 160 66 27 10 4 1 
19363|Child|14|Mutated: 1763 407 160 66 27 10 4 1 
19369|Child|30|Mutated: 1810 407 160 66 27 10 4 1 
19372|Child|21|Mutated: 1433 407 160 66 27 10 4 1 
19376|Child|23|Mutated: 1796 407 160 66 27 10 4 1 
19384|Child|7|Mutated: 1499 407 160 66 27 10 4 1 
19388|Child|22|Mutated: 1413 407 160 66 27 10 4 1 
19396|Survivor|3|Mutated: 1726 407 160 66 27 10 4 1 
19416|Child|34|Mutated: 1783 407 160 66 27 10 4 1 
19423|Child|22|Mutated: 1743 407 160 66 27 10 4 1 
19430|Child|16|Mutated: 1731 459 160 66 27 10 4 1 
19466|Child|16|Mutated: 1728 407 160 66 27 10 4 1 
19530|Child|50|Mutated: 1731 445 160 66 27 10 4 1 
19537|Survivor|9|Mutated: 1731 395 160 66 27 10 4 1 
19578|Survivor|7|Mutated: 1731 408 160 66 27 10 4 1 
19599|Child|7|Mutated: 1731 378 160 66 27 10 4 1 
19628|Survivor|7|Mutated: 1400 407 160 66 27 10 4 1 
19635|Child|43|Mutated: 1457 407 160 66 27 10 4 1 
19639|Survivor|2|Mutated: 1498 407 160 66 27 10 4 1 
19660|Child|21|Mutated: 1404 407 160 66 27 10 4 1 
19662|Survivor|3|Mutated: 1731 368 160 66 27 10 4 1 
19668|Child|34|Mutated: 1731 449 160 66 27 10 4 1 
19670|Child|41|Mutated|Validated: 1735 407 160 66 27 10 4 1 
19682|Child|42|Mutated: 1547 407 160 66 27 10 4 1 
19701|Survivor|4|Mutated: 1731 338 160 66 27 10 4 1 
19742|Child|11|Mutated: 1487 407 160 66 27 10 4 1 
19750|Child|24|Mutated: 1493 407 160 66 27 10 4 1 
19779|Child|32|Mutated: 1590 407 160 66 27 10 4 1 
19801|Child|32|Mutated: 1448 407 160 66 27 10 4 1 
19813|Survivor|2|Mutated: 1747 407 160 66 27 10 4 1 
19846|Child|8|Mutated: 1731 444 160 66 27 10 4 1 
19855|Child|26|Mutated: 1689 407 160 66 27 10 4 1 
19858|Child|7: 1713 407 160 66 27 10 4 1 
19873|Child|27|Mutated: 1602 460 160 66 27 10 4 1 
19885|Child|34|Mutated: 1808 407 160 66 27 10 4 1 
19893|Survivor|4|Mutated: 1407 407 160 66 27 10 4 1 
19904|Survivor|1|Mutated: 1766 407 160 66 27 10 4 1 
19922|Child|46|Mutated: 1731 431 160 66 27 10 4 1 
19928|Child|17|Mutated: 1664 407 160 66 27 10 4 1 
19969|Child|41|Mutated|Validated: 1667 407 160 66 27 10 4 1 
19975|Child|44|Mutated: 1469 407 160 66 27 10 4 1 
20000|Child|32|Mutated: 1824 407 160 66 27 10 4 1 
20068|Child|7|Mutated: 1577 407 160 66 27 10 4 1 
20101|Child|25|Mutated: 1803 407 160 66 27 10 4 1 
20141|Child|42|Mutated: 1723 407 160 66 27 10 4 1 
20157|Survivor|2|Mutated: 1731 407 160 72 27 10 4 1 
20238|Child|14|Mutated: 1495 407 160 66 27 10 4 1 
20272|Child|28|Mutated: 1731 416 177 66 27 10 4 1 
20305|Child|25|Mutated: 1686 407 160 66 27 10 4 1 
20315|Child|42|Mutated: 1685 488 160 66 27 10 4 1 
20337|Survivor|9|Mutated: 1814 407 160 66 27 10 4 1 
20346|Child|48|Mutated: 1508 407 160 66 27 10 4 1 
20358|Survivor|1|Mutated: 1389 407 160 66 27 10 4 1 
20360|Child|27: 1477 407 160 66 27 10 4 1 
20366|Survivor|7|Mutated: 1702 407 160 66 27 10 4 1 
20388|Child|38|Mutated: 1465 407 160 66 27 10 4 1 
20397|Child|16|Mutated: 1477 432 160 66 27 10 4 1 
20403|Child|19|Mutated: 1737 407 160 66 27 10 4 1 
20426|Survivor|4|Mutated: 1696 407 160 66 27 10 4 1 
20432|Child|31|Mutated: 1477 407 175 66 27 10 4 1 
20460|Child|11|Mutated: 1533 407 160 66 27 10 4 1 
20464|Child|23|Mutated: 1328 407 160 66 27 10 4 1 
20471|Child|14|Mutated: 1455 407 160 66 27 10 4 1 
20478|Survivor|1|Mutated: 1477 407 148 66 27 10 4 1 
20516|Child|18|Mutated: 1500 407 160 66 27 10 4 1 
20553|Child|20|Mutated: 1387 407 160 66 27 10 4 1 
20555|Child|30|Mutated: 1556 407 160 66 27 10 4 1 
20602|Child|25|Mutated: 1619 407 160 66 27 10 4 1 
20613|Child|33|Mutated: 1761 407 160 66 27 10 4 1 
20619|Child|4|Mutated: 1730 407 160 66 27 10 4 1 
20647|Child|43|Mutated: 1477 407 133 66 27 10 4 1 
20666|Child|33|Mutated: 1703 407 160 66 27 10 4 1 
20680|Child|46|Mutated: 1368 407 160 66 27 10 4 1 
20689|Child|48|Mutated: 1755 407 160 66 27 10 4 1 
20694|Child|19|Mutated: 1718 407 160 66 27 10 4 1 
20718|Survivor|7|Mutated: 1477 420 160 66 27 10 4 1 
20737|Survivor|8|Mutated: 1461 407 160 66 27 10 4 1 
20754|Child|21|Mutated: 1633 407 160 66 27 10 4 1 
20755|Child|34|Mutated: 1725 407 160 66 27 10 4 1 
20768|Child|24|Mutated: 1609 407 160 66 27 10 4 1 
20787|Child|3|Mutated: 1704 407 160 66 27 10 4 1 
20793|Child|34|Mutated: 1426 407 160 66 27 10 4 1 
20805|Child|35|Mutated: 1539 407 160 66 27 10 4 1 
20811|Child|2|Mutated: 1476 407 160 66 27 10 4 1 
20816|Child|45|Mutated: 1477 391 160 66 27 10 4 1 
20832|Child|33|Mutated: 1477 410 160 66 27 10 4 1 
20840|Child|48|Mutated: 1650 407 160 66 27 10 4 1 
20850|Survivor|4|Mutated: 1716 407 160 66 27 10 4 1 
20862|Survivor|9|Mutated: 1477 368 160 66 27 10 4 1 
20881|Child|17|Mutated: 1477 378 160 66 27 10 4 1 
20899|Child|45|Mutated: 1477 405 163 66 27 10 4 1 
20914|Child|10|Mutated: 1771 407 160 66 27 10 4 1 
20919|Child|37|Mutated: 1477 341 160 66 27 10 4 1 
20924|Child|24|Mutated: 1477 407 150 66 27 10 4 1 
21001|Survivor|10|Mutated: 1571 407 160 66 27 10 4 1 
21014|Child|21|Mutated: 1477 418 160 66 27 10 4 1 
21046|Child|50|Mutated: 1677 407 160 66 27 10 4 1 
21066|Survivor|1|Mutated: 1681 407 160 66 27 10 4 1 
21099|Child|41|Mutated: 1316 407 160 66 27 10 4 1 
21105|Child|49|Mutated: 1745 407 160 66 27 10 4 1 
21133|Child|37|Mutated: 1477 434 160 66 27 10 4 1 
21159|Child|5|Mutated: 1384 407 160 66 27 10 4 1 
21179|Child|28|Mutated: 1529 407 160 66 27 10 4 1 
21215|Child|8|Mutated: 1477 408 160 66 27 10 4 1 
21223|Survivor|5|Mutated: 1392 407 160 66 27 10 4 1 
21234|Child|39: 1326 407 160 66 27 10 4 1 
21251|Child|18|Mutated: 1477 377 160 66 27 10 4 1 
21275|Child|15|Mutated: 1532 407 160 66 27 10 4 1 
21304|Child|10|Mutated: 1441 407 160 66 27 10 4 1 
21320|Child|16|Mutated: 1610 407 160 66 27 10 4 1 
21342|Child|39|Mutated: 1477 365 160 66 27 10 4 1 
21364|Child|30|Mutated: 1439 407 160 66 27 10 4 1 
21392|Child|42|Mutated: 1480 407 160 66 27 10 4 1 
21405|Child|40|Mutated: 1709 407 160 66 27 10 4 1 
21419|Child|46|Mutated: 1428 407 160 66 27 10 4 1 
21429|Child|19|Mutated: 1744 407 160 66 27 10 4 1 
21497|Survivor|5|Mutated: 1581 407 160 66 27 10 4 1 
21513|Child|6|Mutated: 1477 352 160 66 27 10 4 1 
21531|Child|10|Mutated: 1521 407 160 66 27 10 4 1 
21542|Child|50|Mutated: 1488 407 160 66 27 10 4 1 
21544|Child|49|Mutated: 1629 407 160 66 27 10 4 1 
21559|Child|5|Mutated: 1460 407 160 66 27 10 4 1 
21588|Child|20|Mutated: 1693 407 160 66 27 10 4 1 
21608|Child|34|Mutated: 1477 446 160 66 27 10 4 1 
21625|Child|19|Mutated: 1565 407 160 66 27 10 4 1 
21630|Child|1|Mutated: 1759 407 160 66 27 10 4 1 
21663|Survivor|9|Mutated: 1451 407 160 66 27 10 4 1 
21690|Child|34|Mutated: 1483 407 160 66 27 10 4 1 
21723|Child|35|Mutated: 1492 407 160 66 27 10 4 1 
21852|Child|24|Mutated: 1434 407 160 66 27 10 4 1 
21943|Child|27|Mutated: 1490 407 160 66 27 10 4 1 
21986|Child|36|Mutated: 1687 407 160 66 27 10 4 1 
22010|Child|41|Mutated: 1695 407 160 66 27 10 4 1 
22020|Child|13|Mutated: 1515 407 160 66 27 10 4 1 
22046|Survivor|8|Mutated: 1477 407 174 72 27 10 4 1 
22053|Child|11|Mutated: 1550 407 160 66 27 10 4 1 
22098|Child|29|Mutated: 1422 407 160 66 27 10 4 1 
22101|Child|9|Mutated: 1509 407 160 66 27 10 4 1 
22164|Child|48|Mutated: 1552 407 160 66 27 10 4 1 
22183|Child|27|Mutated: 1711 407 160 66 27 10 4 1 
22185|Child|31|Mutated: 1485 380 160 66 27 10 4 1 
22207|Child|48|Mutated: 1477 407 155 73 27 10 4 1 
22218|Child|44|Mutated: 1459 407 160 66 27 10 4 1 
22234|Survivor|1|Mutated: 1463 395 160 66 27 10 4 1 
22257|Survivor|10|Mutated: 1708 407 160 66 27 10 4 1 
22259|Child|31|Mutated: 1511 407 160 66 27 10 4 1 
22266|Survivor|7|Mutated: 1462 417 160 66 27 10 4 1 
22300|Child|27|Mutated: 1477 393 160 66 27 10 4 1 
22311|Child|44|Mutated: 1477 379 160 66 27 10 4 1 
22326|Child|43|Mutated: 1458 407 160 66 27 10 4 1 
22357|Child|29|Mutated: 1710 407 160 66 27 10 4 1 
22416|Survivor|7|Mutated: 1438 407 160 66 27 10 4 1 
22421|Child|14|Mutated: 1685 407 160 66 27 10 4 1 
22438|Child|6|Mutated: 1471 407 160 66 27 10 4 1 
22455|Child|29|Mutated: 1756 407 160 66 27 10 4 1 
22482|Survivor|4|Mutated: 1665 407 160 66 27 10 4 1 
22505|Child|36|Mutated: 1352 407 160 66 27 10 4 1 
22564|Child|31|Mutated: 1632 407 160 66 27 10 4 1 
22601|Child|47|Mutated: 1416 407 160 66 27 10 4 1 
22606|Child|21|Mutated: 1660 407 160 66 27 10 4 1 
22641|Child|33|Mutated: 1736 407 160 66 27 10 4 1 
22678|Child|1|Mutated: 1747 459 160 66 27 10 4 1 
22700|Child|17|Mutated: 1477 422 160 66 27 10 4 1 
22705|Survivor|9|Mutated: 1734 407 160 66 27 10 4 1 
22710|Child|19|Mutated: 1477 356 160 66 27 10 4 1 
22751|Child|6|Mutated: 1740 407 160 66 27 10 4 1 
22813|Child|7|Mutated: 1588 407 160 66 27 10 4 1 
22837|Child|1|Mutated: 1474 407 160 66 27 10 4 1 
22853|Survivor|3|Mutated: 1467 407 160 66 27 10 4 1 
22882|Child|42|Mutated: 1502 407 160 66 27 10 4 1 
22896|Child|9|Mutated: 1693 473 160 66 27 10 4 1 
22922|Survivor|1|Mutated: 1698 407 160 66 27 10 4 1 
22931|Child|26|Mutated: 1575 407 160 66 27 10 4 1 
23033|Child|50|Mutated: 1697 407 160 66 27 10 4 1 
23041|Child|24|Mutated: 1544 407 160 66 27 10 4 1 
23077|Survivor|6|Mutated: 1773 407 160 66 27 10 4 1 
23097|Child|30|Mutated: 1477 459 160 66 27 10 4 1 
23105|Child|2|Mutated: 1370 407 160 66 27 10 4 1 
23136|Child|17|Mutated: 1741 407 160 66 27 10 4 1 
23139|Child|5|Mutated: 1478 407 160 66 27 10 4 1 
23174|Child|10|Mutated: 1751 407 160 66 27 10 4 1 
23211|Child|16|Mutated: 1477 354 160 66 27 10 4 1 
23255|Child|22|Mutated: 1477 431 160 66 27 10 4 1 
23283|Child|32|Mutated: 1477 344 128 66 27 10 4 1 
23286|Child|40|Mutated: 1477 407 160 72 27 10 4 1 
23292|Child|10|Mutated: 1405 407 160 66 27 10 4 1 
23379|Child|17|Mutated: 1717 407 160 66 27 10 4 1 
23380|Child|22|Mutated: 1477 403 158 66 27 10 4 1 
23406|Child|28|Mutated: 1554 407 160 66 27 10 4 1 
23432|Child|19|Mutated: 1477 444 160 66 27 10 4 1 
23460|Child|1|Mutated: 1512 407 160 66 27 10 4 1 
23464|Child|9|Mutated: 1618 431 160 66 27 10 4 1 
23527|Child|31|Mutated: 1716 390 160 66 27 10 4 1 
23528|Child|33|Mutated: 1477 355 160 66 27 10 4 1 
23660|Child|20|Mutated: 1379 407 160 66 27 10 4 1 
23719|Survivor|6|Mutated: 1526 407 160 66 27 10 4 1 
23740|Child|23|Mutated: 1432 407 160 66 27 10 4 1 
23777|Child|26|Mutated: 1477 407 145 66 21 10 4 1 
23862|Child|19|Mutated: 1721 407 160 66 27 10 4 1 
23953|Child|49|Mutated: 1477 350 160 66 27 10 4 1 
23968|Child|21|Mutated: 1477 406 160 66 27 10 4 1 
24053|Child|30: 1563 407 160 66 27 10 4 1 
24063|Child|29|Mutated: 1477 407 146 66 27 10 4 1 
24066|Child|8|Mutated: 1477 405 160 66 27 10 4 1 
24130|Child|8|Mutated: 1705 407 160 66 27 10 4 1 
24146|Survivor|2: 1415 407 160 66 27 10 4 1 
24155|Child|47|Mutated: 1668 407 160 66 27 10 4 1 
24157|Child|2|Mutated: 1340 407 160 66 27 10 4 1 
24181|Child|10|Mutated: 1724 407 160 66 27 10 4 1 
24242|Survivor|2|Mutated: 1411 407 160 66 27 10 4 1 
24287|Child|31|Mutated: 1473 407 160 66 27 10 4 1 
24307|Child|31|Mutated: 1475 407 160 66 27 10 4 1 
24360|Child|24|Mutated: 1437 407 160 66 27 10 4 1 
24385|Child|34|Mutated: 1710 459 160 66 27 10 4 1 
24386|Survivor|2: 1520 407 160 66 27 10 4 1 
24431|Child|12|Mutated: 1423 407 160 66 27 10 4 1 
24438|Survivor|7|Mutated: 1319 407 160 66 27 10 4 1 
24445|Survivor|8|Mutated: 1477 394 160 66 27 10 4 1 
24509|Child|49|Mutated: 1670 407 160 66 27 10 4 1 
24544|Survivor|7|Mutated: 1477 378 154 59 27 10 4 1 
24599|Child|2|Mutated: 1636 407 160 66 27 10 4 1 
24614|Child|36|Mutated: 1744 407 175 66 27 10 4 1 
24617|Child|22|Mutated: 1477 329 160 66 27 10 4 1 
24622|Survivor|9|Mutated: 1720 407 160 66 27 10 4 1 
24634|Child|41|Mutated: 1359 407 160 66 27 10 4 1 
24658|Child|46|Mutated: 1522 407 160 66 27 10 4 1 
24676|Child|27|Mutated: 1527 418 160 66 27 10 4 1 
24692|Child|43|Mutated: 1514 377 160 66 27 10 4 1 
24751|Child|34|Mutated: 1351 407 160 66 27 10 4 1 
24939|Child|32|Mutated: 1361 407 160 66 27 10 4 1 
24943|Child|8|Mutated: 1449 407 160 66 27 10 4 1 
24991|Child|43|Mutated: 1396 407 160 66 27 10 4 1 
25065|Child|17|Mutated: 1368 377 160 66 27 10 4 1 
25101|Child|17|Mutated: 1477 392 160 66 27 10 4 1 
25113|Child|39|Mutated: 1477 346 160 66 21 10 4 1 
25180|Child|13|Mutated: 1707 407 160 66 27 10 4 1 
25195|Child|48|Mutated: 1719 407 160 66 27 10 4 1 
25240|Child|22|Mutated: 1525 407 160 66 27 10 4 1 
25264|Child|9|Mutated: 1598 486 160 66 27 10 4 1 
25327|Survivor|7|Mutated: 1557 407 160 66 27 10 4 1 
25496|Survivor|3|Mutated: 1414 407 160 66 27 10 4 1 
25552|Child|26|Mutated: 1714 407 160 66 27 10 4 1 
25616|Survivor|4|Mutated: 1537 407 160 66 27 10 4 1 
25662|Child|22: 1505 407 160 66 27 10 4 1 
25714|Child|16|Mutated: 1546 407 160 66 27 10 4 1 
25733|Child|32: 1540 407 160 66 27 10 4 1 
25758|Child|1|Mutated: 1477 407 153 66 27 10 4 1 
25814|Child|5|Mutated: 1477 380 160 66 27 10 4 1 
25852|Survivor|2|Mutated: 1358 407 160 66 27 10 4 1 
25867|Child|22|Mutated: 1477 421 160 66 27 10 4 1 
25925|Child|7|Mutated: 1646 407 160 66 27 10 4 1 
25933|Child|19|Mutated: 1450 407 160 66 27 10 4 1 
25938|Child|26|Mutated: 1732 407 160 66 27 10 4 1 
25967|Child|5|Mutated: 1767 407 160 66 27 10 4 1 
25971|Child|28|Mutated: 1442 407 160 66 27 10 4 1 
25990|Child|49|Mutated: 1344 407 160 66 27 10 4 1 
26115|Child|18|Mutated: 1477 394 160 62 27 10 4 1 
26214|Child|34|Mutated: 1752 407 160 66 27 10 4 1 
26226|Child|36|Mutated: 1484 407 160 66 27 10 4 1 
26258|Child|39|Mutated: 1733 407 160 66 27 10 4 1 
26321|Survivor|10|Mutated: 1654 407 160 66 27 10 4 1 
26335|Child|36|Mutated: 1477 406 150 66 27 10 4 1 
26347|Child|6|Mutated: 1410 407 160 66 27 10 4 1 
26471|Child|47|Mutated: 1658 407 160 66 27 10 4 1 
26513|Child|20|Mutated: 1690 407 160 66 27 10 4 1 
26542|Child|9|Mutated: 1417 407 160 66 27 10 4 1 
26553|Child|33|Mutated: 1653 407 160 66 27 10 4 1 
26597|Child|18|Mutated: 1673 407 160 66 27 10 4 1 
26604|Child|11|Mutated: 1564 407 160 66 27 10 4 1 
26613|Child|18|Mutated: 1725 365 160 66 27 10 4 1 
26755|Child|6|Mutated: 1376 407 160 66 27 10 4 1 
26769|Child|7|Mutated: 1754 407 160 66 27 10 4 1 
26782|Child|29|Mutated: 1295 407 160 66 27 10 4 1 
26784|Child|47: 1688 407 160 66 27 10 4 1 
26834|Child|2|Mutated: 1644 407 160 66 27 10 4 1 
26911|Child|33|Mutated: 1618 407 160 66 27 10 4 1 
26983|Child|39|Mutated: 1709 407 150 72 27 10 4 1 
27166|Child|46|Mutated: 1458 407 148 66 27 10 4 1 
27189|Survivor|4|Mutated: 1671 407 160 66 27 10 4 1 
27222|Survivor|1|Mutated: 1463 407 160 66 27 10 4 1 
27398|Child|23|Mutated: 1742 406 160 66 27 10 4 1 
27423|Child|20|Mutated: 1513 354 160 66 27 10 4 1 
27479|Child|14: 1672 407 160 66 27 10 4 1 
27491|Child|8|Mutated: 1454 407 160 66 27 10 4 1 
27522|Child|18|Mutated: 1727 407 160 66 27 10 4 1 
27565|Child|31|Mutated: 1519 407 160 66 27 10 4 1 
27669|Child|50|Mutated: 1750 407 160 66 27 10 4 1 
27897|Child|10|Mutated: 1477 445 160 66 27 10 4 1 
27994|Child|27|Mutated: 1758 407 160 66 27 10 4 1 
28025|Child|3|Mutated: 1651 407 160 66 27 10 4 1 
28072|Child|35|Mutated: 1769 407 160 66 27 10 4 1 
28224|Child|40|Mutated: 1477 340 160 66 27 10 4 1 
28279|Child|37|Mutated: 1291 407 160 66 27 10 4 1 
28418|Child|24|Mutated: 1363 407 160 66 27 10 4 1 
28501|Child|15|Mutated: 1397 407 160 66 27 10 4 1 
28549|Child|26|Mutated: 1542 407 160 66 27 10 4 1 
28587|Survivor|10|Mutated: 1580 407 160 66 27 10 4 1 
28797|Child|46|Mutated: 1373 407 160 66 27 10 4 1 
28810|Survivor|9|Mutated: 1506 407 160 66 27 10 4 1 
28975|Survivor|10|Mutated: 1684 407 160 66 27 10 4 1 
28983|Child|11|Mutated: 1701 488 160 66 27 10 4 1 
29053|Child|20|Mutated: 1462 407 160 66 27 10 4 1 
29124|Child|30|Mutated: 1757 474 160 66 27 10 4 1 
29151|Child|47|Mutated: 1349 407 160 66 27 10 4 1 
29182|Survivor|6|Mutated: 1477 405 145 62 27 10 4 1 
29212|Child|32|Mutated: 1477 418 145 62 27 10 4 1 
29214|Child|48: 1399 405 145 62 27 10 4 1 
29233|Child|10|Mutated: 1723 405 145 62 27 10 4 1 
29263|Child|39|Mutated: 1709 405 145 62 27 10 4 1 
29280|Child|48|Mutated: 1477 405 152 62 27 10 4 1 
29310|Child|20|Mutated: 1684 391 145 62 27 10 4 1 
29311|Survivor|3|Mutated: 1477 409 145 62 27 10 4 1 
29318|Child|23|Mutated: 1477 378 145 62 27 10 4 1 
29320|Child|39|Mutated: 1730 405 145 62 27 10 4 1 
29330|Child|39|Mutated: 1450 405 145 62 27 10 4 1 
29352|Child|1: 1492 405 145 62 27 10 4 1 
29354|Survivor|5|Mutated: 1553 405 145 62 27 10 4 1 
29359|Child|4: 1451 405 145 62 27 10 4 1 
29373|Child|16|Mutated: 1311 405 145 62 27 10 4 1 
29408|Child|21|Mutated: 1421 405 145 62 27 10 4 1 
29413|Child|10|Mutated: 1316 405 145 62 27 10 4 1 
29431|Child|42|Mutated: 1545 405 145 62 27 10 4 1 
29437|Child|14|Mutated: 1419 382 145 62 27 10 4 1 
29443|Survivor|9|Mutated: 1404 405 145 62 27 10 4 1 
29444|Child|17|Mutated: 1711 405 145 62 27 10 4 1 
29445|Child|50|Mutated: 1450 397 145 62 27 10 4 1 
29477|Child|39|Mutated: 1516 405 145 62 27 10 4 1 
29494|Child|50|Mutated: 1486 405 145 62 27 10 4 1 
29517|Survivor|9|Mutated: 1731 405 145 62 27 10 4 1 
29524|Child|35|Mutated: 1435 405 145 62 27 10 4 1 
29530|Child|26|Mutated: 1490 405 145 62 27 10 4 1 
29538|Child|41|Mutated: 1447 405 145 62 27 10 4 1 
29581|Survivor|4|Mutated: 1517 405 145 62 27 10 4 1 
29587|Child|33|Mutated: 1584 405 145 62 27 10 4 1 
29641|Child|5|Mutated: 1450 370 145 62 27 10 4 1 
29661|Child|28|Mutated: 1406 405 145 62 27 10 4 1 
29672|Child|32|Mutated: 1386 405 145 62 27 10 4 1 
29684|Child|5|Mutated: 1312 405 145 62 27 10 4 1 
29687|Child|10|Mutated: 1684 405 145 62 27 10 4 1 
29690|Child|28|Mutated: 1699 405 145 62 27 10 4 1 
29698|Child|38|Mutated: 1450 405 168 73 27 10 4 1 
29723|Child|43|Mutated: 1450 335 145 62 27 10 4 1 
29724|Child|28|Mutated: 1740 405 145 62 27 10 4 1 
29743|Child|20|Mutated: 1734 405 145 62 27 10 4 1 
29753|Child|8|Mutated: 1564 405 145 62 27 10 4 1 
29759|Child|47|Mutated: 1662 405 145 62 27 10 4 1 
29764|Child|48|Mutated: 1656 405 145 62 27 10 4 1 
29778|Child|25|Mutated: 1673 405 145 62 27 10 4 1 
29793|Survivor|8|Mutated: 1510 405 145 62 27 10 4 1 
29802|Child|13|Mutated: 1715 405 145 62 27 10 4 1 
29810|Child|30|Mutated: 1450 390 145 62 27 10 4 1 
29818|Child|31|Mutated: 1450 391 145 62 27 10 4 1 
29850|Child|22|Mutated: 1483 405 145 62 27 10 4 1 
29854|Child|39|Mutated: 1696 405 145 62 27 10 4 1 
29874|Child|5|Mutated: 1567 405 145 62 27 10 4 1 
29948|Child|34|Mutated: 1450 364 145 62 27 10 4 1 
29952|Survivor|2: 1440 405 145 62 27 10 4 1 
29964|Child|13|Mutated: 1503 405 145 62 27 10 4 1 
29980|Child|15|Mutated: 1663 405 145 62 27 10 4 1 
29986|Survivor|4|Mutated: 1450 355 145 62 27 10 4 1 
29995|Child|27|Mutated: 1677 405 145 62 27 10 4 1 
30003|Child|32|Mutated: 1422 405 145 62 27 10 4 1 
30008|Child|45|Mutated: 1418 405 145 62 27 10 4 1 
30030|Child|49|Mutated: 1555 405 145 62 27 10 4 1 
30036|Survivor|3|Mutated: 1498 405 145 62 27 10 4 1 
30048|Child|17|Mutated: 1693 405 145 62 27 10 4 1 
30066|Child|43|Mutated: 1397 405 145 62 27 10 4 1 
30127|Child|1|Mutated: 1704 405 145 62 27 10 4 1 
30156|Child|4|Mutated: 1450 343 145 62 27 10 4 1 
30159|Child|46|Mutated: 1450 349 145 62 27 10 4 1 
30208|Child|1|Mutated: 1400 405 145 62 27 10 4 1 
30217|Child|45|Mutated: 1493 405 145 62 27 10 4 1 
30220|Child|42|Mutated: 1393 405 145 62 27 10 4 1 
30223|Child|2|Mutated: 1599 343 145 62 27 10 4 1 
30248|Child|45: 1700 405 145 62 27 10 4 1 
30252|Child|5|Mutated: 1533 405 145 62 27 10 4 1 
30262|Survivor|4|Mutated: 1754 405 145 62 27 10 4 1 
30267|Child|48: 1511 405 145 62 27 10 4 1 
30283|Child|9|Mutated: 1463 405 145 62 27 10 4 1 
30290|Survivor|2|Mutated: 1501 405 145 62 27 10 4 1 
30315|Child|3|Mutated: 1651 405 145 62 27 10 4 1 
30322|Child|37|Mutated: 1472 405 145 62 27 10 4 1 
30348|Child|47|Mutated: 1358 411 145 62 27 10 4 1 
30424|Child|14|Mutated: 1603 405 145 62 27 10 4 1 
30434|Child|9|Mutated: 1438 405 145 62 27 10 4 1 
30470|Child|23|Mutated: 1335 405 145 62 27 10 4 1 
30485|Child|37|Mutated: 1419 405 145 62 27 10 4 1 
30559|Child|15|Mutated: 1685 405 145 62 27 10 4 1 
30569|Child|6|Mutated: 1331 405 145 62 27 10 4 1 
30587|Child|29|Mutated: 1551 405 145 62 27 10 4 1 
30612|Child|45|Mutated: 1412 405 145 62 27 10 4 1 
30625|Child|12|Mutated: 1398 405 145 62 27 10 4 1 
30693|Child|9|Mutated: 1726 405 145 62 27 10 4 1 
30694|Child|14|Mutated: 1446 405 145 62 27 10 4 1 
30734|Child|17|Mutated: 1450 405 164 62 27 10 4 1 
30738|Child|21|Mutated: 1427 405 145 62 27 10 4 1 
30741|Survivor|5|Mutated: 1733 405 145 62 27 10 4 1 
30755|Child|21|Mutated: 1376 405 145 62 27 10 4 1 
30769|Child|3|Mutated: 1441 405 145 62 27 10 4 1 
30778|Child|40|Mutated: 1558 405 145 62 27 10 4 1 
30804|Child|8|Mutated: 1450 376 145 62 27 10 4 1 
30873|Child|33|Mutated: 1525 405 145 62 27 10 4 1 
30888|Child|23|Mutated: 1453 343 145 62 27 10 4 1 
30920|Child|3: 1502 343 145 62 27 10 4 1 
30943|Survivor|9|Mutated: 1543 343 145 62 27 10 4 1 
30944|Survivor|2: 1575 343 145 62 27 10 4 1 
31014|Child|14|Mutated: 1544 343 145 62 27 10 4 1 
31026|Child|36|Mutated: 1587 343 145 62 27 10 4 1 
31042|Child|25|Mutated: 1421 343 145 62 27 10 4 1 
31049|Child|31|Mutated: 1474 343 145 62 27 10 4 1 
31067|Child|9|Mutated: 1468 343 145 62 27 10 4 1 
31071|Child|36|Mutated: 1466 343 145 62 27 10 4 1 
31082|Child|41|Mutated: 1450 334 145 62 27 10 4 1 
31129|Child|11|Mutated: 1555 343 145 62 27 10 4 1 
31142|Child|19|Mutated: 1430 343 145 62 27 10 4 1 
31169|Child|26|Mutated: 1501 343 145 62 27 10 4 1 
31273|Child|31|Mutated: 1486 343 145 62 27 10 4 1 
31296|Survivor|7|Mutated: 1531 343 145 62 27 10 4 1 
31327|Child|22|Mutated: 1397 343 145 62 27 10 4 1 
31387|Child|20|Mutated: 1610 343 145 62 27 10 4 1 
31396|Child|12|Mutated: 1417 343 145 62 27 10 4 1 
31458|Child|32|Mutated: 1275 343 145 62 27 10 4 1 
31481|Survivor|4|Mutated: 1542 343 145 62 27 10 4 1 
31519|Child|28|Mutated: 1450 384 145 62 27 10 4 1 
31522|Child|40|Mutated: 1514 343 145 62 27 10 4 1 
31527|Child|49|Mutated: 1495 343 145 62 27 10 4 1 
31547|Child|42|Mutated: 1444 343 145 62 27 10 4 1 
31588|Child|39|Mutated: 1442 343 145 62 27 10 4 1 
31591|Survivor|9|Mutated: 1537 343 145 62 27 10 4 1 
31599|Survivor|6|Mutated: 1578 343 145 62 27 10 4 1 
31617|Child|12|Mutated: 1630 343 145 62 27 10 4 1 
31671|Child|18|Mutated: 1583 343 145 62 27 10 4 1 
31683|Child|35|Mutated: 1598 343 145 62 27 10 4 1 
31752|Child|31|Mutated: 1478 322 145 62 27 10 4 1 
31759|Survivor|10|Mutated: 1589 343 145 62 27 10 4 1 
31809|Survivor|10|Mutated: 1409 343 145 62 27 10 4 1 
31847|Child|47|Mutated: 1557 343 145 62 27 10 4 1 
31892|Child|8|Mutated: 1470 343 145 62 27 10 4 1 
31942|Child|26|Mutated: 1483 343 145 62 27 10 4 1 
31971|Survivor|10|Mutated: 1595 343 145 62 27 10 4 1 
32085|Survivor|2|Mutated: 1544 410 145 62 27 10 4 1 
32100|Child|50|Mutated: 1544 343 160 62 27 10 4 1 
32105|Child|37|Mutated: 1462 343 145 62 27 10 4 1 
32106|Survivor|2: 1496 343 145 62 27 10 4 1 
32109|Child|10|Mutated: 1585 343 145 62 27 10 4 1 
32114|Child|16|Mutated: 1604 343 145 62 27 10 4 1 
32161|Child|37|Mutated: 1544 347 145 62 27 10 4 1 
32186|Child|18|Mutated: 1352 370 145 62 27 10 4 1 
32218|Child|32|Mutated: 1498 343 145 62 27 10 4 1 
32277|Child|31|Mutated: 1527 343 145 62 27 10 4 1 
32281|Survivor|3|Mutated: 1350 343 145 62 27 10 4 1 
32291|Child|14|Mutated: 1565 343 145 62 27 10 4 1 
32351|Child|13|Mutated: 1731 343 145 62 27 10 4 1 
32362|Child|24|Mutated: 1544 361 145 62 27 10 4 1 
32530|Child|33|Mutated: 1437 343 145 62 27 10 4 1 
32534|Survivor|8|Mutated: 1530 343 145 62 27 10 4 1 
32546|Child|34|Mutated: 1546 343 145 62 27 10 4 1 
32550|Child|28: 1460 343 145 62 27 10 4 1 
32559|Child|34: 1490 343 145 62 27 10 4 1 
32567|Child|36|Mutated: 1445 343 145 62 27 10 4 1 
32605|Child|50|Mutated: 1460 335 145 62 27 10 4 1 
32606|Survivor|2|Mutated: 1433 343 145 62 27 10 4 1 
32618|Child|47|Mutated: 1743 343 145 62 27 10 4 1 
32667|Child|12|Mutated: 1473 343 145 62 27 10 4 1 
32677|Child|34|Mutated: 1448 343 145 62 27 10 4 1 
32722|Child|7|Mutated: 1521 343 145 62 27 10 4 1 
32725|Child|3|Mutated: 1521 351 145 62 27 10 4 1 
32727|Child|21|Mutated: 1439 343 145 62 27 10 4 1 
32753|Child|13|Mutated: 1460 382 145 62 27 10 4 1 
32802|Survivor|6|Mutated: 1551 343 145 62 27 10 4 1 
32817|Child|29|Mutated: 1465 343 145 62 27 10 4 1 
32846|Child|48|Mutated: 1550 343 145 62 27 10 4 1 
32854|Child|6|Mutated: 1539 343 145 62 27 10 4 1 
32859|Child|50: 1513 343 145 62 27 10 4 1 
32872|Survivor|3|Mutated: 1457 343 145 62 27 10 4 1 
32923|Child|44|Mutated: 1562 343 145 62 27 10 4 1 
32954|Survivor|5|Mutated: 1596 343 145 62 27 10 4 1 
32957|Child|12|Mutated: 1545 343 145 62 27 10 4 1 
33012|Child|24|Mutated: 1463 343 145 62 27 10 4 1 
33017|Child|31: 1594 343 145 62 27 10 4 1 
33053|Child|25|Mutated: 1545 351 145 62 27 10 4 1 
33058|Child|22|Mutated: 1612 343 145 62 27 10 4 1 
33065|Child|46|Mutated: 1518 343 145 62 27 10 4 1 
33118|Child|15|Mutated: 1545 364 145 62 27 10 4 1 
33138|Child|12|Mutated: 1608 343 145 62 27 10 4 1 
33150|Child|47|Mutated: 1545 326 145 62 27 10 4 1 
33153|Child|34|Mutated: 1536 343 145 62 27 10 4 1 
33179|Child|38: 1541 343 145 62 27 10 4 1 
33235|Child|3|Mutated: 1581 343 145 62 27 10 4 1 
33242|Child|24|Mutated: 1504 343 145 62 27 10 4 1 
33292|Child|41|Mutated: 1545 343 152 62 27 10 4 1 
33362|Child|16|Mutated: 1356 343 145 62 27 10 4 1 
33387|Child|7|Mutated: 1545 378 145 62 27 10 4 1 
33429|Child|20|Mutated: 1540 343 145 62 27 10 4 1 
33431|Child|3|Mutated: 1545 355 145 62 27 10 4 1 
33477|Child|31|Mutated: 1582 343 145 62 27 10 4 1 
33492|Child|21|Mutated: 1338 343 145 62 27 10 4 1 
33496|Child|20|Mutated: 1458 343 145 62 27 10 4 1 
33510|Child|33|Mutated: 1554 343 145 62 27 10 4 1 
33644|Survivor|6|Mutated: 1482 343 145 62 27 10 4 1 
33655|Child|24|Mutated: 1440 343 145 62 27 10 4 1 
33752|Child|34|Mutated: 1660 343 145 62 27 10 4 1 
33778|Child|23|Mutated: 1622 343 145 62 27 10 4 1 
33844|Child|16|Mutated: 1580 343 145 62 27 10 4 1 
34002|Child|8|Mutated: 1560 343 145 62 27 10 4 1 
34019|Child|6|Mutated: 1553 343 145 62 27 10 4 1 
34084|Child|34|Mutated: 1461 343 145 62 27 10 4 1 
34087|Child|44|Mutated: 1613 343 145 62 27 10 4 1 
34122|Child|29|Mutated: 1491 343 145 62 27 10 4 1 
34163|Child|16: 1545 347 145 62 27 10 4 1 
34164|Survivor|8|Mutated: 1590 343 145 62 27 10 4 1 
34214|Child|25|Mutated: 1549 343 145 62 27 10 4 1 
34268|Child|24|Mutated: 1401 343 145 62 27 10 4 1 
34334|Child|28|Mutated: 1394 343 145 62 27 10 4 1 
34393|Survivor|5|Mutated: 1606 343 145 62 27 10 4 1 
34397|Child|10|Mutated: 1626 343 145 62 27 10 4 1 
34421|Child|12: 1516 343 145 62 27 10 4 1 
34433|Child|35|Mutated: 1640 343 145 62 27 10 4 1 
34475|Child|29|Mutated: 1545 349 145 62 27 10 4 1 
34555|Child|49: 1447 343 145 62 27 10 4 1 
34598|Survivor|5|Mutated: 1487 343 145 62 27 10 4 1 
34630|Child|28|Mutated: 1419 343 145 62 27 10 4 1 
34638|Child|10|Mutated: 1348 343 145 62 27 10 4 1 
34642|Child|34|Mutated: 1518 363 145 62 27 10 4 1 
34678|Survivor|1|Mutated: 1477 343 145 62 27 10 4 1 
34716|Survivor|2|Mutated: 1545 390 145 62 27 10 4 1 
34832|Child|47|Mutated: 1563 343 145 62 27 10 4 1 
34854|Survivor|7|Mutated: 1279 343 145 62 27 10 4 1 
34867|Child|33|Mutated: 1436 343 145 62 27 10 4 1 
34984|Child|16|Mutated: 1568 343 145 62 27 10 4 1 
35089|Survivor|10|Mutated: 1484 343 145 62 27 10 4 1 
35123|Child|26|Mutated: 1427 343 145 62 27 10 4 1 
35179|Child|26|Mutated: 1507 343 145 62 27 10 4 1 
35193|Child|47|Mutated: 1478 343 145 62 27 10 4 1 
35202|Child|3|Mutated: 1403 343 145 62 27 10 4 1 
35257|Child|16|Mutated: 1545 316 145 62 27 10 4 1 
35262|Child|33|Mutated: 1474 390 145 62 27 10 4 1 
35347|Child|10|Mutated: 1592 343 145 62 27 10 4 1 
35478|Child|24|Mutated: 1545 335 145 62 27 10 4 1 
35482|Child|44|Mutated: 1265 343 145 62 27 10 4 1 
35549|Child|30|Mutated: 1566 343 145 62 27 10 4 1 
35620|Child|22|Mutated: 1435 343 145 62 27 10 4 1 
35633|Survivor|5|Mutated: 1548 343 145 62 27 10 4 1 
35652|Child|46|Mutated: 1488 343 145 62 27 10 4 1 
35654|Child|44|Mutated: 1586 343 145 62 27 10 4 1 
35697|Child|19|Mutated: 1646 343 145 62 27 10 4 1 
35745|Child|6|Mutated: 1438 343 145 62 27 10 4 1 
35749|Child|3|Mutated: 1573 343 145 62 27 10 4 1 
35790|Child|50|Mutated: 1564 343 145 62 27 10 4 1 
35800|Child|40|Mutated: 1451 343 145 62 27 10 4 1 
35813|Child|11|Mutated: 1556 343 145 62 27 10 4 1 
35835|Child|40|Mutated: 1384 388 145 62 27 10 4 1 
35926|Child|16|Mutated: 1492 343 145 62 27 10 4 1 
35938|Child|18|Mutated: 1601 343 145 62 27 10 4 1 
36046|Child|26|Mutated: 1616 343 145 62 27 10 4 1 
36067|Child|3|Mutated: 1489 343 145 62 27 10 4 1 
36085|Child|25|Mutated: 1512 343 145 62 27 10 4 1 
36156|Child|34|Mutated: 1489 326 145 62 27 10 4 1 
36255|Child|31|Mutated: 1559 343 145 62 27 10 4 1 
36563|Child|49|Mutated: 1480 343 145 62 27 10 4 1 
36680|Child|50|Mutated: 1479 343 145 62 27 10 4 1 
36732|Child|10|Mutated: 1552 343 145 62 27 10 4 1 
36764|Child|18|Mutated: 1530 316 145 62 27 10 4 1 
36776|Child|27|Mutated: 1631 343 145 62 27 10 4 1 
36864|Survivor|7|Mutated: 1459 343 145 62 27 10 4 1 
36865|Child|40|Mutated: 1481 343 145 62 27 10 4 1 
36902|Child|21|Mutated: 1561 343 145 62 27 10 4 1 
36919|Child|13|Mutated: 1816 343 145 62 27 10 4 1 
36954|Survivor|7|Mutated: 1648 343 145 62 27 10 4 1 
37002|Child|42|Mutated: 1378 343 145 62 27 10 4 1 
37059|Child|23|Mutated: 1524 343 145 62 27 10 4 1 
37073|Child|46|Mutated: 1252 343 145 62 27 10 4 1 
37091|Survivor|10|Mutated: 1528 343 145 62 27 10 4 1 
37169|Child|13|Mutated: 1625 343 145 62 27 10 4 1 
37202|Child|36|Mutated: 1328 388 145 62 27 10 4 1 
37215|Child|5|Mutated: 1530 334 145 62 27 10 4 1 
37217|Child|10|Mutated: 1643 343 145 62 27 10 4 1 
37267|Child|38|Mutated: 1242 343 145 62 27 10 4 1 
37310|Child|27|Mutated: 1611 343 145 62 27 10 4 1 
37457|Child|30|Mutated: 1576 343 145 62 27 10 4 1 
37475|Survivor|6|Mutated: 1576 355 145 62 27 10 4 1 
37567|Child|46: 1576 334 145 62 27 10 4 1 
37639|Child|38|Mutated: 1522 343 145 62 27 10 4 1 
37656|Survivor|5|Mutated: 1432 343 145 62 27 10 4 1 
37663|Child|35|Mutated: 1605 343 145 62 27 10 4 1 
37684|Child|7|Mutated: 1452 343 145 62 27 10 4 1 
37746|Child|6|Mutated: 1602 343 145 62 27 10 4 1 
37747|Survivor|3|Mutated: 1576 370 145 62 27 10 4 1 
37982|Child|47|Mutated: 1716 343 145 62 27 10 4 1 
38006|Child|8|Mutated: 1534 343 145 62 27 10 4 1 
38011|Child|26|Mutated: 1373 397 145 62 27 10 4 1 
38068|Child|5|Mutated: 1694 343 145 62 27 10 4 1 
38084|Child|33|Mutated: 1567 343 145 62 27 10 4 1 
38125|Survivor|7|Mutated: 1661 343 145 62 27 10 4 1 
38172|Child|22|Mutated: 1618 343 145 62 27 10 4 1 
38180|Child|15|Mutated: 1778 378 145 62 27 10 4 1 
38188|Child|14: 1645 343 145 62 27 10 4 1 
38204|Child|22|Mutated: 1576 351 145 62 27 10 4 1 
38210|Child|39|Mutated: 1576 411 145 62 27 10 4 1 
38254|Child|6|Mutated: 1588 343 145 62 27 10 4 1 
38267|Child|43: 1414 343 145 62 27 10 4 1 
38301|Child|22: 1493 343 145 62 27 10 4 1 
38347|Child|24|Mutated: 1477 347 145 62 27 10 4 1 
38351|Survivor|9|Mutated: 1615 343 145 62 27 10 4 1 
38405|Child|6|Mutated: 1477 335 145 62 27 10 4 1 
38406|Child|18|Mutated: 1536 403 145 62 27 10 4 1 
38437|Child|11|Mutated: 1400 343 145 62 27 10 4 1 
38439|Child|30|Mutated: 1475 343 145 62 27 10 4 1 
38516|Child|32|Mutated: 1600 343 145 62 27 10 4 1 
38521|Child|18|Mutated: 1205 343 145 62 27 10 4 1 
38622|Child|25|Mutated: 1426 343 145 62 27 10 4 1 
38639|Child|32|Mutated: 1424 343 145 62 27 10 4 1 
38716|Child|42|Mutated: 1597 343 145 62 27 10 4 1 
38733|Child|4|Mutated: 1569 343 145 62 27 10 4 1 
38800|Child|21|Mutated: 1477 351 145 62 27 10 4 1 
38907|Survivor|3|Mutated: 1379 343 145 62 27 10 4 1 
38916|Survivor|5|Mutated: 1469 343 145 62 27 10 4 1 
38950|Child|38|Mutated: 1690 343 145 62 27 10 4 1 
39053|Child|8|Mutated: 1520 343 145 62 27 10 4 1 
39300|Child|29|Mutated: 1532 343 145 62 27 10 4 1 
39330|Child|28|Mutated: 1535 343 145 62 27 10 4 1 
39332|Child|49|Mutated: 1579 343 145 62 27 10 4 1 
39553|Survivor|10|Mutated: 1477 388 145 62 27 10 4 1 
39640|Survivor|8|Mutated: 1449 343 145 62 27 10 4 1 
39715|Child|35|Mutated: 1415 343 145 62 27 10 4 1 
39800|Child|19|Mutated: 1593 343 145 62 27 10 4 1 
39892|Child|39|Mutated: 1431 343 145 62 27 10 4 1 
40000|Child|16|Mutated: 1477 355 145 62 27 10 4 1 
40057|Survivor|8|Mutated: 1440 378 145 62 27 10 4 1 
40125|Survivor|9|Mutated: 1441 343 145 62 27 10 4 1 
40167|Child|23|Mutated: 1506 343 145 62 27 10 4 1 
40203|Child|50|Mutated: 1477 337 145 62 27 10 4 1 
40391|Child|39|Mutated: 1515 343 145 62 27 10 4 1 
40468|Child|22|Mutated: 1558 343 145 62 27 10 4 1 
40474|Child|11|Mutated: 1395 343 145 62 27 10 4 1 
40528|Child|42|Mutated: 1505 343 145 62 27 10 4 1 
40776|Child|36|Mutated: 1572 343 145 62 27 10 4 1 
40961|Child|13|Mutated: 1383 343 145 62 27 10 4 1 
40983|Child|3|Mutated: 1396 343 145 62 27 10 4 1 
41129|Child|17|Mutated: 1471 343 145 62 27 10 4 1 
41425|Child|17|Mutated: 1362 343 145 62 27 10 4 1 
41499|Child|45|Mutated: 1741 343 145 62 27 10 4 1 
41505|Survivor|6|Mutated: 1454 343 145 62 27 10 4 1 
41578|Child|26|Mutated: 1434 343 145 62 27 10 4 1 
41669|Child|19|Mutated: 1629 343 145 62 27 10 4 1 
42050|Child|22|Mutated: 1761 343 145 62 27 10 4 1 
42087|Child|30|Mutated: 1603 343 145 62 27 10 4 1 
42122|Child|36|Mutated: 1418 343 145 62 27 10 4 1 
42169|Child|3|Mutated: 1386 343 145 62 27 10 4 1 
42193|Child|14|Mutated: 1499 343 145 62 27 10 4 1 
42367|Child|3|Mutated: 1477 334 145 62 27 10 4 1 
42374|Child|16|Mutated: 1617 343 145 62 27 10 4 1 
42391|Child|31|Mutated: 1510 343 145 62 27 10 4 1 
42415|Child|1|Mutated: 1477 391 145 62 27 10 4 1 
42574|Child|30|Mutated: 1500 343 145 62 27 10 4 1 
42591|Survivor|10|Mutated: 1477 326 145 62 27 10 4 1 
42708|Child|37|Mutated: 1429 343 145 62 27 10 4 1 
42712|Child|36|Mutated: 1519 343 145 62 27 10 4 1 
42765|Child|43: 1492 399 145 62 27 10 4 1 
43170|Child|38|Mutated: 1577 343 145 62 27 10 4 1 
43251|Child|11|Mutated: 1629 378 145 62 27 10 4 1 
43433|Child|22|Mutated: 1571 343 145 62 27 10 4 1 
43792|Child|48|Mutated: 1408 343 145 62 27 10 4 1 
43971|Survivor|2|Mutated: 1511 343 145 62 27 10 4 1 
44010|Child|40|Mutated: 1523 343 145 62 27 10 4 1 
44095|Survivor|10|Mutated: 1406 343 145 62 27 10 4 1 
44116|Child|34|Mutated: 1389 343 145 62 27 10 4 1 
44456|Child|2|Mutated: 1673 343 145 62 27 10 4 1 
44478|Child|12|Mutated: 1584 343 145 62 27 10 4 1 
44620|Child|47|Mutated: 1477 397 145 62 27 10 4 1 
44668|Child|17|Mutated: 1385 343 145 62 27 10 4 1 
44745|Child|23|Mutated: 1533 343 145 62 27 10 4 1 
