Survivor51-1_mutated: 3887 821 359 164 79 32 13 5 1 
Survivor268-1: 1039 419 191 83 28 12 5 1 
Child_Cross272-17: 3474 854 336 189 83 28 12 5 1 
Child_Cross275-13: 905 356 143 69 28 12 5 1 
Survivor304-1: 1129 327 146 56 27 13 5 1 
Survivor364-1: 1193 393 164 62 30 11 5 1 
Survivor420-1: 1167 410 171 65 25 11 5 1 
Survivor429-1: 1167 410 171 64 24 11 5 1 
Survivor467-1: 1140 377 141 70 30 12 5 1 
Child_Cross471-10: 1136 391 166 66 30 11 5 1 
Child_Cross473-34: 1088 395 161 66 28 12 5 1 
Child_Cross479-2: 1154 407 167 62 28 12 5 1 
Survivor776-1: 1059 371 133 67 31 14 4 1 
Survivor841-1: 1460 426 161 67 33 12 5 1 
Survivor907-1: 1540 428 182 65 28 11 4 1 
Survivor1282-1: 1117 355 160 58 30 13 5 1 
Survivor1295-1: 3483 797 332 115 57 30 13 5 1 
Survivor1468-1: 1131 396 164 59 29 11 5 1 
Child_Cross1506-26: 1131 396 164 59 30 11 5 1 
Child_Avg1602-7: 1487 427 171 76 30 13 5 1 
Survivor1640-1: 3415 791 280 141 69 32 13 4 1 
Survivor1744-1: 1396 407 154 70 30 13 5 1 
Survivor1755-1: 1396 407 154 70 36 13 4 1 
Survivor1799-1: 4079 1152 430 136 77 28 11 4 1 
Survivor1922-1: 2044 568 229 94 31 14 6 1 
Child_Cross1934-14: 1206 386 167 68 29 11 5 1 
Child_Levy2079-12: 1409 440 180 98 35 13 5 1 
Child_Cross2213-21: 1385 489 176 68 35 12 5 1 
Child_Cross2240-1: 4087 873 348 122 56 31 11 4 1 
Survivor2297-1: 1085 297 123 60 28 11 4 1 
Child_Cross2319-41: 1141 439 164 67 32 13 4 1 
Survivor2622-1: 1087 341 149 61 30 11 5 1 
Survivor3036-1: 1148 428 169 59 32 11 4 1 
Child_Cross3437-37: 1391 458 186 79 40 15 4 1 
Survivor3646-1: 1144 321 149 59 25 12 5 1 
Survivor3709-1: 3684 983 311 150 59 31 11 4 1 
Child_Levy3830-60: 1325 451 195 77 27 13 5 1 
Child_Cross3854-57: 962 355 165 72 27 13 5 1 
Survivor3885-1_mutated: 961 355 165 72 27 13 5 1 
Survivor3903-1_mutated: 957 355 165 72 27 13 5 1 
Child_Cross3916-29: 1105 376 151 63 29 13 6 1 
Child_Levy3922-8: 1093 313 147 66 28 12 5 1 
Child_Cross3943-53: 1154 365 188 61 35 12 5 1 
Survivor4052-1: 1410 426 157 60 28 11 4 1 
Child_Cross4363-22: 1348 375 156 69 28 11 4 1 
Survivor4486-1: 3906 863 306 165 74 29 10 4 1 
Survivor4786-1: 1326 381 165 67 35 11 4 1 
Child_Cross4796-50: 1326 381 165 67 35 11 5 1 
Survivor4820-1: 1200 383 177 79 32 11 4 1 
Survivor5061-1: 912 393 151 57 28 12 5 1 
Child_Cross5233-53: 1164 361 156 61 29 14 4 1 
Survivor5319-1: 928 328 171 69 30 11 5 1 
Child_Cross5333-18: 3010 1069 358 136 67 30 11 5 1 
Child_Cross5384-22: 4363 882 363 133 66 27 10 4 1 
Child_Avg5501-55: 1080 404 178 69 28 11 4 1 
Child_Avg5537-23: 1108 399 147 60 28 11 4 1 
Survivor5874-1: 1189 421 149 71 24 11 4 1 
Child_Avg6136-59: 1053 349 152 65 28 12 5 1 
Survivor6304-1: 4434 1028 363 161 75 24 11 4 1 
Survivor6396-1: 1311 393 154 73 32 13 4 1 
Survivor6638-1: 1370 518 173 77 41 13 4 1 
Child_Avg6859-23: 853 335 161 62 30 11 5 1 
Child_Cross6992-61: 1225 424 183 82 33 12 5 1 
Survivor7159-1: 964 333 161 65 28 12 5 1 
Survivor7194-1: 1155 400 173 60 31 14 4 1 
Child_Cross7317-42: 1354 459 176 81 32 13 5 1 
Survivor7419-1: 1323 460 189 75 35 12 5 1 
Survivor7555-1: 1206 372 164 63 35 12 5 1 
Child_Cross7716-30: 1409 362 163 68 31 11 4 1 
Survivor8073-1: 1371 430 156 63 28 11 4 1 
Child_Cross8119-26: 1314 511 187 65 28 11 4 1 
Survivor8136-1: 1206 511 187 65 28 11 4 1 
Survivor8249-1: 1174 319 173 60 28 11 4 1 
Survivor8314-1: 1328 396 164 77 37 14 4 1 
Survivor8317-1: 1328 396 164 77 28 13 4 1 
Child_Cross8367-5: 1052 378 155 77 28 12 5 1 
Survivor8521-1: 1119 394 143 87 32 13 4 1 
Survivor8662-1: 1521 481 170 81 32 11 4 1 
Survivor8709-1: 956 305 167 74 30 13 5 1 
Survivor8853-1: 3594 877 307 107 53 28 11 4 1 
Survivor8894-1: 4042 877 307 107 59 27 13 5 1 
Child_Levy9041-52: 1007 392 150 78 31 14 5 1 
Survivor9150-1: 1129 361 142 64 35 13 5 1 
Survivor9241-1: 1003 367 153 65 30 11 5 1 
Child_Levy9394-16: 1171 420 192 75 35 13 5 1 
Child_Levy9691-20: 1108 421 162 69 32 11 4 1 
Child_Levy9797-52: 1128 403 179 74 26 14 5 1 
Survivor9839-1: 903 370 145 60 28 11 4 1 
Child_Cross9859-18: 3271 735 263 130 60 28 11 4 1 
Survivor10039-1: 933 323 147 69 28 12 5 1 
Survivor10180-1: 1855 513 207 78 31 14 5 1 
Survivor10215-1: 1063 371 149 61 29 9 4 1 
Survivor10270-1: 1295 400 182 67 30 13 5 1 
Child_Avg10287-51: 1128 344 160 63 28 12 5 1 
Survivor10513-1: 1499 446 170 83 36 13 4 1 
Survivor10579-1: 3234 768 319 143 68 23 10 4 1 
Survivor10668-1: 1094 420 147 58 23 10 4 1 
Survivor10712-1_mutated: 1130 442 163 61 31 14 4 1 
Child_Avg11005-59: 3090 812 365 155 63 32 13 4 1 
Survivor11114-1: 1116 399 179 68 32 11 4 1 
Child_Cross11313-41: 1444 418 184 63 35 11 4 1 
Child_Levy11331-48: 1117 405 177 73 35 12 5 1 
Survivor11439-1: 1257 385 162 58 28 11 4 1 
Survivor11938-1: 1358 405 175 63 29 11 5 1 
Survivor12123-1: 1060 328 141 55 27 10 4 1 
Survivor12233-1: 1088 373 161 73 32 13 4 1 
Survivor12272-1: 1145 372 167 70 31 11 4 1 
Survivor12292-1: 1145 352 167 70 31 11 4 1 
Child_Cross12608-38: 1378 389 148 73 28 12 5 1 
Survivor12745-1: 1361 431 168 74 35 12 5 1 
Child_Avg12820-7: 1343 396 156 87 32 13 4 1 
Survivor12909-1_mutated: 4251 1239 379 158 66 31 14 5 1 
Survivor12941-1: 1379 385 151 67 24 11 5 1 
Child_Cross12969-34: 1082 355 141 69 28 11 4 1 
Survivor13064-1: 4570 3994 860 391 137 64 24 11 4 1 
Survivor13159-1: 932 323 149 73 27 13 5 1 
Child_Levy13314-40: 1182 353 154 75 28 12 5 1 
Survivor13316-1_mutated: 1182 389 153 75 28 12 5 1 
Child_Avg13349-23: 1104 412 161 80 28 11 4 1 
Survivor13394-1: 2007 637 246 141 66 28 12 5 1 
Survivor13418-1: 1117 339 153 72 28 13 4 1 
Survivor13514-1_mutated: 1116 340 164 63 35 12 5 1 
Survivor13606-1: 1202 372 183 77 33 14 4 1 
Child_Levy13835-40: 1512 454 205 78 30 13 5 1 
Survivor13895-1: 1399 492 180 67 29 13 6 1 
Survivor13899-1: 1399 492 180 67 29 14 6 1 
Survivor14037-1: 1153 405 165 65 27 13 5 1 
Survivor14045-1: 1392 428 157 62 28 12 5 1 
Survivor14047-1_mutated: 1399 428 157 62 28 12 5 1 
Survivor14203-1: 1131 373 171 60 32 11 4 1 
Child_Cross14291-17: 3557 871 326 139 71 25 15 4 1 
Survivor14608-1: 4013 1616 405 172 77 33 14 4 1 
Survivor14970-1: 1604 587 226 82 32 13 5 1 
Child_Cross15239-22: 3071 831 369 133 54 23 10 4 1 
Survivor15357-1: 3876 824 281 148 54 32 13 4 1 
Survivor15528-1: 892 342 131 62 28 12 5 1 
Survivor15970-1_mutated: 3789 1015 331 136 64 27 13 4 1 
Child_Avg16068-59: 1390 578 233 96 36 13 4 1 
Child_Levy16074-8_mutated: 3418 843 327 175 64 28 13 4 1 
Survivor16296-1: 1058 414 155 70 27 10 4 1 
Survivor16392-1: 1134 338 133 57 27 13 5 1 
Child_Levy16580-4: 1303 439 149 72 30 11 5 1 
Survivor16619-1: 1385 426 164 91 37 14 4 1 
Survivor16787-1: 1130 329 156 58 28 11 4 1 
Survivor16793-1: 1130 329 156 58 30 11 5 1 
Child_Cross16811-49: 4171 1184 322 127 56 24 11 4 1 
Survivor17036-1: 1244 387 181 70 30 11 5 1 
Child_Levy17099-12: 2905 771 294 127 67 24 11 5 1 
Child_Avg17109-43: 1456 438 143 77 28 12 5 1 
Survivor17124-1: 1287 387 141 74 28 12 5 1 
Child_Cross17441-42: 1470 462 167 76 36 14 5 1 
Survivor17595-1: 1042 372 160 59 30 11 5 1 
Survivor17717-1: 1414 370 146 75 31 14 5 1 
Survivor18197-1: 1082 391 138 67 32 11 4 1 
Child_Cross18274-34: 4980 1894 665 278 121 59 32 13 5 1 
Survivor18318-1: 4980 1894 665 278 121 65 35 12 5 1 
Child_Avg18335-39: 1098 439 163 66 28 13 4 1 
Survivor18375-1: 4317 968 347 134 59 27 14 4 1 
Child_Cross18445-34: 4553 959 369 138 63 28 13 4 1 
Survivor18467-1: 4371 1817 537 176 69 28 11 4 1 
Child_Cross18652-57: 1091 339 160 63 35 12 5 1 
Child_Avg18754-43: 1090 339 154 58 28 11 4 1 
Child_Cross18839-17: 1994 646 325 131 53 30 11 5 1 
Survivor18916-1: 1147 450 158 61 31 14 4 1 
Survivor18932-1: 1181 370 153 63 29 10 4 1 
Survivor19063-1: 2106 634 289 109 51 30 11 5 1 
Child_Levy19950-28: 1094 459 164 73 30 11 5 1 
Survivor20267-1: 1345 426 184 69 32 13 5 1 
Survivor20531-1: 913 374 143 73 30 11 5 1 
Child_Avg20533-31: 1280 469 166 72 32 13 4 1 
Survivor20633-1: 2282 853 331 141 66 27 10 4 1 
Survivor20702-1: 1141 388 165 63 27 11 4 1 
Survivor20826-1: 1404 392 181 73 34 16 5 1 
Survivor20965-1: 952 346 147 62 30 12 5 1 
Child_Cross20976-45: 3198 662 259 118 55 27 10 4 1 
Child_Cross21536-17: 3983 901 262 142 75 29 14 4 1 
Child_Cross21670-10: 4803 1243 378 207 59 27 13 5 1 
Survivor21807-1: 1214 360 177 66 28 13 4 1 
Survivor21974-1: 1453 428 186 61 35 12 5 1 
Survivor22091-1: 1100 381 142 62 32 13 5 1 
Child_Levy22148-52: 1202 373 194 84 35 11 5 1 
Child_Avg22226-51: 1122 433 161 67 32 13 4 1 
Child_Cross22337-18: 1357 381 147 64 28 13 4 1 
Child_Levy22389-48: 1327 439 178 80 30 11 5 1 
Survivor22669-1: 1105 346 154 59 32 13 5 1 
Child_Cross22727-58: 1040 391 164 79 27 10 4 1 
Child_Cross22747-29: 1090 396 147 59 32 13 4 1 
Survivor22824-1_mutated: 1144 430 174 69 27 10 4 1 
Survivor22978-1: 4344 1218 361 161 70 36 11 5 1 
Survivor23167-1: 1387 606 189 69 28 12 5 1 
Child_Levy23347-20: 1128 454 181 82 32 13 4 1 
Survivor23536-1: 1102 381 139 58 30 11 5 1 
Survivor23559-1: 1391 420 161 54 30 11 5 1 
Survivor23629-1_mutated: 1104 409 145 60 28 11 4 1 
Survivor23733-1: 1089 312 143 59 27 13 5 1 
Survivor23884-1: 1007 394 163 63 27 13 5 1 
Child_Levy23985-8_mutated: 1491 432 138 76 35 12 5 1 
Child_Levy24023-4: 1216 415 183 73 32 13 5 1 
Child_Cross24129-10_mutated: 1457 379 178 63 30 13 5 1 
Survivor24246-1: 1186 433 139 60 29 11 5 1 
Child_Levy24346-48: 1290 379 175 69 28 11 4 1 
Survivor24436-1: 1112 404 165 72 29 10 4 1 
Survivor24588-1: 1107 421 167 70 33 12 5 1 
Child_Levy24786-16: 1297 415 186 72 27 14 4 1 
Survivor24822-1: 1400 396 165 65 27 14 4 1 
Child_Avg24927-19: 945 385 158 60 28 11 4 1 
Child_Levy25159-32: 963 395 157 64 30 12 5 1 
Child_Levy25162-36: 1208 379 162 62 30 11 5 1 
Survivor25184-1: 2046 774 305 121 70 30 11 5 1 
Child_Cross25192-5: 2046 774 305 121 56 30 11 5 1 
Survivor25250-1: 952 347 144 65 28 12 5 1 
Survivor25346-1: 969 354 133 66 28 12 5 1 
Child_Avg25413-35: 1095 349 152 71 28 12 5 1 
Child_Cross25446-41: 1046 369 202 69 28 12 5 1 
Child_Levy25970-8_mutated: 1213 421 168 76 27 13 5 1 
Survivor26184-1: 1146 479 158 60 28 11 4 1 
Survivor26250-1: 1928 624 240 111 61 23 10 4 1 
Child_Levy26408-36: 1151 408 173 63 28 11 4 1 
Survivor26455-1: 1151 408 173 63 27 13 5 1 
Survivor26547-1: 1116 359 172 71 27 13 5 1 
Survivor26617-1: 1233 404 164 74 31 11 4 1 
Child_Cross26698-29: 1057 337 127 61 30 11 5 1 
Survivor27013-1: 1120 427 179 77 35 12 5 1 
Survivor27022-1: 1053 358 161 62 28 12 5 1 
Child_Cross27138-38: 1135 393 159 69 40 13 5 1 
Child_Levy27147-36: 1499 470 186 73 35 12 5 1 
Survivor27164-1: 3759 1053 443 140 82 32 11 4 1 
Survivor27173-1: 4296 894 388 159 82 32 11 4 1 
Survivor27224-1: 4299 1137 365 151 55 29 9 4 1 
Survivor27412-1: 1426 415 142 65 28 11 4 1 
Child_Cross27425-57: 1332 409 146 65 28 11 4 1 
Survivor27586-1: 1092 401 135 72 31 14 5 1 
Child_Levy27688-4_mutated: 914 355 167 66 30 13 5 1 
Survivor27870-1: 961 337 153 59 32 13 4 1 
Child_Cross28072-38: 4711 3288 895 353 156 61 30 11 5 1 
Child_Cross28164-13: 1121 334 132 59 32 11 4 1 
Survivor28454-1: 1086 343 153 63 28 11 4 1 
Survivor28575-1: 1301 545 203 82 42 12 5 1 
Survivor28593-1: 938 346 152 65 28 11 4 1 
Survivor28651-1: 940 343 173 76 28 11 4 1 
Survivor28700-1_mutated: 1414 435 165 71 28 12 5 1 
Child_Cross28704-30: 1305 386 192 71 28 12 5 1 
Survivor28714-1_mutated: 1313 386 192 65 28 12 5 1 
Child_Cross28735-29: 1148 387 168 62 32 13 4 1 
Survivor28737-1_mutated: 1148 457 168 75 32 13 4 1 
Survivor28991-1: 1119 420 167 59 35 13 5 1 
Survivor29189-1: 3516 813 388 173 72 40 13 4 1 
Survivor29286-1: 1359 368 157 69 29 13 6 1 
Survivor29412-1: 1321 427 153 65 35 11 4 1 
Survivor29428-1: 1148 427 153 65 35 11 4 1 
Survivor29820-1: 1103 437 194 72 32 11 4 1 
Survivor29833-1_mutated: 1103 437 194 72 40 13 5 1 
Child_Avg29966-63: 1098 431 179 60 28 11 4 1 
Survivor30136-1: 1073 367 148 72 30 11 5 1 
Child_Cross30139-30: 1129 346 143 62 28 12 5 1 
Survivor30275-1_mutated: 1331 386 174 74 35 12 5 1 
Survivor30675-1: 1424 432 156 65 35 11 4 1 
Survivor30745-1: 1068 347 149 58 30 12 5 1 
Survivor30753-1: 928 369 139 60 28 11 4 1 
Child_Levy31021-16_mutated: 1388 397 189 79 32 13 4 1 
Survivor31219-1: 1127 363 156 66 32 13 4 1 
Survivor31252-1: 994 358 148 67 35 13 5 1 
Survivor31600-1: 895 370 169 68 31 11 4 1 
Survivor31706-1: 3944 876 312 162 53 27 10 4 1 
Child_Cross31988-38: 1425 422 181 67 35 13 5 1 
Child_Cross32003-18: 1060 327 139 67 35 13 5 1 
Survivor32122-1: 1053 394 160 63 35 11 4 1 
Child_Cross32325-6: 942 398 161 80 31 14 5 1 
Child_Cross32326-25: 1128 405 147 62 30 12 5 1 
Survivor32338-1: 1200 424 177 61 28 13 4 1 
Child_Avg32371-11: 2721 841 253 121 56 24 11 5 1 
Survivor32402-1_mutated: 1368 376 159 61 31 11 4 1 
Survivor33221-1: 1164 369 157 63 28 11 4 1 
Child_Levy33236-12: 1315 385 164 70 32 11 4 1 
Survivor33250-1: 1519 385 164 70 32 11 4 1 
Child_Levy33615-48: 953 349 149 62 28 12 5 1 
Child_Cross33618-5: 1120 355 163 61 28 12 5 1 
Child_Levy33781-44: 1325 432 199 75 35 12 5 1 
Survivor33843-1: 1325 461 199 85 35 12 5 1 
Child_Cross33905-26: 4644 1007 349 137 63 27 13 5 1 
Child_Levy34618-28: 1364 431 153 59 32 13 5 1 
Child_Avg34650-63: 3218 990 329 134 60 28 11 4 1 
Survivor34700-1: 1148 385 160 67 29 14 4 1 
Survivor34777-1: 1203 376 165 65 31 10 4 1 
Child_Cross34778-46: 1451 431 163 65 28 11 4 1 
Child_Levy34816-4: 1154 347 150 63 27 13 5 1 
Survivor34870-1: 1212 380 147 69 27 10 4 1 
Child_Levy35389-64: 3592 877 275 124 56 21 11 4 1 
Child_Cross35558-45: 1196 380 151 63 31 14 5 1 
Child_Cross35565-54: 1196 380 151 63 27 14 4 1 
Child_Cross35626-46: 1108 435 204 76 28 13 4 1 
Survivor36060-1: 1379 446 190 79 29 14 4 1 
Survivor36101-1: 1378 379 158 61 30 11 5 1 
Child_Cross36105-5: 1383 368 164 59 30 11 5 1 
Survivor36156-1: 1078 307 139 60 28 11 4 1 
Survivor36187-1: 1235 450 217 74 31 14 5 1 
Survivor36192-1: 1163 450 217 74 31 14 4 1 
Survivor36195-1_mutated: 1163 450 217 74 31 14 5 1 
Child_Cross36315-6: 1309 384 162 69 32 11 4 1 
Child_Levy36389-12: 1116 403 164 65 27 14 4 1 
Survivor36513-1: 1488 564 190 83 33 14 4 1 
Child_Cross36552-57: 1127 393 191 68 29 14 4 1 
Survivor36561-1: 1054 355 160 62 29 14 4 1 
Survivor36738-1: 942 401 164 59 31 11 4 1 
Survivor36741-1: 1141 339 162 65 35 12 5 1 
Random36788-22: 3327 1088 353 156 73 27 13 4 1 
Survivor37142-1: 1479 407 151 69 27 10 4 1 
Survivor37165-1: 3648 1042 444 149 69 27 10 4 1 
Survivor37225-1: 1365 376 170 65 24 11 4 1 
Survivor37382-1: 1091 395 149 63 28 11 4 1 
Survivor37414-1: 1091 395 149 63 35 11 5 1 
Child_Cross37416-45: 1091 395 151 63 35 11 5 1 
Survivor37576-1: 1227 391 173 61 30 11 5 1 
Survivor37586-1_mutated: 1050 391 173 61 30 11 5 1 
Survivor37712-1: 1162 329 160 59 29 11 5 1 
Survivor37835-1_mutated: 1384 373 156 59 28 11 4 1 
Survivor37865-1: 1058 394 156 59 28 11 4 1 
Survivor37870-1: 1049 380 151 58 28 11 4 1 
Survivor37931-1: 1049 380 151 58 30 11 5 1 
Survivor37989-1: 920 354 139 54 28 11 4 1 
Survivor38239-1: 4013 1171 385 188 67 36 15 4 1 
Survivor38271-1: 977 408 149 57 27 13 5 1 
Random38394-33: 4219 1118 339 143 63 31 11 4 1 
Survivor38668-1: 1215 380 163 59 30 11 5 1 
Child_Cross38732-37: 1097 372 157 57 31 11 4 1 
Child_Cross38873-57: 3536 846 403 174 71 27 14 4 1 
Survivor38884-1: 3554 846 403 174 71 27 14 4 1 
Survivor38900-1: 1940 567 263 119 54 28 12 5 1 
Survivor39329-1: 1172 415 167 69 35 11 5 1 
Survivor39607-1: 1026 391 150 58 27 13 5 1 
Survivor39681-1: 1026 365 181 65 28 12 5 1 
Child_Cross39802-33: 1357 414 166 75 32 13 5 1 
Child_Levy39853-60_mutated: 3136 1150 318 148 67 35 13 5 1 
Child_Cross39890-21: 1045 360 167 63 29 14 4 1 
Child_Cross39892-1: 1126 351 162 61 30 13 5 1 
Survivor39945-1: 3037 768 310 129 59 28 9 4 1 
Child_Cross40023-53: 1070 336 146 61 29 10 4 1 
Survivor40111-1: 1297 405 152 73 33 12 5 1 
Child_Cross40205-62: 1182 380 150 63 27 13 5 1 
Survivor40365-1: 1116 387 180 76 34 11 5 1 
Survivor40613-1: 1046 337 149 58 30 12 5 1 
Child_Cross40667-9: 4212 997 414 176 82 29 16 5 1 
Child_Cross40783-26: 1322 407 161 67 33 12 5 1 
Child_Cross40791-2: 1322 407 161 67 32 13 4 1 
Survivor41039-1: 1303 355 156 58 28 11 4 1 
Survivor41170-1: 1090 405 159 61 23 12 5 1 
Survivor41323-1: 1467 430 162 63 31 11 4 1 
Survivor41657-1: 1023 390 163 63 28 11 4 1 
Child_Cross41726-10: 1527 430 169 66 28 12 5 1 
Child_Cross42032-37: 1022 345 145 63 28 12 5 1 
Survivor42036-1: 1064 422 171 76 30 12 5 1 
Survivor42039-1: 1166 365 127 58 28 12 5 1 
Child_Avg42090-3: 1133 350 151 62 30 11 5 1 
Child_Cross42176-1_mutated: 1294 403 169 77 33 12 5 1 
Child_Cross42189-46: 4625 1070 331 139 60 28 11 4 1 
Survivor42443-1: 4395 1319 480 178 72 28 13 4 1 
Survivor42469-1: 1176 355 149 67 32 13 5 1 
Survivor42916-1: 1072 334 145 65 24 11 5 1 
Survivor43139-1: 1395 361 169 62 29 14 4 1 
Survivor43181-1: 1187 378 167 68 36 13 4 1 
Child_Avg43237-19: 1469 424 190 82 29 14 4 1 
Child_Cross43543-10: 3109 718 285 113 61 29 11 5 1 
Child_Cross43636-41: 2951 749 281 121 61 29 9 4 1 
Survivor43701-1: 1460 447 183 71 25 12 5 1 
Survivor43709-1: 1407 394 183 71 25 12 5 1 
Child_Avg43793-43_mutated: 1156 400 153 71 28 12 5 1 
Child_Cross43888-1: 1577 571 222 80 35 13 5 1 
Child_Cross44002-34: 1128 440 179 94 31 14 4 1 
Child_Cross44151-1: 1237 432 199 82 40 12 5 1 
Child_Avg44315-55: 1047 413 170 71 29 11 5 1 
Survivor44319-1: 1005 354 149 70 30 12 5 1 
Survivor44531-1: 1085 379 148 60 35 11 5 1 
Survivor44570-1: 1083 349 138 72 27 10 4 1 
Survivor44822-1: 3759 649 289 112 54 24 11 5 1 
Child_Levy45056-8: 1419 396 159 64 30 12 5 1 
Child_Cross45244-10: 1084 373 139 54 28 11 4 1 
Child_Cross45639-53: 4599 3413 904 367 129 63 29 10 4 1 
Child_Cross45900-22: 1128 337 130 62 24 11 4 1 
Survivor46470-1: 1128 394 163 66 28 11 4 1 
Survivor46543-1: 1314 363 160 59 28 12 5 1 
Child_Cross46619-14: 1211 374 181 85 29 13 6 1 
Survivor46624-1: 1211 374 181 72 29 13 6 1 
Survivor46656-1: 1359 437 186 70 32 11 4 1 
Child_Levy46905-24: 1755 427 189 92 32 13 5 1 
Survivor47088-1: 1043 326 165 72 27 10 4 1 
Survivor47157-1: 1130 377 140 66 30 13 5 1 
Survivor47290-1: 1301 488 177 66 28 13 4 1 
Survivor47947-1: 3116 796 298 129 51 30 11 5 1 
Survivor48003-1: 1155 342 139 62 24 11 4 1 
Survivor48050-1: 1222 392 171 68 28 13 4 1 
Child_Cross48144-18: 1262 432 190 73 30 11 5 1 
Child_Cross48148-34: 1137 432 198 73 30 11 5 1 
Child_Avg48257-31: 1033 393 156 61 28 12 5 1 
Survivor48299-1: 1031 331 145 59 28 12 5 1 
Survivor48489-1: 3499 1026 470 184 74 27 11 4 1 
Survivor48616-1: 1315 418 175 74 26 14 5 1 
Survivor48915-1: 1116 399 143 69 28 11 4 1 
Survivor49039-1: 1127 397 139 60 29 11 5 1 
Child_Cross49120-45: 1864 477 211 81 40 12 5 1 
Survivor49757-1: 1078 336 157 60 29 11 5 1 
Survivor49966-1: 1096 372 142 65 28 11 4 1 
Survivor50373-1: 1068 374 156 65 28 11 4 1 
Child_Levy50452-56: 989 423 167 84 31 14 5 1 
Child_Cross50526-45: 1093 421 153 72 32 13 4 1 
Child_Cross50527-1: 1093 421 153 72 32 13 5 1 
Survivor50716-1: 970 367 149 64 29 11 5 1 
Survivor50780-1: 1030 419 156 65 30 11 5 1 
Survivor50782-1_mutated: 1030 371 156 65 30 11 5 1 
Survivor51107-1: 3357 932 382 120 65 28 11 4 1 
Survivor51184-1: 3247 736 330 107 63 26 14 5 1 
Survivor51225-1_mutated: 3192 736 267 107 63 26 14 5 1 
Survivor51244-1: 1146 467 165 74 27 13 4 1 
Survivor51260-1_mutated: 1118 390 165 74 27 13 5 1 
Child_Cross51274-26_mutated: 1118 390 165 74 29 11 5 1 
Survivor51422-1: 1051 409 156 63 28 11 4 1 
Child_Levy51499-64: 1572 611 223 80 31 14 5 1 
Survivor51739-1_mutated: 3431 885 387 173 74 27 13 5 1 
Survivor51764-1_mutated: 3497 862 387 173 74 27 13 5 1 
Survivor51767-1_mutated: 3497 941 387 173 74 27 13 5 1 
Survivor51974-1: 1152 357 184 63 25 11 5 1 
Child_Cross51989-14: 4239 1268 433 163 63 29 11 5 1 
Survivor52049-1: 941 358 139 58 30 11 5 1 
Child_Cross52185-45: 1956 710 267 113 56 25 9 4 1 
Child_Cross52339-57: 1101 379 161 67 33 12 5 1 
Survivor52832-1: 983 354 157 60 28 11 4 1 
Survivor53070-1: 1095 449 151 77 33 12 5 1 
Survivor53149-1: 3566 764 344 127 70 29 9 4 1 
Survivor53207-1: 1036 365 164 63 27 10 4 1 
Survivor53217-1: 1428 450 171 74 35 11 5 1 
Child_Avg53252-23: 1609 460 187 75 31 14 5 1 
Child_Cross53256-53: 1452 415 172 67 31 14 5 1 
Survivor53415-1: 1176 356 161 59 30 11 5 1 
Survivor53424-1: 1146 366 153 59 32 13 5 1 
Survivor53433-1: 3699 979 393 136 59 32 13 5 1 
Survivor54236-1: 1055 369 133 69 28 11 4 1 
Survivor54287-1: 3437 1046 567 186 75 29 14 4 1 
Survivor54304-1: 1392 419 182 77 31 14 4 1 
Survivor54554-1: 915 338 139 67 35 13 5 1 
Survivor54666-1: 1378 473 183 81 36 13 4 1 
Survivor55169-1_mutated: 1077 391 162 69 35 13 5 1 
Survivor55315-1: 1068 387 157 71 27 13 5 1 
Survivor55465-1: 1374 399 181 75 27 14 4 1 
Survivor55698-1: 1420 589 236 101 53 27 10 4 1 
Survivor55809-1_mutated: 1171 330 142 59 30 11 5 1 
Child_Levy55928-12: 1279 444 161 59 30 11 5 1 
Survivor55986-1: 1109 353 140 62 24 9 4 1 
Child_Cross56062-38: 3860 862 451 151 90 35 12 5 1 
Survivor56070-1: 3860 1033 451 151 90 35 12 5 1 
Survivor56073-1: 884 361 177 67 35 13 5 1 
Survivor56320-1: 907 334 161 60 28 11 4 1 
Survivor56354-1: 907 381 161 60 28 11 4 1 
Child_Avg56460-55: 1066 427 186 63 35 12 5 1 
Survivor56511-1: 1073 412 176 61 28 12 5 1 
Child_Levy56579-20: 1235 381 143 62 28 12 5 1 
Survivor56982-1: 966 359 178 77 31 14 5 1 
Child_Cross57003-22: 1336 394 159 61 32 13 5 1 
Survivor57013-1: 1058 399 158 58 27 13 5 1 
Survivor57398-1: 1135 408 170 59 28 11 4 1 
Survivor57407-1: 3157 709 392 180 65 28 11 4 1 
Survivor57517-1: 2275 610 297 131 60 27 13 4 1 
Child_Cross57633-41: 3613 1060 391 143 87 32 13 5 1 
Survivor58279-1: 3314 680 284 105 53 24 11 5 1 
Child_Cross58330-29: 1064 365 137 59 28 13 4 1 
Child_Cross58585-46: 1344 412 159 61 30 11 5 1 
Survivor58729-1: 1058 364 147 65 28 12 5 1 
Survivor58796-1: 1557 569 275 105 54 28 11 4 1 
Child_Levy59061-56: 1167 416 156 69 28 12 5 1 
Survivor59093-1: 4092 1142 581 210 71 28 11 4 1 
Survivor59185-1: 4084 1194 471 183 88 42 12 5 1 
Survivor59297-1: 1041 413 170 88 35 11 5 1 
Child_Cross59603-22: 1119 371 152 63 35 12 5 1 
Survivor59620-1: 1160 398 153 64 24 11 5 1 
Survivor59674-1: 1119 351 131 68 32 13 4 1 
Survivor59729-1: 1023 367 134 62 30 11 5 1 
Child_Cross59903-34: 1568 478 229 88 32 13 4 1 
Survivor60170-1: 4042 1060 378 119 60 28 11 4 1 
Survivor60182-1_mutated: 4042 1060 316 119 60 28 11 4 1 
Child_Avg60265-59_mutated: 3672 897 389 146 64 29 10 4 1 
Survivor60519-1: 1121 340 137 57 28 12 5 1 
Child_Levy60561-52: 1045 355 159 70 29 11 5 1 
Survivor60642-1: 1333 429 192 71 30 12 5 1 
Child_Cross60746-38: 4789 1386 411 171 89 35 11 4 1 
Survivor60898-1: 1101 422 167 68 36 13 4 1 
Survivor60912-1: 1119 390 161 73 32 13 4 1 
Child_Cross60913-29: 1119 390 161 73 33 12 5 1 
Survivor61054-1: 1366 473 203 77 30 14 5 1 
Survivor61108-1_mutated: 1085 407 150 67 31 14 5 1 
Survivor61129-1: 1090 338 159 61 29 14 4 1 
Survivor61357-1: 1352 431 159 70 40 13 5 1 
Child_Levy61490-60: 3099 833 323 132 67 30 11 5 1 
Child_Cross61556-2: 2939 756 315 140 62 28 13 4 1 
Survivor61587-1_mutated: 3502 758 315 140 62 28 13 4 1 
Survivor61622-1: 3502 758 353 140 62 28 13 4 1 
Survivor61646-1: 3502 758 353 140 62 24 11 4 1 
Survivor62143-1: 1153 343 129 60 28 11 4 1 
Survivor62524-1: 3344 1033 422 171 65 35 11 4 1 
Survivor62690-1: 973 378 155 69 32 13 4 1 
Survivor62726-1: 1157 433 160 73 35 11 4 1 
Child_Cross62769-25: 1410 450 197 64 35 11 4 1 
Survivor62836-1: 1458 399 153 73 35 12 5 1 
Child_Levy62838-28: 1096 339 142 64 30 11 5 1 
Survivor62867-1: 1241 468 160 97 35 13 5 1 
Survivor63061-1: 1241 399 164 61 36 13 4 1 
Child_Avg63209-47: 1111 445 156 86 40 13 5 1 
Survivor63327-1: 1157 462 215 85 41 13 4 1 
Survivor63551-1: 1041 367 146 54 28 11 4 1 
Survivor63738-1: 1075 356 153 69 30 11 5 1 
Child_Cross63794-5_mutated: 1454 425 181 70 32 11 4 1 
Survivor64021-1: 1211 357 151 62 25 11 5 1 
Child_Levy64261-24: 1436 405 173 68 25 11 5 1 
Child_Avg64323-43: 1097 408 151 63 31 14 4 1 
Survivor64397-1: 1170 402 157 60 27 13 4 1 
Survivor64537-1: 1079 399 164 61 30 13 5 1 
Survivor65354-1: 3091 900 366 144 67 30 9 4 1 
Survivor65814-1: 2048 787 245 134 63 25 11 5 1 
Child_Levy65988-32: 1018 388 167 69 32 11 4 1 
Survivor66211-1: 1261 404 170 63 35 12 5 1 
Survivor66218-1_mutated: 1370 404 170 63 35 12 5 1 
Survivor66339-1: 1364 428 164 79 40 14 5 1 
Survivor66371-1: 1407 451 179 82 35 13 5 1 
Child_Avg66409-31: 1158 353 134 65 28 11 4 1 
Child_Cross66706-2: 1081 409 158 64 28 11 4 1 
Survivor66823-1: 1115 389 172 59 28 12 5 1 
Survivor67013-1_mutated: 1056 404 171 65 25 11 5 1 
Survivor67259-1_mutated: 1475 455 206 66 32 13 4 1 
Child_Levy67308-20: 1139 363 144 62 32 13 5 1 
Survivor67328-1: 1139 357 144 62 32 13 5 1 
Survivor67399-1: 949 335 139 75 27 14 4 1 
Survivor68044-1: 1465 564 242 125 60 27 13 5 1 
Child_Cross68107-25: 1354 407 152 78 31 14 4 1 
Survivor68439-1: 3164 813 383 151 89 32 11 4 1 
Child_Levy68477-4: 4257 1271 354 154 78 35 13 5 1 
Survivor68489-1_mutated: 4257 1410 395 154 78 35 13 5 1 
Survivor68492-1_mutated: 4257 1410 395 154 78 35 12 5 1 
Survivor68495-1_mutated: 4257 1410 438 154 78 35 12 5 1 
Child_Levy68544-16: 1140 346 139 57 28 12 5 1 
Child_Avg68602-27: 1518 454 174 69 28 11 4 1 
Child_Avg68639-63: 1014 334 151 62 28 12 5 1 
Survivor68694-1: 1342 344 223 84 35 13 5 1 
Survivor68718-1: 924 306 144 59 28 12 5 1 
Child_Cross68906-53: 1457 417 167 68 32 13 4 1 
Survivor69018-1: 858 374 161 67 32 11 4 1 
Survivor69034-1: 1444 457 184 58 28 11 4 1 
Child_Levy69127-60: 3706 939 374 147 57 32 11 4 1 
Survivor69194-1: 1300 449 161 61 30 11 5 1 
Child_Levy69274-32: 3656 1092 464 139 73 35 11 5 1 
Survivor69288-1: 3656 1103 374 137 73 35 11 5 1 
Survivor69305-1: 1388 502 163 73 36 13 4 1 
Survivor69314-1: 1207 412 150 66 35 12 5 1 
Survivor69374-1: 1039 446 156 64 27 13 5 1 
Child_Cross69552-29: 1403 380 160 67 28 12 5 1 
Child_Levy69566-12: 1563 470 178 98 35 13 5 1 
Survivor70342-1: 1130 454 151 63 27 14 4 1 
Child_Cross70416-57: 3459 972 377 147 86 35 12 5 1 
Child_Levy70480-40: 1046 395 155 67 30 11 5 1 
Survivor70605-1: 1331 364 166 81 31 14 4 1 
Survivor70614-1_mutated: 1331 364 166 81 31 14 5 1 
Survivor70774-1: 1069 394 157 83 31 14 4 1 
Survivor70840-1: 1226 390 151 75 28 11 4 1 
Survivor70938-1_mutated: 4034 827 460 175 91 30 11 5 1 
Child_Cross70940-58: 1135 423 175 86 30 11 5 1 
Survivor71404-1: 1425 444 180 77 27 14 4 1 
Child_Cross71415-37: 1136 348 153 59 32 13 4 1 
Child_Cross71417-14: 1136 348 153 59 30 11 5 1 
Survivor71422-1: 1136 348 153 59 28 13 4 1 
Child_Cross71941-33: 2018 586 323 110 58 24 11 4 1 
Survivor72037-1: 1307 430 180 73 33 12 5 1 
Survivor72070-1: 1295 396 142 62 27 14 4 1 
Child_Avg72225-27_mutated: 1368 421 222 75 32 13 5 1 
Survivor72366-1: 1171 395 166 71 28 11 4 1 
Child_Levy72387-16: 941 343 148 62 27 13 5 1 
Survivor72420-1: 1152 360 153 71 29 10 4 1 
Child_Cross72847-42: 1320 371 166 72 32 13 4 1 
Child_Cross72916-54: 1262 452 181 75 32 13 4 1 
Child_Avg72962-11: 1153 411 163 65 31 10 4 1 
Survivor73014-1: 1203 419 166 65 31 10 4 1 
Survivor73055-1: 1171 325 147 64 24 9 4 1 
Child_Avg73132-59_mutated: 1509 442 179 75 32 13 4 1 
Survivor73328-1: 1119 469 158 64 27 13 5 1 
Survivor73775-1: 1299 407 164 62 35 12 5 1 
Survivor73791-1: 1126 407 164 62 29 10 4 1 
Child_Cross73922-54_mutated: 1200 399 188 73 30 11 5 1 
Child_Cross74022-42: 1214 431 162 70 29 11 5 1 
Child_Cross74026-1: 3769 812 304 169 59 30 11 5 1 
Survivor74103-1: 1531 465 170 73 27 14 4 1 
Survivor74242-1: 3553 941 292 107 45 24 11 4 1 
Child_Cross74329-25: 3647 877 267 109 53 24 11 4 1 
Survivor74452-1: 1371 366 141 73 24 11 5 1 
Survivor74601-1: 1550 404 162 75 32 13 4 1 
Survivor74604-1_mutated: 1271 404 162 75 32 13 4 1 
Child_Cross74872-33: 2019 661 260 113 60 28 11 4 1 
Child_Avg74946-63: 1394 433 162 78 32 15 4 1 
Survivor75025-1: 1147 374 157 74 27 13 5 1 
Child_Cross75182-38: 905 397 142 69 32 13 5 1 
Survivor75296-1: 1015 351 158 66 30 11 5 1 
Child_Cross75347-5: 4633 2825 814 298 137 61 29 9 4 1 
Survivor75477-1: 1104 379 146 63 28 11 4 1 
Child_Levy75482-12: 1404 447 181 82 28 11 4 1 
Survivor75495-1: 1104 379 147 70 32 11 4 1 
Child_Avg75803-3_mutated: 1463 518 163 77 28 11 4 1 
Child_Cross75836-26: 1117 405 139 66 28 12 5 1 
Survivor75966-1: 1047 338 167 59 29 11 5 1 
Child_Levy76110-28: 1346 411 152 64 27 13 5 1 
Child_Cross76111-37: 1346 411 152 64 35 13 5 1 
Survivor76342-1: 2070 612 281 105 57 28 11 4 1 
Survivor76385-1: 1347 404 163 63 31 11 4 1 
Child_Cross76446-61: 1322 407 172 62 32 13 5 1 
Child_Cross76595-14: 1298 515 179 72 26 14 5 1 
Child_Cross76753-45: 1455 525 180 76 29 13 6 1 
Child_Avg76800-23: 2009 578 232 88 35 12 5 1 
Survivor76914-1: 1190 437 149 71 31 14 4 1 
Survivor77117-1: 1131 323 151 62 32 13 4 1 
Child_Cross77330-38: 1146 343 136 73 35 11 5 1 
Child_Levy77459-12: 918 363 147 58 28 12 5 1 
Child_Cross77686-21: 1113 346 138 60 27 13 5 1 
Child_Levy77777-64_mutated: 940 401 161 64 27 13 5 1 
Child_Cross77781-13: 4198 1130 374 149 64 27 13 5 1 
Survivor78042-1: 1377 545 202 68 29 14 4 1 
Survivor78299-1: 1307 440 179 72 32 13 4 1 
Survivor78404-1: 1435 441 161 73 32 13 4 1 
Survivor78469-1: 1113 433 168 67 31 11 4 1 
Survivor78487-1: 1079 383 167 64 28 13 4 1 
Child_Levy78616-64: 3965 1239 493 198 91 35 11 5 1 
Child_Cross78621-41: 1181 411 206 75 35 11 5 1 
Survivor78625-1_mutated: 1181 411 206 75 35 12 5 1 
Survivor78947-1: 1091 394 145 61 31 14 5 1 
Survivor78998-1: 1165 344 144 57 32 11 4 1 
Child_Avg79249-19: 1322 465 188 65 28 11 4 1 
Child_Cross79310-30: 1138 417 163 60 28 11 4 1 
Child_Levy79312-4: 1418 426 191 73 30 11 5 1 
Child_Cross79476-61: 1115 410 188 65 35 11 4 1 
Survivor79534-1_mutated: 3362 962 383 156 77 35 12 5 1 
Survivor79575-1: 3742 849 344 153 62 30 11 4 1 
Survivor80169-1: 1103 379 130 70 29 11 5 1 
Survivor80198-1: 3186 713 316 117 60 27 14 4 1 
Child_Levy80273-36_mutated: 1395 428 193 72 32 13 4 1 
Survivor80320-1: 942 337 159 65 30 11 5 1 
Survivor80373-1: 1110 424 165 69 30 11 5 1 
Survivor80545-1: 1295 342 155 63 28 11 4 1 
Survivor80607-1: 1363 365 184 64 29 11 5 1 
Child_Cross80691-26: 4639 1145 362 161 74 28 11 4 1 
Survivor80704-1: 3801 946 306 137 71 28 11 4 1 
Survivor80719-1: 3081 1013 330 156 71 28 11 4 1 
Survivor80813-1: 3665 793 381 128 58 28 11 4 1 
Child_Cross80821-9: 3665 793 381 128 60 29 11 5 1 
Survivor80832-1_mutated: 3665 793 381 143 60 28 11 4 1 
Survivor80979-1: 1108 378 173 74 34 16 5 1 
Survivor81010-1: 3032 893 348 131 54 29 14 4 1 
Survivor81103-1: 1320 431 142 65 28 11 4 1 
Survivor81245-1: 1230 416 141 70 30 12 5 1 
Child_Cross81254-30: 1157 510 193 74 28 12 5 1 
Survivor81257-1_mutated: 1274 510 193 74 28 12 5 1 
Survivor81263-1: 1153 408 141 65 28 12 5 1 
Survivor81361-1: 1098 395 168 78 32 11 4 1 
Child_Levy81749-64: 1209 365 161 62 30 12 5 1 
Child_Cross81868-49: 1179 428 185 64 30 12 5 1 
Survivor82108-1: 1440 455 179 77 35 12 5 1 
Survivor82183-1: 1149 428 180 71 28 11 4 1 
Child_Cross82312-1: 941 365 149 68 32 11 4 1 
Survivor82363-1: 1120 359 168 68 31 11 4 1 
Random82404-8: 4096 1159 363 146 67 31 11 4 1 
Survivor82467-1: 961 352 136 58 27 13 5 1 
Child_Avg82538-59: 1311 423 158 67 30 11 5 1 
Survivor82580-1_mutated: 4360 1263 473 154 71 29 11 5 1 
Survivor82647-1: 938 341 129 63 28 12 5 1 
Survivor82650-1: 938 341 129 63 28 13 4 1 
Child_Levy82733-24: 1082 344 157 68 31 11 4 1 
Child_Levy82865-44: 1203 379 158 78 30 13 5 1 
Survivor82903-1: 1203 424 158 71 30 13 5 1 
Child_Cross83029-30: 1313 385 156 66 28 13 4 1 
Survivor83224-1: 1168 442 162 67 32 11 4 1 
Child_Cross83445-1: 1197 349 143 59 27 13 5 1 
Survivor83452-1: 1197 381 143 59 27 13 5 1 
Survivor83497-1: 1197 442 143 59 27 13 5 1 
Child_Levy83647-48: 1086 402 156 65 28 12 5 1 
Survivor83917-1: 1796 599 269 118 54 28 11 4 1 
Survivor84062-1_mutated: 952 405 176 77 28 12 5 1 
Survivor84132-1: 4102 972 295 121 64 28 11 4 1 
Child_Levy84290-56: 1142 479 159 75 35 11 5 1 
Child_Levy84481-40: 1408 571 180 76 35 13 5 1 
Survivor84494-1: 4283 1213 494 181 59 32 13 4 1 
Child_Levy84546-40: 1851 518 223 91 35 13 5 1 
Child_Cross84552-18: 1387 426 151 76 35 13 5 1 
Survivor84560-1: 1387 426 151 76 36 14 5 1 
Child_Cross84620-5: 1122 354 137 62 28 12 5 1 
Survivor84625-1: 1390 421 164 72 30 13 5 1 
Child_Avg84832-27: 1374 407 162 71 28 11 4 1 
Child_Cross84858-45: 1374 407 162 71 27 13 5 1 
Survivor84948-1: 1091 423 162 65 29 14 4 1 
Child_Cross85028-61_mutated: 1079 475 158 67 31 14 5 1 
Child_Cross85050-14: 897 332 143 59 30 11 5 1 
Child_Cross85216-34: 1432 417 160 72 35 12 5 1 
Child_Cross85336-21: 1337 517 210 82 28 11 4 1 
Survivor85418-1: 1321 484 163 69 28 11 4 1 
Child_Cross85422-61: 1321 484 163 69 28 12 5 1 
Survivor85446-1_mutated: 1356 484 189 69 28 12 5 1 
Survivor85462-1_mutated: 1356 494 189 82 28 12 5 1 
Child_Cross85465-29: 1089 403 165 65 28 11 4 1 
Survivor85476-1: 1162 383 169 63 28 11 4 1 
Child_Cross85814-37: 1476 423 157 68 28 13 4 1 
Survivor85822-1: 1427 423 157 68 28 13 4 1 
Survivor85827-1_mutated: 1427 477 157 68 28 13 4 1 
Survivor86065-1: 1527 476 165 76 28 11 4 1 
Child_Avg86136-19_mutated: 1416 425 183 84 35 13 6 1 
Survivor86143-1: 1366 388 161 70 30 11 5 1 
Survivor86195-1: 992 386 140 67 24 11 5 1 
Survivor86706-1: 1361 514 184 78 35 11 4 1 
Survivor87045-1: 1048 335 147 59 28 11 4 1 
Child_Avg87096-31: 1228 370 161 71 32 11 4 1 
Survivor87192-1: 1181 399 161 67 35 12 5 1 
Child_Levy87260-44: 906 335 186 64 30 11 5 1 
Child_Cross87370-61: 1319 373 147 74 28 12 5 1 
Survivor87522-1: 1567 458 150 81 32 13 5 1 
Child_Cross87663-33: 4983 4442 1080 407 168 94 36 13 4 1 
