51|Survivor|1|Mutated: 3887 821 359 164 79 32 13 5 1 
268|Survivor|1: 1039 419 191 83 28 12 5 1 
272|Child_Cross|17: 3474 854 336 189 83 28 12 5 1 
275|Child_Cross|13: 905 356 143 69 28 12 5 1 
304|Survivor|1: 1129 327 146 56 27 13 5 1 
364|Survivor|1: 1193 393 164 62 30 11 5 1 
420|Survivor|1: 1167 410 171 65 25 11 5 1 
429|Survivor|1: 1167 410 171 64 24 11 5 1 
467|Survivor|1: 1140 377 141 70 30 12 5 1 
471|Child_Cross|10: 1136 391 166 66 30 11 5 1 
473|Child_Cross|34: 1088 395 161 66 28 12 5 1 
479|Child_Cross|2: 1154 407 167 62 28 12 5 1 
776|Survivor|1: 1059 371 133 67 31 14 4 1 
841|Survivor|1: 1460 426 161 67 33 12 5 1 
907|Survivor|1: 1540 428 182 65 28 11 4 1 
1282|Survivor|1: 1117 355 160 58 30 13 5 1 
1295|Survivor|1: 3483 797 332 115 57 30 13 5 1 
1468|Survivor|1: 1131 396 164 59 29 11 5 1 
1506|Child_Cross|26: 1131 396 164 59 30 11 5 1 
1602|Child_Avg|7: 1487 427 171 76 30 13 5 1 
1640|Survivor|1: 3415 791 280 141 69 32 13 4 1 
1744|Survivor|1: 1396 407 154 70 30 13 5 1 
1755|Survivor|1: 1396 407 154 70 36 13 4 1 
1799|Survivor|1: 4079 1152 430 136 77 28 11 4 1 
1922|Survivor|1: 2044 568 229 94 31 14 6 1 
1934|Child_Cross|14: 1206 386 167 68 29 11 5 1 
2079|Child_Levy|12: 1409 440 180 98 35 13 5 1 
2213|Child_Cross|21: 1385 489 176 68 35 12 5 1 
2240|Child_Cross|1: 4087 873 348 122 56 31 11 4 1 
2297|Survivor|1: 1085 297 123 60 28 11 4 1 
2319|Child_Cross|41: 1141 439 164 67 32 13 4 1 
2622|Survivor|1: 1087 341 149 61 30 11 5 1 
3036|Survivor|1: 1148 428 169 59 32 11 4 1 
3437|Child_Cross|37: 1391 458 186 79 40 15 4 1 
3646|Survivor|1: 1144 321 149 59 25 12 5 1 
3709|Survivor|1: 3684 983 311 150 59 31 11 4 1 
3830|Child_Levy|60: 1325 451 195 77 27 13 5 1 
3854|Child_Cross|57: 962 355 165 72 27 13 5 1 
3885|Survivor|1|Mutated: 961 355 165 72 27 13 5 1 
3903|Survivor|1|Mutated: 957 355 165 72 27 13 5 1 
3916|Child_Cross|29: 1105 376 151 63 29 13 6 1 
3922|Child_Levy|8: 1093 313 147 66 28 12 5 1 
3943|Child_Cross|53: 1154 365 188 61 35 12 5 1 
4052|Survivor|1: 1410 426 157 60 28 11 4 1 
4363|Child_Cross|22: 1348 375 156 69 28 11 4 1 
4486|Survivor|1: 3906 863 306 165 74 29 10 4 1 
4786|Survivor|1: 1326 381 165 67 35 11 4 1 
4796|Child_Cross|50: 1326 381 165 67 35 11 5 1 
4820|Survivor|1: 1200 383 177 79 32 11 4 1 
5061|Survivor|1: 912 393 151 57 28 12 5 1 
5233|Child_Cross|53: 1164 361 156 61 29 14 4 1 
5319|Survivor|1: 928 328 171 69 30 11 5 1 
5333|Child_Cross|18: 3010 1069 358 136 67 30 11 5 1 
5384|Child_Cross|22: 4363 882 363 133 66 27 10 4 1 
5501|Child_Avg|55: 1080 404 178 69 28 11 4 1 
5537|Child_Avg|23: 1108 399 147 60 28 11 4 1 
5874|Survivor|1: 1189 421 149 71 24 11 4 1 
6136|Child_Avg|59: 1053 349 152 65 28 12 5 1 
6304|Survivor|1: 4434 1028 363 161 75 24 11 4 1 
6396|Survivor|1: 1311 393 154 73 32 13 4 1 
6638|Survivor|1: 1370 518 173 77 41 13 4 1 
6859|Child_Avg|23: 853 335 161 62 30 11 5 1 
6992|Child_Cross|61: 1225 424 183 82 33 12 5 1 
7159|Survivor|1: 964 333 161 65 28 12 5 1 
7194|Survivor|1: 1155 400 173 60 31 14 4 1 
7317|Child_Cross|42: 1354 459 176 81 32 13 5 1 
7419|Survivor|1: 1323 460 189 75 35 12 5 1 
7555|Survivor|1: 1206 372 164 63 35 12 5 1 
7716|Child_Cross|30: 1409 362 163 68 31 11 4 1 
8073|Survivor|1: 1371 430 156 63 28 11 4 1 
8119|Child_Cross|26: 1314 511 187 65 28 11 4 1 
8136|Survivor|1: 1206 511 187 65 28 11 4 1 
8249|Survivor|1: 1174 319 173 60 28 11 4 1 
8314|Survivor|1: 1328 396 164 77 37 14 4 1 
8317|Survivor|1: 1328 396 164 77 28 13 4 1 
8367|Child_Cross|5: 1052 378 155 77 28 12 5 1 
8521|Survivor|1: 1119 394 143 87 32 13 4 1 
8662|Survivor|1: 1521 481 170 81 32 11 4 1 
8709|Survivor|1: 956 305 167 74 30 13 5 1 
8853|Survivor|1: 3594 877 307 107 53 28 11 4 1 
8894|Survivor|1: 4042 877 307 107 59 27 13 5 1 
9041|Child_Levy|52: 1007 392 150 78 31 14 5 1 
9150|Survivor|1: 1129 361 142 64 35 13 5 1 
9241|Survivor|1: 1003 367 153 65 30 11 5 1 
9394|Child_Levy|16: 1171 420 192 75 35 13 5 1 
9691|Child_Levy|20: 1108 421 162 69 32 11 4 1 
9797|Child_Levy|52: 1128 403 179 74 26 14 5 1 
9839|Survivor|1: 903 370 145 60 28 11 4 1 
9859|Child_Cross|18: 3271 735 263 130 60 28 11 4 1 
10039|Survivor|1: 933 323 147 69 28 12 5 1 
10180|Survivor|1: 1855 513 207 78 31 14 5 1 
10215|Survivor|1: 1063 371 149 61 29 9 4 1 
10270|Survivor|1: 1295 400 182 67 30 13 5 1 
10287|Child_Avg|51: 1128 344 160 63 28 12 5 1 
10513|Survivor|1: 1499 446 170 83 36 13 4 1 
10579|Survivor|1: 3234 768 319 143 68 23 10 4 1 
10668|Survivor|1: 1094 420 147 58 23 10 4 1 
10712|Survivor|1|Mutated: 1130 442 163 61 31 14 4 1 
11005|Child_Avg|59: 3090 812 365 155 63 32 13 4 1 
11114|Survivor|1: 1116 399 179 68 32 11 4 1 
11313|Child_Cross|41: 1444 418 184 63 35 11 4 1 
11331|Child_Levy|48: 1117 405 177 73 35 12 5 1 
11439|Survivor|1: 1257 385 162 58 28 11 4 1 
11938|Survivor|1: 1358 405 175 63 29 11 5 1 
12123|Survivor|1: 1060 328 141 55 27 10 4 1 
12233|Survivor|1: 1088 373 161 73 32 13 4 1 
12272|Survivor|1: 1145 372 167 70 31 11 4 1 
12292|Survivor|1: 1145 352 167 70 31 11 4 1 
12608|Child_Cross|38: 1378 389 148 73 28 12 5 1 
12745|Survivor|1: 1361 431 168 74 35 12 5 1 
12820|Child_Avg|7: 1343 396 156 87 32 13 4 1 
12909|Survivor|1|Mutated: 4251 1239 379 158 66 31 14 5 1 
12941|Survivor|1: 1379 385 151 67 24 11 5 1 
12969|Child_Cross|34: 1082 355 141 69 28 11 4 1 
13064|Survivor|1: 4570 3994 860 391 137 64 24 11 4 1 
13159|Survivor|1: 932 323 149 73 27 13 5 1 
13314|Child_Levy|40: 1182 353 154 75 28 12 5 1 
13316|Survivor|1|Mutated: 1182 389 153 75 28 12 5 1 
13349|Child_Avg|23: 1104 412 161 80 28 11 4 1 
13394|Survivor|1: 2007 637 246 141 66 28 12 5 1 
13418|Survivor|1: 1117 339 153 72 28 13 4 1 
13514|Survivor|1|Mutated: 1116 340 164 63 35 12 5 1 
13606|Survivor|1: 1202 372 183 77 33 14 4 1 
13835|Child_Levy|40: 1512 454 205 78 30 13 5 1 
13895|Survivor|1: 1399 492 180 67 29 13 6 1 
13899|Survivor|1: 1399 492 180 67 29 14 6 1 
14037|Survivor|1: 1153 405 165 65 27 13 5 1 
14045|Survivor|1: 1392 428 157 62 28 12 5 1 
14047|Survivor|1|Mutated: 1399 428 157 62 28 12 5 1 
14203|Survivor|1: 1131 373 171 60 32 11 4 1 
14291|Child_Cross|17: 3557 871 326 139 71 25 15 4 1 
14608|Survivor|1: 4013 1616 405 172 77 33 14 4 1 
14970|Survivor|1: 1604 587 226 82 32 13 5 1 
15239|Child_Cross|22: 3071 831 369 133 54 23 10 4 1 
15357|Survivor|1: 3876 824 281 148 54 32 13 4 1 
15528|Survivor|1: 892 342 131 62 28 12 5 1 
15970|Survivor|1|Mutated: 3789 1015 331 136 64 27 13 4 1 
16068|Child_Avg|59: 1390 578 233 96 36 13 4 1 
16074|Child_Levy|8|Mutated: 3418 843 327 175 64 28 13 4 1 
16296|Survivor|1: 1058 414 155 70 27 10 4 1 
16392|Survivor|1: 1134 338 133 57 27 13 5 1 
16580|Child_Levy|4: 1303 439 149 72 30 11 5 1 
16619|Survivor|1: 1385 426 164 91 37 14 4 1 
16787|Survivor|1: 1130 329 156 58 28 11 4 1 
16793|Survivor|1: 1130 329 156 58 30 11 5 1 
16811|Child_Cross|49: 4171 1184 322 127 56 24 11 4 1 
17036|Survivor|1: 1244 387 181 70 30 11 5 1 
17099|Child_Levy|12: 2905 771 294 127 67 24 11 5 1 
17109|Child_Avg|43: 1456 438 143 77 28 12 5 1 
17124|Survivor|1: 1287 387 141 74 28 12 5 1 
17441|Child_Cross|42: 1470 462 167 76 36 14 5 1 
17595|Survivor|1: 1042 372 160 59 30 11 5 1 
17717|Survivor|1: 1414 370 146 75 31 14 5 1 
18197|Survivor|1: 1082 391 138 67 32 11 4 1 
18274|Child_Cross|34: 4980 1894 665 278 121 59 32 13 5 1 
18318|Survivor|1: 4980 1894 665 278 121 65 35 12 5 1 
18335|Child_Avg|39: 1098 439 163 66 28 13 4 1 
18375|Survivor|1: 4317 968 347 134 59 27 14 4 1 
18445|Child_Cross|34: 4553 959 369 138 63 28 13 4 1 
18467|Survivor|1: 4371 1817 537 176 69 28 11 4 1 
18652|Child_Cross|57: 1091 339 160 63 35 12 5 1 
18754|Child_Avg|43: 1090 339 154 58 28 11 4 1 
18839|Child_Cross|17: 1994 646 325 131 53 30 11 5 1 
18916|Survivor|1: 1147 450 158 61 31 14 4 1 
18932|Survivor|1: 1181 370 153 63 29 10 4 1 
19063|Survivor|1: 2106 634 289 109 51 30 11 5 1 
19950|Child_Levy|28: 1094 459 164 73 30 11 5 1 
20267|Survivor|1: 1345 426 184 69 32 13 5 1 
20531|Survivor|1: 913 374 143 73 30 11 5 1 
20533|Child_Avg|31: 1280 469 166 72 32 13 4 1 
20633|Survivor|1: 2282 853 331 141 66 27 10 4 1 
20702|Survivor|1: 1141 388 165 63 27 11 4 1 
20826|Survivor|1: 1404 392 181 73 34 16 5 1 
20965|Survivor|1: 952 346 147 62 30 12 5 1 
20976|Child_Cross|45: 3198 662 259 118 55 27 10 4 1 
21536|Child_Cross|17: 3983 901 262 142 75 29 14 4 1 
21670|Child_Cross|10: 4803 1243 378 207 59 27 13 5 1 
21807|Survivor|1: 1214 360 177 66 28 13 4 1 
21974|Survivor|1: 1453 428 186 61 35 12 5 1 
22091|Survivor|1: 1100 381 142 62 32 13 5 1 
22148|Child_Levy|52: 1202 373 194 84 35 11 5 1 
22226|Child_Avg|51: 1122 433 161 67 32 13 4 1 
22337|Child_Cross|18: 1357 381 147 64 28 13 4 1 
22389|Child_Levy|48: 1327 439 178 80 30 11 5 1 
22669|Survivor|1: 1105 346 154 59 32 13 5 1 
22727|Child_Cross|58: 1040 391 164 79 27 10 4 1 
22747|Child_Cross|29: 1090 396 147 59 32 13 4 1 
22824|Survivor|1|Mutated: 1144 430 174 69 27 10 4 1 
22978|Survivor|1: 4344 1218 361 161 70 36 11 5 1 
23167|Survivor|1: 1387 606 189 69 28 12 5 1 
23347|Child_Levy|20: 1128 454 181 82 32 13 4 1 
23536|Survivor|1: 1102 381 139 58 30 11 5 1 
23559|Survivor|1: 1391 420 161 54 30 11 5 1 
23629|Survivor|1|Mutated: 1104 409 145 60 28 11 4 1 
23733|Survivor|1: 1089 312 143 59 27 13 5 1 
23884|Survivor|1: 1007 394 163 63 27 13 5 1 
23985|Child_Levy|8|Mutated: 1491 432 138 76 35 12 5 1 
24023|Child_Levy|4: 1216 415 183 73 32 13 5 1 
24129|Child_Cross|10|Mutated: 1457 379 178 63 30 13 5 1 
24246|Survivor|1: 1186 433 139 60 29 11 5 1 
24346|Child_Levy|48: 1290 379 175 69 28 11 4 1 
24436|Survivor|1: 1112 404 165 72 29 10 4 1 
24588|Survivor|1: 1107 421 167 70 33 12 5 1 
24786|Child_Levy|16: 1297 415 186 72 27 14 4 1 
24822|Survivor|1: 1400 396 165 65 27 14 4 1 
24927|Child_Avg|19: 945 385 158 60 28 11 4 1 
25159|Child_Levy|32: 963 395 157 64 30 12 5 1 
25162|Child_Levy|36: 1208 379 162 62 30 11 5 1 
25184|Survivor|1: 2046 774 305 121 70 30 11 5 1 
25192|Child_Cross|5: 2046 774 305 121 56 30 11 5 1 
25250|Survivor|1: 952 347 144 65 28 12 5 1 
25346|Survivor|1: 969 354 133 66 28 12 5 1 
25413|Child_Avg|35: 1095 349 152 71 28 12 5 1 
25446|Child_Cross|41: 1046 369 202 69 28 12 5 1 
25970|Child_Levy|8|Mutated: 1213 421 168 76 27 13 5 1 
26184|Survivor|1: 1146 479 158 60 28 11 4 1 
26250|Survivor|1: 1928 624 240 111 61 23 10 4 1 
26408|Child_Levy|36: 1151 408 173 63 28 11 4 1 
26455|Survivor|1: 1151 408 173 63 27 13 5 1 
26547|Survivor|1: 1116 359 172 71 27 13 5 1 
26617|Survivor|1: 1233 404 164 74 31 11 4 1 
26698|Child_Cross|29: 1057 337 127 61 30 11 5 1 
27013|Survivor|1: 1120 427 179 77 35 12 5 1 
27022|Survivor|1: 1053 358 161 62 28 12 5 1 
27138|Child_Cross|38: 1135 393 159 69 40 13 5 1 
27147|Child_Levy|36: 1499 470 186 73 35 12 5 1 
27164|Survivor|1: 3759 1053 443 140 82 32 11 4 1 
27173|Survivor|1: 4296 894 388 159 82 32 11 4 1 
27224|Survivor|1: 4299 1137 365 151 55 29 9 4 1 
27412|Survivor|1: 1426 415 142 65 28 11 4 1 
27425|Child_Cross|57: 1332 409 146 65 28 11 4 1 
27586|Survivor|1: 1092 401 135 72 31 14 5 1 
27688|Child_Levy|4|Mutated: 914 355 167 66 30 13 5 1 
27870|Survivor|1: 961 337 153 59 32 13 4 1 
28072|Child_Cross|38: 4711 3288 895 353 156 61 30 11 5 1 
28164|Child_Cross|13: 1121 334 132 59 32 11 4 1 
28454|Survivor|1: 1086 343 153 63 28 11 4 1 
28575|Survivor|1: 1301 545 203 82 42 12 5 1 
28593|Survivor|1: 938 346 152 65 28 11 4 1 
28651|Survivor|1: 940 343 173 76 28 11 4 1 
28700|Survivor|1|Mutated: 1414 435 165 71 28 12 5 1 
28704|Child_Cross|30: 1305 386 192 71 28 12 5 1 
28714|Survivor|1|Mutated: 1313 386 192 65 28 12 5 1 
28735|Child_Cross|29: 1148 387 168 62 32 13 4 1 
28737|Survivor|1|Mutated: 1148 457 168 75 32 13 4 1 
28991|Survivor|1: 1119 420 167 59 35 13 5 1 
29189|Survivor|1: 3516 813 388 173 72 40 13 4 1 
29286|Survivor|1: 1359 368 157 69 29 13 6 1 
29412|Survivor|1: 1321 427 153 65 35 11 4 1 
29428|Survivor|1: 1148 427 153 65 35 11 4 1 
29820|Survivor|1: 1103 437 194 72 32 11 4 1 
29833|Survivor|1|Mutated: 1103 437 194 72 40 13 5 1 
29966|Child_Avg|63: 1098 431 179 60 28 11 4 1 
30136|Survivor|1: 1073 367 148 72 30 11 5 1 
30139|Child_Cross|30: 1129 346 143 62 28 12 5 1 
30275|Survivor|1|Mutated: 1331 386 174 74 35 12 5 1 
30675|Survivor|1: 1424 432 156 65 35 11 4 1 
30745|Survivor|1: 1068 347 149 58 30 12 5 1 
30753|Survivor|1: 928 369 139 60 28 11 4 1 
31021|Child_Levy|16|Mutated: 1388 397 189 79 32 13 4 1 
31219|Survivor|1: 1127 363 156 66 32 13 4 1 
31252|Survivor|1: 994 358 148 67 35 13 5 1 
31600|Survivor|1: 895 370 169 68 31 11 4 1 
31706|Survivor|1: 3944 876 312 162 53 27 10 4 1 
31988|Child_Cross|38: 1425 422 181 67 35 13 5 1 
32003|Child_Cross|18: 1060 327 139 67 35 13 5 1 
32122|Survivor|1: 1053 394 160 63 35 11 4 1 
32325|Child_Cross|6: 942 398 161 80 31 14 5 1 
32326|Child_Cross|25: 1128 405 147 62 30 12 5 1 
32338|Survivor|1: 1200 424 177 61 28 13 4 1 
32371|Child_Avg|11: 2721 841 253 121 56 24 11 5 1 
32402|Survivor|1|Mutated: 1368 376 159 61 31 11 4 1 
33221|Survivor|1: 1164 369 157 63 28 11 4 1 
33236|Child_Levy|12: 1315 385 164 70 32 11 4 1 
33250|Survivor|1: 1519 385 164 70 32 11 4 1 
33615|Child_Levy|48: 953 349 149 62 28 12 5 1 
33618|Child_Cross|5: 1120 355 163 61 28 12 5 1 
33781|Child_Levy|44: 1325 432 199 75 35 12 5 1 
33843|Survivor|1: 1325 461 199 85 35 12 5 1 
33905|Child_Cross|26: 4644 1007 349 137 63 27 13 5 1 
34618|Child_Levy|28: 1364 431 153 59 32 13 5 1 
34650|Child_Avg|63: 3218 990 329 134 60 28 11 4 1 
34700|Survivor|1: 1148 385 160 67 29 14 4 1 
34777|Survivor|1: 1203 376 165 65 31 10 4 1 
34778|Child_Cross|46: 1451 431 163 65 28 11 4 1 
34816|Child_Levy|4: 1154 347 150 63 27 13 5 1 
34870|Survivor|1: 1212 380 147 69 27 10 4 1 
35389|Child_Levy|64: 3592 877 275 124 56 21 11 4 1 
35558|Child_Cross|45: 1196 380 151 63 31 14 5 1 
35565|Child_Cross|54: 1196 380 151 63 27 14 4 1 
35626|Child_Cross|46: 1108 435 204 76 28 13 4 1 
36060|Survivor|1: 1379 446 190 79 29 14 4 1 
36101|Survivor|1: 1378 379 158 61 30 11 5 1 
36105|Child_Cross|5: 1383 368 164 59 30 11 5 1 
36156|Survivor|1: 1078 307 139 60 28 11 4 1 
36187|Survivor|1: 1235 450 217 74 31 14 5 1 
36192|Survivor|1: 1163 450 217 74 31 14 4 1 
36195|Survivor|1|Mutated: 1163 450 217 74 31 14 5 1 
36315|Child_Cross|6: 1309 384 162 69 32 11 4 1 
36389|Child_Levy|12: 1116 403 164 65 27 14 4 1 
36513|Survivor|1: 1488 564 190 83 33 14 4 1 
36552|Child_Cross|57: 1127 393 191 68 29 14 4 1 
36561|Survivor|1: 1054 355 160 62 29 14 4 1 
36738|Survivor|1: 942 401 164 59 31 11 4 1 
36741|Survivor|1: 1141 339 162 65 35 12 5 1 
36788|Random|22: 3327 1088 353 156 73 27 13 4 1 
37142|Survivor|1: 1479 407 151 69 27 10 4 1 
37165|Survivor|1: 3648 1042 444 149 69 27 10 4 1 
37225|Survivor|1: 1365 376 170 65 24 11 4 1 
37382|Survivor|1: 1091 395 149 63 28 11 4 1 
37414|Survivor|1: 1091 395 149 63 35 11 5 1 
37416|Child_Cross|45: 1091 395 151 63 35 11 5 1 
37576|Survivor|1: 1227 391 173 61 30 11 5 1 
37586|Survivor|1|Mutated: 1050 391 173 61 30 11 5 1 
37712|Survivor|1: 1162 329 160 59 29 11 5 1 
37835|Survivor|1|Mutated: 1384 373 156 59 28 11 4 1 
37865|Survivor|1: 1058 394 156 59 28 11 4 1 
37870|Survivor|1: 1049 380 151 58 28 11 4 1 
37931|Survivor|1: 1049 380 151 58 30 11 5 1 
37989|Survivor|1: 920 354 139 54 28 11 4 1 
38239|Survivor|1: 4013 1171 385 188 67 36 15 4 1 
38271|Survivor|1: 977 408 149 57 27 13 5 1 
38394|Random|33: 4219 1118 339 143 63 31 11 4 1 
38668|Survivor|1: 1215 380 163 59 30 11 5 1 
38732|Child_Cross|37: 1097 372 157 57 31 11 4 1 
38873|Child_Cross|57: 3536 846 403 174 71 27 14 4 1 
38884|Survivor|1: 3554 846 403 174 71 27 14 4 1 
38900|Survivor|1: 1940 567 263 119 54 28 12 5 1 
39329|Survivor|1: 1172 415 167 69 35 11 5 1 
39607|Survivor|1: 1026 391 150 58 27 13 5 1 
39681|Survivor|1: 1026 365 181 65 28 12 5 1 
39802|Child_Cross|33: 1357 414 166 75 32 13 5 1 
39853|Child_Levy|60|Mutated: 3136 1150 318 148 67 35 13 5 1 
39890|Child_Cross|21: 1045 360 167 63 29 14 4 1 
39892|Child_Cross|1: 1126 351 162 61 30 13 5 1 
39945|Survivor|1: 3037 768 310 129 59 28 9 4 1 
40023|Child_Cross|53: 1070 336 146 61 29 10 4 1 
40111|Survivor|1: 1297 405 152 73 33 12 5 1 
40205|Child_Cross|62: 1182 380 150 63 27 13 5 1 
40365|Survivor|1: 1116 387 180 76 34 11 5 1 
40613|Survivor|1: 1046 337 149 58 30 12 5 1 
40667|Child_Cross|9: 4212 997 414 176 82 29 16 5 1 
40783|Child_Cross|26: 1322 407 161 67 33 12 5 1 
40791|Child_Cross|2: 1322 407 161 67 32 13 4 1 
41039|Survivor|1: 1303 355 156 58 28 11 4 1 
41170|Survivor|1: 1090 405 159 61 23 12 5 1 
41323|Survivor|1: 1467 430 162 63 31 11 4 1 
41657|Survivor|1: 1023 390 163 63 28 11 4 1 
41726|Child_Cross|10: 1527 430 169 66 28 12 5 1 
42032|Child_Cross|37: 1022 345 145 63 28 12 5 1 
42036|Survivor|1: 1064 422 171 76 30 12 5 1 
42039|Survivor|1: 1166 365 127 58 28 12 5 1 
42090|Child_Avg|3: 1133 350 151 62 30 11 5 1 
42176|Child_Cross|1|Mutated: 1294 403 169 77 33 12 5 1 
42189|Child_Cross|46: 4625 1070 331 139 60 28 11 4 1 
42443|Survivor|1: 4395 1319 480 178 72 28 13 4 1 
42469|Survivor|1: 1176 355 149 67 32 13 5 1 
42916|Survivor|1: 1072 334 145 65 24 11 5 1 
43139|Survivor|1: 1395 361 169 62 29 14 4 1 
43181|Survivor|1: 1187 378 167 68 36 13 4 1 
43237|Child_Avg|19: 1469 424 190 82 29 14 4 1 
43543|Child_Cross|10: 3109 718 285 113 61 29 11 5 1 
43636|Child_Cross|41: 2951 749 281 121 61 29 9 4 1 
43701|Survivor|1: 1460 447 183 71 25 12 5 1 
43709|Survivor|1: 1407 394 183 71 25 12 5 1 
43793|Child_Avg|43|Mutated: 1156 400 153 71 28 12 5 1 
43888|Child_Cross|1: 1577 571 222 80 35 13 5 1 
44002|Child_Cross|34: 1128 440 179 94 31 14 4 1 
44151|Child_Cross|1: 1237 432 199 82 40 12 5 1 
44315|Child_Avg|55: 1047 413 170 71 29 11 5 1 
44319|Survivor|1: 1005 354 149 70 30 12 5 1 
44531|Survivor|1: 1085 379 148 60 35 11 5 1 
44570|Survivor|1: 1083 349 138 72 27 10 4 1 
44822|Survivor|1: 3759 649 289 112 54 24 11 5 1 
45056|Child_Levy|8: 1419 396 159 64 30 12 5 1 
45244|Child_Cross|10: 1084 373 139 54 28 11 4 1 
45639|Child_Cross|53: 4599 3413 904 367 129 63 29 10 4 1 
45900|Child_Cross|22: 1128 337 130 62 24 11 4 1 
46470|Survivor|1: 1128 394 163 66 28 11 4 1 
46543|Survivor|1: 1314 363 160 59 28 12 5 1 
46619|Child_Cross|14: 1211 374 181 85 29 13 6 1 
46624|Survivor|1: 1211 374 181 72 29 13 6 1 
46656|Survivor|1: 1359 437 186 70 32 11 4 1 
46905|Child_Levy|24: 1755 427 189 92 32 13 5 1 
47088|Survivor|1: 1043 326 165 72 27 10 4 1 
47157|Survivor|1: 1130 377 140 66 30 13 5 1 
47290|Survivor|1: 1301 488 177 66 28 13 4 1 
47947|Survivor|1: 3116 796 298 129 51 30 11 5 1 
48003|Survivor|1: 1155 342 139 62 24 11 4 1 
48050|Survivor|1: 1222 392 171 68 28 13 4 1 
48144|Child_Cross|18: 1262 432 190 73 30 11 5 1 
48148|Child_Cross|34: 1137 432 198 73 30 11 5 1 
48257|Child_Avg|31: 1033 393 156 61 28 12 5 1 
48299|Survivor|1: 1031 331 145 59 28 12 5 1 
48489|Survivor|1: 3499 1026 470 184 74 27 11 4 1 
48616|Survivor|1: 1315 418 175 74 26 14 5 1 
48915|Survivor|1: 1116 399 143 69 28 11 4 1 
49039|Survivor|1: 1127 397 139 60 29 11 5 1 
49120|Child_Cross|45: 1864 477 211 81 40 12 5 1 
49757|Survivor|1: 1078 336 157 60 29 11 5 1 
49966|Survivor|1: 1096 372 142 65 28 11 4 1 
50373|Survivor|1: 1068 374 156 65 28 11 4 1 
50452|Child_Levy|56: 989 423 167 84 31 14 5 1 
50526|Child_Cross|45: 1093 421 153 72 32 13 4 1 
50527|Child_Cross|1: 1093 421 153 72 32 13 5 1 
50716|Survivor|1: 970 367 149 64 29 11 5 1 
50780|Survivor|1: 1030 419 156 65 30 11 5 1 
50782|Survivor|1|Mutated: 1030 371 156 65 30 11 5 1 
51107|Survivor|1: 3357 932 382 120 65 28 11 4 1 
51184|Survivor|1: 3247 736 330 107 63 26 14 5 1 
51225|Survivor|1|Mutated: 3192 736 267 107 63 26 14 5 1 
51244|Survivor|1: 1146 467 165 74 27 13 4 1 
51260|Survivor|1|Mutated: 1118 390 165 74 27 13 5 1 
51274|Child_Cross|26|Mutated: 1118 390 165 74 29 11 5 1 
51422|Survivor|1: 1051 409 156 63 28 11 4 1 
51499|Child_Levy|64: 1572 611 223 80 31 14 5 1 
51739|Survivor|1|Mutated: 3431 885 387 173 74 27 13 5 1 
51764|Survivor|1|Mutated: 3497 862 387 173 74 27 13 5 1 
51767|Survivor|1|Mutated: 3497 941 387 173 74 27 13 5 1 
51974|Survivor|1: 1152 357 184 63 25 11 5 1 
51989|Child_Cross|14: 4239 1268 433 163 63 29 11 5 1 
52049|Survivor|1: 941 358 139 58 30 11 5 1 
52185|Child_Cross|45: 1956 710 267 113 56 25 9 4 1 
52339|Child_Cross|57: 1101 379 161 67 33 12 5 1 
52832|Survivor|1: 983 354 157 60 28 11 4 1 
53070|Survivor|1: 1095 449 151 77 33 12 5 1 
53149|Survivor|1: 3566 764 344 127 70 29 9 4 1 
53207|Survivor|1: 1036 365 164 63 27 10 4 1 
53217|Survivor|1: 1428 450 171 74 35 11 5 1 
53252|Child_Avg|23: 1609 460 187 75 31 14 5 1 
53256|Child_Cross|53: 1452 415 172 67 31 14 5 1 
53415|Survivor|1: 1176 356 161 59 30 11 5 1 
53424|Survivor|1: 1146 366 153 59 32 13 5 1 
53433|Survivor|1: 3699 979 393 136 59 32 13 5 1 
54236|Survivor|1: 1055 369 133 69 28 11 4 1 
54287|Survivor|1: 3437 1046 567 186 75 29 14 4 1 
54304|Survivor|1: 1392 419 182 77 31 14 4 1 
54554|Survivor|1: 915 338 139 67 35 13 5 1 
54666|Survivor|1: 1378 473 183 81 36 13 4 1 
55169|Survivor|1|Mutated: 1077 391 162 69 35 13 5 1 
55315|Survivor|1: 1068 387 157 71 27 13 5 1 
55465|Survivor|1: 1374 399 181 75 27 14 4 1 
55698|Survivor|1: 1420 589 236 101 53 27 10 4 1 
55809|Survivor|1|Mutated: 1171 330 142 59 30 11 5 1 
55928|Child_Levy|12: 1279 444 161 59 30 11 5 1 
55986|Survivor|1: 1109 353 140 62 24 9 4 1 
56062|Child_Cross|38: 3860 862 451 151 90 35 12 5 1 
56070|Survivor|1: 3860 1033 451 151 90 35 12 5 1 
56073|Survivor|1: 884 361 177 67 35 13 5 1 
56320|Survivor|1: 907 334 161 60 28 11 4 1 
56354|Survivor|1: 907 381 161 60 28 11 4 1 
56460|Child_Avg|55: 1066 427 186 63 35 12 5 1 
56511|Survivor|1: 1073 412 176 61 28 12 5 1 
56579|Child_Levy|20: 1235 381 143 62 28 12 5 1 
56982|Survivor|1: 966 359 178 77 31 14 5 1 
57003|Child_Cross|22: 1336 394 159 61 32 13 5 1 
57013|Survivor|1: 1058 399 158 58 27 13 5 1 
57398|Survivor|1: 1135 408 170 59 28 11 4 1 
57407|Survivor|1: 3157 709 392 180 65 28 11 4 1 
57517|Survivor|1: 2275 610 297 131 60 27 13 4 1 
57633|Child_Cross|41: 3613 1060 391 143 87 32 13 5 1 
58279|Survivor|1: 3314 680 284 105 53 24 11 5 1 
58330|Child_Cross|29: 1064 365 137 59 28 13 4 1 
58585|Child_Cross|46: 1344 412 159 61 30 11 5 1 
58729|Survivor|1: 1058 364 147 65 28 12 5 1 
58796|Survivor|1: 1557 569 275 105 54 28 11 4 1 
59061|Child_Levy|56: 1167 416 156 69 28 12 5 1 
59093|Survivor|1: 4092 1142 581 210 71 28 11 4 1 
59185|Survivor|1: 4084 1194 471 183 88 42 12 5 1 
59297|Survivor|1: 1041 413 170 88 35 11 5 1 
59603|Child_Cross|22: 1119 371 152 63 35 12 5 1 
59620|Survivor|1: 1160 398 153 64 24 11 5 1 
59674|Survivor|1: 1119 351 131 68 32 13 4 1 
59729|Survivor|1: 1023 367 134 62 30 11 5 1 
59903|Child_Cross|34: 1568 478 229 88 32 13 4 1 
60170|Survivor|1: 4042 1060 378 119 60 28 11 4 1 
60182|Survivor|1|Mutated: 4042 1060 316 119 60 28 11 4 1 
60265|Child_Avg|59|Mutated: 3672 897 389 146 64 29 10 4 1 
60519|Survivor|1: 1121 340 137 57 28 12 5 1 
60561|Child_Levy|52: 1045 355 159 70 29 11 5 1 
60642|Survivor|1: 1333 429 192 71 30 12 5 1 
60746|Child_Cross|38: 4789 1386 411 171 89 35 11 4 1 
60898|Survivor|1: 1101 422 167 68 36 13 4 1 
60912|Survivor|1: 1119 390 161 73 32 13 4 1 
60913|Child_Cross|29: 1119 390 161 73 33 12 5 1 
61054|Survivor|1: 1366 473 203 77 30 14 5 1 
61108|Survivor|1|Mutated: 1085 407 150 67 31 14 5 1 
61129|Survivor|1: 1090 338 159 61 29 14 4 1 
61357|Survivor|1: 1352 431 159 70 40 13 5 1 
61490|Child_Levy|60: 3099 833 323 132 67 30 11 5 1 
61556|Child_Cross|2: 2939 756 315 140 62 28 13 4 1 
61587|Survivor|1|Mutated: 3502 758 315 140 62 28 13 4 1 
61622|Survivor|1: 3502 758 353 140 62 28 13 4 1 
61646|Survivor|1: 3502 758 353 140 62 24 11 4 1 
62143|Survivor|1: 1153 343 129 60 28 11 4 1 
62524|Survivor|1: 3344 1033 422 171 65 35 11 4 1 
62690|Survivor|1: 973 378 155 69 32 13 4 1 
62726|Survivor|1: 1157 433 160 73 35 11 4 1 
62769|Child_Cross|25: 1410 450 197 64 35 11 4 1 
62836|Survivor|1: 1458 399 153 73 35 12 5 1 
62838|Child_Levy|28: 1096 339 142 64 30 11 5 1 
62867|Survivor|1: 1241 468 160 97 35 13 5 1 
63061|Survivor|1: 1241 399 164 61 36 13 4 1 
63209|Child_Avg|47: 1111 445 156 86 40 13 5 1 
63327|Survivor|1: 1157 462 215 85 41 13 4 1 
63551|Survivor|1: 1041 367 146 54 28 11 4 1 
63738|Survivor|1: 1075 356 153 69 30 11 5 1 
63794|Child_Cross|5|Mutated: 1454 425 181 70 32 11 4 1 
64021|Survivor|1: 1211 357 151 62 25 11 5 1 
64261|Child_Levy|24: 1436 405 173 68 25 11 5 1 
64323|Child_Avg|43: 1097 408 151 63 31 14 4 1 
64397|Survivor|1: 1170 402 157 60 27 13 4 1 
64537|Survivor|1: 1079 399 164 61 30 13 5 1 
65354|Survivor|1: 3091 900 366 144 67 30 9 4 1 
65814|Survivor|1: 2048 787 245 134 63 25 11 5 1 
65988|Child_Levy|32: 1018 388 167 69 32 11 4 1 
66211|Survivor|1: 1261 404 170 63 35 12 5 1 
66218|Survivor|1|Mutated: 1370 404 170 63 35 12 5 1 
66339|Survivor|1: 1364 428 164 79 40 14 5 1 
66371|Survivor|1: 1407 451 179 82 35 13 5 1 
66409|Child_Avg|31: 1158 353 134 65 28 11 4 1 
66706|Child_Cross|2: 1081 409 158 64 28 11 4 1 
66823|Survivor|1: 1115 389 172 59 28 12 5 1 
67013|Survivor|1|Mutated: 1056 404 171 65 25 11 5 1 
67259|Survivor|1|Mutated: 1475 455 206 66 32 13 4 1 
67308|Child_Levy|20: 1139 363 144 62 32 13 5 1 
67328|Survivor|1: 1139 357 144 62 32 13 5 1 
67399|Survivor|1: 949 335 139 75 27 14 4 1 
68044|Survivor|1: 1465 564 242 125 60 27 13 5 1 
68107|Child_Cross|25: 1354 407 152 78 31 14 4 1 
68439|Survivor|1: 3164 813 383 151 89 32 11 4 1 
68477|Child_Levy|4: 4257 1271 354 154 78 35 13 5 1 
68489|Survivor|1|Mutated: 4257 1410 395 154 78 35 13 5 1 
68492|Survivor|1|Mutated: 4257 1410 395 154 78 35 12 5 1 
68495|Survivor|1|Mutated: 4257 1410 438 154 78 35 12 5 1 
68544|Child_Levy|16: 1140 346 139 57 28 12 5 1 
68602|Child_Avg|27: 1518 454 174 69 28 11 4 1 
68639|Child_Avg|63: 1014 334 151 62 28 12 5 1 
68694|Survivor|1: 1342 344 223 84 35 13 5 1 
68718|Survivor|1: 924 306 144 59 28 12 5 1 
68906|Child_Cross|53: 1457 417 167 68 32 13 4 1 
69018|Survivor|1: 858 374 161 67 32 11 4 1 
69034|Survivor|1: 1444 457 184 58 28 11 4 1 
69127|Child_Levy|60: 3706 939 374 147 57 32 11 4 1 
69194|Survivor|1: 1300 449 161 61 30 11 5 1 
69274|Child_Levy|32: 3656 1092 464 139 73 35 11 5 1 
69288|Survivor|1: 3656 1103 374 137 73 35 11 5 1 
69305|Survivor|1: 1388 502 163 73 36 13 4 1 
69314|Survivor|1: 1207 412 150 66 35 12 5 1 
69374|Survivor|1: 1039 446 156 64 27 13 5 1 
69552|Child_Cross|29: 1403 380 160 67 28 12 5 1 
69566|Child_Levy|12: 1563 470 178 98 35 13 5 1 
70342|Survivor|1: 1130 454 151 63 27 14 4 1 
70416|Child_Cross|57: 3459 972 377 147 86 35 12 5 1 
70480|Child_Levy|40: 1046 395 155 67 30 11 5 1 
70605|Survivor|1: 1331 364 166 81 31 14 4 1 
70614|Survivor|1|Mutated: 1331 364 166 81 31 14 5 1 
70774|Survivor|1: 1069 394 157 83 31 14 4 1 
70840|Survivor|1: 1226 390 151 75 28 11 4 1 
70938|Survivor|1|Mutated: 4034 827 460 175 91 30 11 5 1 
70940|Child_Cross|58: 1135 423 175 86 30 11 5 1 
71404|Survivor|1: 1425 444 180 77 27 14 4 1 
71415|Child_Cross|37: 1136 348 153 59 32 13 4 1 
71417|Child_Cross|14: 1136 348 153 59 30 11 5 1 
71422|Survivor|1: 1136 348 153 59 28 13 4 1 
71941|Child_Cross|33: 2018 586 323 110 58 24 11 4 1 
72037|Survivor|1: 1307 430 180 73 33 12 5 1 
72070|Survivor|1: 1295 396 142 62 27 14 4 1 
72225|Child_Avg|27|Mutated: 1368 421 222 75 32 13 5 1 
72366|Survivor|1: 1171 395 166 71 28 11 4 1 
72387|Child_Levy|16: 941 343 148 62 27 13 5 1 
72420|Survivor|1: 1152 360 153 71 29 10 4 1 
72847|Child_Cross|42: 1320 371 166 72 32 13 4 1 
72916|Child_Cross|54: 1262 452 181 75 32 13 4 1 
72962|Child_Avg|11: 1153 411 163 65 31 10 4 1 
73014|Survivor|1: 1203 419 166 65 31 10 4 1 
73055|Survivor|1: 1171 325 147 64 24 9 4 1 
73132|Child_Avg|59|Mutated: 1509 442 179 75 32 13 4 1 
73328|Survivor|1: 1119 469 158 64 27 13 5 1 
73775|Survivor|1: 1299 407 164 62 35 12 5 1 
73791|Survivor|1: 1126 407 164 62 29 10 4 1 
73922|Child_Cross|54|Mutated: 1200 399 188 73 30 11 5 1 
74022|Child_Cross|42: 1214 431 162 70 29 11 5 1 
74026|Child_Cross|1: 3769 812 304 169 59 30 11 5 1 
74103|Survivor|1: 1531 465 170 73 27 14 4 1 
74242|Survivor|1: 3553 941 292 107 45 24 11 4 1 
74329|Child_Cross|25: 3647 877 267 109 53 24 11 4 1 
74452|Survivor|1: 1371 366 141 73 24 11 5 1 
74601|Survivor|1: 1550 404 162 75 32 13 4 1 
74604|Survivor|1|Mutated: 1271 404 162 75 32 13 4 1 
74872|Child_Cross|33: 2019 661 260 113 60 28 11 4 1 
74946|Child_Avg|63: 1394 433 162 78 32 15 4 1 
75025|Survivor|1: 1147 374 157 74 27 13 5 1 
75182|Child_Cross|38: 905 397 142 69 32 13 5 1 
75296|Survivor|1: 1015 351 158 66 30 11 5 1 
75347|Child_Cross|5: 4633 2825 814 298 137 61 29 9 4 1 
75477|Survivor|1: 1104 379 146 63 28 11 4 1 
75482|Child_Levy|12: 1404 447 181 82 28 11 4 1 
75495|Survivor|1: 1104 379 147 70 32 11 4 1 
75803|Child_Avg|3|Mutated: 1463 518 163 77 28 11 4 1 
75836|Child_Cross|26: 1117 405 139 66 28 12 5 1 
75966|Survivor|1: 1047 338 167 59 29 11 5 1 
76110|Child_Levy|28: 1346 411 152 64 27 13 5 1 
76111|Child_Cross|37: 1346 411 152 64 35 13 5 1 
76342|Survivor|1: 2070 612 281 105 57 28 11 4 1 
76385|Survivor|1: 1347 404 163 63 31 11 4 1 
76446|Child_Cross|61: 1322 407 172 62 32 13 5 1 
76595|Child_Cross|14: 1298 515 179 72 26 14 5 1 
76753|Child_Cross|45: 1455 525 180 76 29 13 6 1 
76800|Child_Avg|23: 2009 578 232 88 35 12 5 1 
76914|Survivor|1: 1190 437 149 71 31 14 4 1 
77117|Survivor|1: 1131 323 151 62 32 13 4 1 
77330|Child_Cross|38: 1146 343 136 73 35 11 5 1 
77459|Child_Levy|12: 918 363 147 58 28 12 5 1 
77686|Child_Cross|21: 1113 346 138 60 27 13 5 1 
77777|Child_Levy|64|Mutated: 940 401 161 64 27 13 5 1 
77781|Child_Cross|13: 4198 1130 374 149 64 27 13 5 1 
78042|Survivor|1: 1377 545 202 68 29 14 4 1 
78299|Survivor|1: 1307 440 179 72 32 13 4 1 
78404|Survivor|1: 1435 441 161 73 32 13 4 1 
78469|Survivor|1: 1113 433 168 67 31 11 4 1 
78487|Survivor|1: 1079 383 167 64 28 13 4 1 
78616|Child_Levy|64: 3965 1239 493 198 91 35 11 5 1 
78621|Child_Cross|41: 1181 411 206 75 35 11 5 1 
78625|Survivor|1|Mutated: 1181 411 206 75 35 12 5 1 
78947|Survivor|1: 1091 394 145 61 31 14 5 1 
78998|Survivor|1: 1165 344 144 57 32 11 4 1 
79249|Child_Avg|19: 1322 465 188 65 28 11 4 1 
79310|Child_Cross|30: 1138 417 163 60 28 11 4 1 
79312|Child_Levy|4: 1418 426 191 73 30 11 5 1 
79476|Child_Cross|61: 1115 410 188 65 35 11 4 1 
79534|Survivor|1|Mutated: 3362 962 383 156 77 35 12 5 1 
79575|Survivor|1: 3742 849 344 153 62 30 11 4 1 
80169|Survivor|1: 1103 379 130 70 29 11 5 1 
80198|Survivor|1: 3186 713 316 117 60 27 14 4 1 
80273|Child_Levy|36|Mutated: 1395 428 193 72 32 13 4 1 
80320|Survivor|1: 942 337 159 65 30 11 5 1 
80373|Survivor|1: 1110 424 165 69 30 11 5 1 
80545|Survivor|1: 1295 342 155 63 28 11 4 1 
80607|Survivor|1: 1363 365 184 64 29 11 5 1 
80691|Child_Cross|26: 4639 1145 362 161 74 28 11 4 1 
80704|Survivor|1: 3801 946 306 137 71 28 11 4 1 
80719|Survivor|1: 3081 1013 330 156 71 28 11 4 1 
80813|Survivor|1: 3665 793 381 128 58 28 11 4 1 
80821|Child_Cross|9: 3665 793 381 128 60 29 11 5 1 
80832|Survivor|1|Mutated: 3665 793 381 143 60 28 11 4 1 
80979|Survivor|1: 1108 378 173 74 34 16 5 1 
81010|Survivor|1: 3032 893 348 131 54 29 14 4 1 
81103|Survivor|1: 1320 431 142 65 28 11 4 1 
81245|Survivor|1: 1230 416 141 70 30 12 5 1 
81254|Child_Cross|30: 1157 510 193 74 28 12 5 1 
81257|Survivor|1|Mutated: 1274 510 193 74 28 12 5 1 
81263|Survivor|1: 1153 408 141 65 28 12 5 1 
81361|Survivor|1: 1098 395 168 78 32 11 4 1 
81749|Child_Levy|64: 1209 365 161 62 30 12 5 1 
81868|Child_Cross|49: 1179 428 185 64 30 12 5 1 
82108|Survivor|1: 1440 455 179 77 35 12 5 1 
82183|Survivor|1: 1149 428 180 71 28 11 4 1 
82312|Child_Cross|1: 941 365 149 68 32 11 4 1 
82363|Survivor|1: 1120 359 168 68 31 11 4 1 
82404|Random|8: 4096 1159 363 146 67 31 11 4 1 
82467|Survivor|1: 961 352 136 58 27 13 5 1 
82538|Child_Avg|59: 1311 423 158 67 30 11 5 1 
82580|Survivor|1|Mutated: 4360 1263 473 154 71 29 11 5 1 
82647|Survivor|1: 938 341 129 63 28 12 5 1 
82650|Survivor|1: 938 341 129 63 28 13 4 1 
82733|Child_Levy|24: 1082 344 157 68 31 11 4 1 
82865|Child_Levy|44: 1203 379 158 78 30 13 5 1 
82903|Survivor|1: 1203 424 158 71 30 13 5 1 
83029|Child_Cross|30: 1313 385 156 66 28 13 4 1 
83224|Survivor|1: 1168 442 162 67 32 11 4 1 
83445|Child_Cross|1: 1197 349 143 59 27 13 5 1 
83452|Survivor|1: 1197 381 143 59 27 13 5 1 
83497|Survivor|1: 1197 442 143 59 27 13 5 1 
83647|Child_Levy|48: 1086 402 156 65 28 12 5 1 
83917|Survivor|1: 1796 599 269 118 54 28 11 4 1 
84062|Survivor|1|Mutated: 952 405 176 77 28 12 5 1 
84132|Survivor|1: 4102 972 295 121 64 28 11 4 1 
84290|Child_Levy|56: 1142 479 159 75 35 11 5 1 
84481|Child_Levy|40: 1408 571 180 76 35 13 5 1 
84494|Survivor|1: 4283 1213 494 181 59 32 13 4 1 
84546|Child_Levy|40: 1851 518 223 91 35 13 5 1 
84552|Child_Cross|18: 1387 426 151 76 35 13 5 1 
84560|Survivor|1: 1387 426 151 76 36 14 5 1 
84620|Child_Cross|5: 1122 354 137 62 28 12 5 1 
84625|Survivor|1: 1390 421 164 72 30 13 5 1 
84832|Child_Avg|27: 1374 407 162 71 28 11 4 1 
84858|Child_Cross|45: 1374 407 162 71 27 13 5 1 
84948|Survivor|1: 1091 423 162 65 29 14 4 1 
85028|Child_Cross|61|Mutated: 1079 475 158 67 31 14 5 1 
85050|Child_Cross|14: 897 332 143 59 30 11 5 1 
85216|Child_Cross|34: 1432 417 160 72 35 12 5 1 
85336|Child_Cross|21: 1337 517 210 82 28 11 4 1 
85418|Survivor|1: 1321 484 163 69 28 11 4 1 
85422|Child_Cross|61: 1321 484 163 69 28 12 5 1 
85446|Survivor|1|Mutated: 1356 484 189 69 28 12 5 1 
85462|Survivor|1|Mutated: 1356 494 189 82 28 12 5 1 
85465|Child_Cross|29: 1089 403 165 65 28 11 4 1 
85476|Survivor|1: 1162 383 169 63 28 11 4 1 
85814|Child_Cross|37: 1476 423 157 68 28 13 4 1 
85822|Survivor|1: 1427 423 157 68 28 13 4 1 
85827|Survivor|1|Mutated: 1427 477 157 68 28 13 4 1 
86065|Survivor|1: 1527 476 165 76 28 11 4 1 
86136|Child_Avg|19|Mutated: 1416 425 183 84 35 13 6 1 
86143|Survivor|1: 1366 388 161 70 30 11 5 1 
86195|Survivor|1: 992 386 140 67 24 11 5 1 
86706|Survivor|1: 1361 514 184 78 35 11 4 1 
87045|Survivor|1: 1048 335 147 59 28 11 4 1 
87096|Child_Avg|31: 1228 370 161 71 32 11 4 1 
87192|Survivor|1: 1181 399 161 67 35 12 5 1 
87260|Child_Levy|44: 906 335 186 64 30 11 5 1 
87370|Child_Cross|61: 1319 373 147 74 28 12 5 1 
87522|Survivor|1: 1567 458 150 81 32 13 5 1 
87663|Child_Cross|33: 4983 4442 1080 407 168 94 36 13 4 1 
