1043|Child_Avg|7|Mutated: 6630 1402 583 248 108 59 24 9 4 1 
1050|Survivor|1: 6579 1418 583 248 99 59 24 9 4 1 
1068|Child_Avg|15|Mutated: 6528 1433 583 248 108 59 24 9 4 1 
1072|Child_Cross12|41: 6528 1433 583 248 91 59 24 9 4 1 
1145|Survivor|1: 6721 1542 500 284 117 61 20 9 4 1 
1153|Survivor|1: 6745 1542 500 284 117 61 20 9 4 1 
1156|Child_CrossABC2|8: 6727 1542 500 284 117 61 20 9 4 1 
1163|Child_Avg|35: 6727 1515 500 284 117 61 20 9 4 1 
1165|Child_Avg|3: 6727 1521 500 284 117 61 20 9 4 1 
1185|Survivor|1: 6634 1767 567 260 106 61 20 9 4 1 
1200|Child_CrossABC1|7: 7287 1785 598 271 114 61 20 9 4 1 
1207|Child_CrossABC2|2: 7316 1757 654 283 118 61 20 9 4 1 
1213|Child_CrossABC1|1|Mutated: 7316 1757 654 283 118 61 24 9 4 1 
1219|Child_Cross12|17: 7331 1639 634 283 114 61 24 9 4 1 
1322|Child_Avg|27: 3118 1011 400 176 69 27 10 4 1 
1477|Survivor|1: 2032 711 316 134 69 27 10 4 1 
2689|Child_CrossABC1|1: 3956 1417 553 262 93 51 23 10 4 1 
2905|Survivor|1: 2278 732 350 149 61 24 9 4 1 
3043|Child_Cross12|9: 8144 2410 700 302 123 61 23 10 4 1 
3051|Survivor|1: 7934 2367 699 290 108 61 23 10 4 1 
3060|Child_Avg|15: 7238 2030 640 248 111 64 23 10 4 1 
3136|Survivor|1|Mutated: 6652 1771 676 250 126 59 24 9 4 1 
3142|Child_Cross12|25: 6257 1749 678 253 115 59 24 9 4 1 
3168|Survivor|1: 7109 1639 609 237 108 62 24 9 4 1 
3179|Survivor|1: 7147 1689 678 280 107 64 24 9 4 1 
3191|Child_CrossABC1|7: 7214 1577 681 282 107 64 24 9 4 1 
3194|Child_CrossABC2|8: 7247 1686 708 282 107 64 24 9 4 1 
3198|Child_CrossABC1|1: 7092 1685 656 282 107 64 24 9 4 1 
3204|Child_Cross21|54: 7244 1545 656 280 125 64 24 9 4 1 
3206|Child_CrossABC1|7: 8188 1547 657 278 123 62 24 9 4 1 
3219|Child_CrossABC2|8: 7251 1519 630 266 125 62 24 9 4 1 
3220|Child_CrossABC1|7: 6931 1505 587 261 118 62 24 9 4 1 
