29|Survivor|2: 6796 1664 839 350 156 72 27 10 4 1 
98|Child|5|Mutated: 7685 1759 690 326 132 72 27 10 4 1 
105|Child|36|Mutated: 7685 1759 690 265 132 72 27 10 4 1 
109|Child|10: 7486 1759 690 326 132 72 27 10 4 1 
127|Survivor|8|Mutated: 7685 1759 690 268 132 72 27 10 4 1 
168|Child|37|Mutated: 7685 1759 690 271 132 72 27 10 4 1 
189|Child|6|Mutated: 7685 1759 717 319 132 72 27 10 4 1 
210|Survivor|3|Mutated: 8206 1759 690 271 132 72 27 10 4 1 
220|Child|31|Mutated: 7685 1775 690 271 132 72 27 10 4 1 
232|Child|21|Mutated: 7382 1759 690 271 132 72 27 10 4 1 
235|Child|35|Mutated: 7685 1726 690 271 132 72 27 10 4 1 
260|Child|46|Mutated: 7685 1759 690 301 132 72 27 10 4 1 
266|Child|15: 7409 1759 690 271 132 72 27 10 4 1 
270|Survivor|3|Mutated: 7685 1673 690 295 132 72 27 10 4 1 
272|Child|2|Mutated: 7685 1715 690 271 132 72 27 10 4 1 
279|Survivor|7|Mutated: 7623 1715 690 271 132 72 27 10 4 1 
285|Child|42: 7681 1759 690 271 132 72 27 10 4 1 
352|Child|35|Mutated: 7685 1759 690 271 132 63 27 10 4 1 
425|Survivor|4|Mutated: 7685 1759 690 298 132 63 27 10 4 1 
440|Child|39|Mutated: 7698 1759 690 271 132 63 27 10 4 1 
445|Child|7|Mutated: 7685 1759 690 302 132 63 27 10 4 1 
457|Child|5|Mutated: 7685 1759 690 329 132 63 27 10 4 1 
470|Child|36|Mutated: 7397 1759 690 302 132 63 27 10 4 1 
478|Child|1|Mutated: 7131 1563 690 302 132 63 27 10 4 1 
493|Child|29|Mutated: 7685 1759 690 302 137 63 27 10 4 1 
510|Child|18|Mutated: 7685 1717 690 302 132 63 27 10 4 1 
523|Survivor|8|Mutated: 7387 1717 690 302 132 63 27 10 4 1 
536|Child|34|Mutated: 7782 1717 690 302 132 63 27 10 4 1 
603|Survivor|5|Mutated: 7935 1717 690 302 132 63 27 10 4 1 
618|Child|23|Mutated: 7058 1717 690 302 132 63 27 10 4 1 
624|Child|28|Mutated: 7748 1717 690 302 132 63 27 10 4 1 
627|Child|24|Mutated: 7588 1717 732 302 132 63 27 10 4 1 
651|Survivor|3|Mutated: 7450 1717 690 302 132 63 27 10 4 1 
658|Child|44|Mutated: 7141 1717 690 302 132 63 27 10 4 1 
688|Survivor|3|Mutated: 7803 1717 690 302 132 63 27 10 4 1 
696|Child|39|Mutated: 7685 1717 728 302 132 63 27 10 4 1 
734|Child|2|Mutated: 7757 1717 690 302 132 63 27 10 4 1 
751|Survivor|1|Mutated: 7181 1717 690 302 132 63 27 10 4 1 
771|Child|24|Mutated: 7250 1717 690 302 132 63 27 10 4 1 
791|Child|3|Mutated: 7276 1717 690 302 132 63 27 10 4 1 
793|Child|10|Mutated: 7685 1717 669 302 132 63 27 10 4 1 
799|Child|16|Mutated: 7685 1717 681 302 132 63 27 10 4 1 
855|Child|35|Mutated: 7791 1717 690 302 132 63 27 10 4 1 
878|Child|49|Mutated: 7748 1717 690 289 132 63 27 10 4 1 
900|Child|26|Mutated: 7748 1717 690 319 132 63 27 10 4 1 
1006|Survivor|1|Mutated: 7748 1717 690 302 132 57 23 10 4 1 
1013|Child|8|Mutated: 7748 1717 628 302 132 57 23 10 4 1 
1041|Child|47|Mutated: 6938 1717 628 302 132 57 23 10 4 1 
1046|Child|10|Mutated: 7433 1717 628 302 132 57 23 10 4 1 
1053|Child|29|Mutated: 7748 1717 709 302 132 57 23 10 4 1 
1060|Child|49|Mutated: 7748 1717 655 302 132 57 23 10 4 1 
1083|Child|39: 7796 1717 655 302 132 57 23 10 4 1 
1138|Child|28|Mutated: 7748 1801 685 302 132 57 23 10 4 1 
1251|Child|27|Mutated: 7204 1717 655 302 132 57 23 10 4 1 
1253|Child|20|Mutated: 7311 1717 655 302 132 57 23 10 4 1 
1269|Child|14|Mutated: 7748 1717 647 302 132 57 23 10 4 1 
1307|Survivor|6|Mutated: 7607 1717 655 302 132 57 23 10 4 1 
1308|Survivor|2: 7810 1717 655 302 132 57 23 10 4 1 
1322|Survivor|3|Mutated: 7457 1717 655 302 132 57 23 10 4 1 
1394|Child|6|Mutated: 7748 1717 674 302 132 57 23 10 4 1 
1429|Child|11|Mutated: 7913 1717 655 302 132 57 23 10 4 1 
1494|Child|44|Mutated: 7748 1717 655 306 132 57 23 10 4 1 
1586|Child|29|Mutated: 7980 1717 655 306 132 57 23 10 4 1 
1652|Child|37|Mutated: 7748 1647 655 306 132 57 23 10 4 1 
1658|Child|16|Mutated: 7822 1717 731 306 132 57 23 10 4 1 
1742|Child|5|Mutated: 7796 1717 655 306 132 57 23 10 4 1 
1781|Child|15|Mutated: 7748 1685 655 306 132 57 23 10 4 1 
1809|Child|40|Mutated: 7521 1717 655 306 132 57 23 10 4 1 
1819|Child|33|Mutated: 7805 1717 655 306 132 57 23 10 4 1 
1827|Child|23|Mutated: 7748 1717 740 306 132 57 23 10 4 1 
1944|Child|43|Mutated: 7748 1717 671 306 132 57 23 10 4 1 
1961|Survivor|6|Mutated: 7748 1771 655 306 132 57 23 10 4 1 
2079|Child|14: 7517 1717 692 306 132 57 23 10 4 1 
2106|Child|39|Mutated: 7474 1717 655 306 132 57 23 10 4 1 
2177|Child|41|Mutated: 7324 1717 671 306 132 57 23 10 4 1 
2207|Child|38|Mutated: 7513 1717 671 306 132 57 23 10 4 1 
2304|Child|37|Mutated: 7628 1717 671 306 132 57 23 10 4 1 
2321|Child|7|Mutated: 7404 1717 671 306 132 57 23 10 4 1 
2334|Child|19|Mutated: 7678 1717 671 306 132 57 23 10 4 1 
2357|Child|9|Mutated: 7658 1717 671 306 132 57 23 10 4 1 
2449|Child|22|Mutated: 7812 1717 671 306 132 57 23 10 4 1 
2513|Child|48|Mutated: 7699 1717 671 306 132 57 23 10 4 1 
2629|Survivor|1|Mutated: 8045 1717 671 313 132 57 23 10 4 1 
2704|Child|23|Mutated: 7652 1717 671 306 132 57 23 10 4 1 
2708|Child|38|Mutated: 7748 1717 671 313 132 57 23 10 4 1 
2728|Child|26|Mutated: 7990 1717 671 306 132 57 23 10 4 1 
2732|Survivor|1|Mutated: 7169 1717 671 306 132 57 23 10 4 1 
2746|Child|45|Mutated: 7606 1717 671 306 132 57 23 10 4 1 
2833|Child|36|Mutated: 6989 1717 671 306 132 57 23 10 4 1 
2892|Child|2|Mutated: 7748 1717 758 306 132 57 23 10 4 1 
2994|Child|4|Mutated: 7354 1717 671 306 132 57 23 10 4 1 
3008|Child|4|Mutated: 7058 1717 671 306 132 57 23 10 4 1 
3015|Child|32|Mutated: 7346 1717 671 306 132 57 23 10 4 1 
3053|Child|44|Mutated: 7489 1717 671 306 132 57 23 10 4 1 
3078|Child|42|Mutated: 7827 1717 671 306 132 57 23 10 4 1 
3087|Survivor|10|Mutated: 6311 1717 671 306 132 57 23 10 4 1 
3088|Child|17|Mutated: 7581 1717 671 306 132 57 23 10 4 1 
3219|Child|42|Mutated: 7527 1717 671 306 132 57 23 10 4 1 
3238|Child|28|Mutated: 7177 1717 671 306 132 57 23 10 4 1 
3239|Child|29|Mutated: 7131 1717 671 306 132 57 23 10 4 1 
3257|Child|14|Mutated: 7748 1800 671 306 132 57 23 10 4 1 
3288|Child|14|Mutated: 7819 1717 671 306 132 57 23 10 4 1 
3326|Survivor|4|Mutated: 7822 1717 671 306 132 57 23 10 4 1 
3504|Child|22|Mutated: 7748 1717 674 306 132 57 23 10 4 1 
3561|Child|20|Mutated: 7779 1717 671 306 132 57 23 10 4 1 
3583|Child|40|Mutated: 7422 1717 671 306 132 57 23 10 4 1 
3619|Survivor|5|Mutated: 7659 1717 671 306 132 57 23 10 4 1 
3620|Survivor|2: 7236 1717 671 306 132 57 23 10 4 1 
3651|Survivor|2|Mutated: 7525 1717 671 306 132 57 23 10 4 1 
3672|Child|28|Mutated: 7748 1701 671 306 132 57 23 10 4 1 
