106|Child_ABC2|17: 7043 1543 539 293 140 64 24 9 4 1 
121|Survivor|1: 7109 1543 539 297 135 64 24 9 4 1 
126|Child_ABC2|17: 6886 1543 581 297 150 64 24 9 4 1 
127|Child_Cross12|1: 7133 1543 539 297 141 64 24 9 4 1 
131|Child_ABC2|29: 7227 1543 539 297 135 64 24 9 4 1 
139|Child_ABC2|53|Mutated: 7098 1543 539 297 135 64 24 9 4 1 
140|Child_ABC2|17: 7152 1543 539 297 135 64 24 9 4 1 
141|Child_Avg|27|Mutated: 7133 1543 539 297 135 64 24 9 4 1 
142|Child_ABC1|16: 7139 1543 539 297 135 64 24 9 4 1 
143|Child_Cross21|14: 7261 1543 539 297 135 64 24 9 4 1 
144|Child_Avg|27: 7188 1543 539 297 135 64 24 9 4 1 
145|Child_Cross21|26: 7186 1543 539 297 135 64 24 9 4 1 
146|Child_Cross12|1: 7213 1543 539 297 135 64 24 9 4 1 
147|Child_Cross12|25: 7238 1543 539 297 135 64 24 9 4 1 
148|Child_ABC2|41: 7181 1543 539 297 135 64 24 9 4 1 
150|Child_Cross12|13: 7117 1543 539 297 135 64 24 9 4 1 
151|Child_Avg|39|Mutated: 7147 1543 539 297 135 64 24 9 4 1 
152|Child_ABC1|4: 7114 1543 539 297 135 64 24 9 4 1 
153|Child_ABC1|40: 7145 1543 539 297 135 64 24 9 4 1 
154|Child_ABC1|40: 7065 1543 539 297 135 64 24 9 4 1 
155|Child_Avg|3: 7105 1543 539 297 135 64 24 9 4 1 
156|Child_Avg|27: 7125 1543 539 297 135 64 24 9 4 1 
158|Child_Avg|51: 7130 1543 539 297 135 64 24 9 4 1 
159|Child_Cross12|1: 7106 1543 539 297 135 64 24 9 4 1 
160|Child_ABC1|40: 7099 1543 539 297 135 64 24 9 4 1 
162|Child_Cross21|26: 7126 1543 539 297 135 64 24 9 4 1 
163|Child_Avg|51: 7129 1543 539 297 135 64 24 9 4 1 
164|Child_Cross21|26: 7136 1543 539 297 135 64 24 9 4 1 
165|Child_ABC1|4: 7131 1543 539 297 135 64 24 9 4 1 
166|Child_Avg|3: 7132 1543 539 297 135 64 24 9 4 1 
202|Child_Cross12|13|Mutated: 7132 1543 539 297 135 64 24 11 5 1 
209|Child_ABC2|29|Mutated: 7132 1543 539 282 135 64 24 9 4 1 
259|Child_Cross21|50|Mutated: 7132 1543 585 297 135 64 24 9 4 1 
323|Child_Cross12|37|Mutated: 7286 1543 539 297 135 64 24 9 4 1 
324|Child_Avg|15: 7209 1543 539 297 135 64 24 9 4 1 
325|Child_Cross21|38: 7107 1543 539 297 135 64 24 9 4 1 
329|Child_Cross12|13: 7155 1543 539 297 135 64 24 9 4 1 
334|Child_Cross12|13: 7150 1543 539 297 135 64 24 9 4 1 
337|Child_Avg|3: 7127 1543 539 297 135 64 24 9 4 1 
338|Child_Avg|39: 7184 1543 539 297 135 64 24 9 4 1 
344|Child_Cross21|2: 7154 1543 539 297 135 64 24 9 4 1 
346|Child_Cross21|2: 7165 1543 539 297 135 64 24 9 4 1 
347|Child_Cross12|37: 7158 1543 539 297 135 64 24 9 4 1 
348|Child_Avg|27: 7148 1543 539 297 135 64 24 9 4 1 
351|Child_Cross21|2: 7153 1543 539 297 135 64 24 9 4 1 
352|Child_ABC2|41: 7167 1543 539 297 135 64 24 9 4 1 
354|Child_ABC2|29: 7166 1543 539 297 135 64 24 9 4 1 
358|Child_ABC1|4: 7161 1543 539 297 135 64 24 9 4 1 
359|Child_ABC2|41: 7162 1543 539 297 135 64 24 9 4 1 
361|Child_Avg|3: 7163 1543 539 297 135 64 24 9 4 1 
419|Child_ABC2|53|Mutated: 7166 1547 588 297 135 64 24 9 4 1 
424|Child_Cross12|13: 7166 1551 548 297 135 64 24 9 4 1 
426|Child_ABC1|4: 7166 1545 619 297 135 64 24 9 4 1 
427|Child_ABC2|5: 7166 1543 636 297 135 64 24 9 4 1 
461|Child_ABC1|52|Mutated: 6612 1543 636 275 135 64 24 9 4 1 
462|Child_ABC1|4: 6884 1543 636 297 135 64 24 9 4 1 
491|Child_Cross12|1|Mutated: 7895 1543 636 297 135 64 24 9 4 1 
546|Child_Avg|15|Mutated: 7837 1543 636 297 135 64 24 9 4 1 
547|Child_ABC2|29: 7409 1543 636 297 135 64 24 9 4 1 
548|Child_Avg|51: 7287 1543 636 297 135 64 24 9 4 1 
549|Child_ABC2|41: 7379 1543 636 297 135 64 24 9 4 1 
550|Child_Cross21|14: 7234 1543 636 297 135 64 24 9 4 1 
551|Child_ABC2|29: 7236 1543 636 297 135 64 24 9 4 1 
552|Child_Avg|39: 7296 1543 636 297 135 64 24 9 4 1 
553|Child_Cross21|38: 7457 1543 636 297 135 64 24 9 4 1 
554|Child_ABC1|16: 7305 1543 636 297 135 64 24 9 4 1 
555|Child_Cross21|38: 7154 1543 636 297 135 64 24 9 4 1 
556|Child_ABC2|17: 7263 1543 636 297 135 64 24 9 4 1 
557|Child_Avg|15: 7288 1543 636 297 135 64 24 9 4 1 
558|Child_Cross12|1: 7276 1543 636 297 135 64 24 9 4 1 
559|Child_Cross12|13: 7264 1543 636 297 135 64 24 9 4 1 
562|Child_ABC2|41: 7289 1543 636 297 135 64 24 9 4 1 
563|Child_Cross12|13|Mutated: 7262 1543 636 297 135 64 24 9 4 1 
564|Child_Avg|27: 7274 1543 636 297 135 64 24 9 4 1 
565|Child_ABC1|52: 7270 1543 636 297 135 64 24 9 4 1 
568|Child_Cross12|1: 7275 1543 636 297 135 64 24 9 4 1 
570|Child_ABC1|52: 7277 1543 636 297 135 64 24 9 4 1 
572|Child_ABC1|16: 7273 1543 636 297 135 64 24 9 4 1 
585|Child_Cross12|13|Mutated: 7275 1543 636 297 135 64 24 11 5 1 
638|Child_ABC2|29|Mutated: 7275 1838 636 297 135 64 24 9 4 1 
690|Survivor|1|Mutated: 7275 1769 636 297 135 64 24 9 4 1 
692|Child_ABC2|53: 7275 1688 636 297 135 64 24 9 4 1 
694|Child_Avg|27: 7275 1651 636 297 135 64 24 9 4 1 
695|Child_Cross21|2: 7275 1615 636 297 135 64 24 9 4 1 
704|Child_ABC2|41|Mutated: 7275 1688 636 297 135 55 24 9 4 1 
766|Child_Cross12|25|Mutated: 7275 1574 636 297 135 55 24 9 4 1 
767|Child_ABC2|5: 7275 1588 636 297 135 55 24 9 4 1 
803|Child_Avg|27|Mutated: 6970 1588 636 297 135 55 24 9 4 1 
872|Child_ABC2|29|Mutated: 7275 1588 636 297 136 55 24 9 4 1 
923|Child_Cross12|37|Mutated: 7275 1588 720 297 135 55 24 9 4 1 
1134|Child_Avg|51|Mutated: 7275 1753 636 297 135 55 24 9 4 1 
1135|Child_ABC2|17: 7275 1657 636 297 135 55 24 9 4 1 
1137|Child_Cross21|14: 7275 1670 636 297 135 55 24 9 4 1 
1138|Child_Cross21|26: 7275 1616 636 297 135 55 24 9 4 1 
1139|Child_Cross12|37: 7275 1643 636 297 135 55 24 9 4 1 
1140|Child_ABC1|16|Mutated: 7275 1633 636 297 135 55 24 9 4 1 
1152|Child_Avg|27|Mutated: 7393 1643 636 297 135 55 24 9 4 1 
1153|Child_ABC1|16: 7262 1643 636 297 135 55 24 9 4 1 
1154|Child_ABC1|16: 7256 1643 636 297 135 55 24 9 4 1 
1157|Child_ABC1|52: 7267 1643 636 297 135 55 24 9 4 1 
1159|Child_ABC1|16: 7268 1643 636 297 135 55 24 9 4 1 
1162|Child_Cross12|37: 7263 1643 636 297 135 55 24 9 4 1 
1171|Child_ABC2|5|Mutated: 7786 1643 636 297 135 55 24 9 4 1 
1172|Child_ABC2|41: 7639 1643 636 297 135 55 24 9 4 1 
1173|Child_ABC1|16: 7745 1643 636 297 135 55 24 9 4 1 
1175|Child_Cross21|2: 7280 1643 636 297 135 55 24 9 4 1 
1176|Child_ABC1|52: 7563 1643 636 297 135 55 24 9 4 1 
1177|Child_Avg|27: 7322 1643 636 297 135 55 24 9 4 1 
1179|Child_Avg|39: 7281 1643 636 297 135 55 24 9 4 1 
1180|Child_Avg|15: 7405 1643 636 297 135 55 24 9 4 1 
1181|Child_ABC1|16: 7298 1643 636 297 135 55 24 9 4 1 
1182|Child_Avg|15: 7342 1643 636 297 135 55 24 9 4 1 
1183|Child_Avg|3: 7285 1643 636 297 135 55 24 9 4 1 
1186|Child_Avg|39: 7321 1643 636 297 135 55 24 9 4 1 
1187|Child_Cross12|13: 7307 1643 636 297 135 55 24 9 4 1 
1188|Child_ABC1|40: 7279 1643 636 297 135 55 24 9 4 1 
1189|Child_Cross12|1: 7353 1643 636 297 135 55 24 9 4 1 
1190|Child_ABC2|53: 7224 1643 636 297 135 55 24 9 4 1 
1193|Child_ABC1|52: 7345 1643 636 297 135 55 24 9 4 1 
1194|Child_Cross21|26: 7310 1643 636 297 135 55 24 9 4 1 
1195|Child_ABC1|28: 7312 1643 636 297 135 55 24 9 4 1 
1197|Child_ABC1|52: 7293 1643 636 297 135 55 24 9 4 1 
1198|Child_Cross21|14: 7295 1643 636 297 135 55 24 9 4 1 
1200|Child_ABC2|41: 7305 1643 636 297 135 55 24 9 4 1 
1201|Child_Cross12|49: 7297 1643 636 297 135 55 24 9 4 1 
1204|Child_Cross21|2: 7289 1643 636 297 135 55 24 9 4 1 
1205|Child_Avg|3|Mutated: 7288 1643 717 297 135 55 24 9 4 1 
1280|Child_ABC1|28|Mutated: 7288 1669 717 297 135 55 24 9 4 1 
1301|Child_Cross21|2|Mutated: 7518 1643 717 297 135 55 24 9 4 1 
1317|Child_ABC1|28|Mutated: 7730 1643 717 297 135 55 24 9 4 1 
1436|Child_ABC1|28|Mutated: 7737 1643 717 297 135 55 24 9 4 1 
1468|Child_ABC2|5|Mutated: 7483 1643 717 297 135 55 24 9 4 1 
1476|Child_Avg|3|Mutated: 7159 1643 717 297 135 55 24 9 4 1 
1477|Child_ABC2|41: 7210 1643 717 297 135 55 24 9 4 1 
1533|Child_ABC1|16|Mutated: 7626 1643 717 297 135 55 24 9 4 1 
1534|Child_ABC2|41: 6961 1643 717 297 135 55 24 9 4 1 
1535|Child_Avg|3: 7541 1643 717 297 135 55 24 9 4 1 
1536|Child_ABC1|28: 7585 1643 717 297 135 55 24 9 4 1 
1537|Child_ABC2|41: 7580 1643 717 297 135 55 24 9 4 1 
1540|Child_Avg|51: 7472 1643 717 297 135 55 24 9 4 1 
1541|Child_Cross12|1: 7442 1643 717 297 135 55 24 9 4 1 
1542|Child_Cross12|25: 7544 1643 717 297 135 55 24 9 4 1 
1543|Child_Avg|15: 7455 1643 717 297 135 55 24 9 4 1 
1545|Child_ABC1|28: 7489 1643 717 297 135 55 24 9 4 1 
1546|Child_ABC2|5: 7491 1643 717 297 135 55 24 9 4 1 
1547|Child_ABC1|16: 7492 1643 717 297 135 55 24 9 4 1 
1548|Child_Avg|39: 7484 1643 717 297 135 55 24 9 4 1 
1549|Child_ABC1|40: 7367 1643 717 297 135 55 24 9 4 1 
1551|Child_Cross12|1: 7263 1643 717 297 135 55 24 9 4 1 
1552|Child_Avg|27: 7374 1643 717 297 135 55 24 9 4 1 
1553|Child_Avg|3: 7376 1643 717 297 135 55 24 9 4 1 
1554|Child_ABC1|16: 7415 1643 717 297 135 55 24 9 4 1 
1555|Child_ABC1|4: 7408 1643 717 297 135 55 24 9 4 1 
1556|Child_Cross12|13: 7407 1643 717 297 135 55 24 9 4 1 
1557|Child_Avg|27: 7356 1643 717 297 135 55 24 9 4 1 
1558|Child_Avg|15: 7303 1643 717 297 135 55 24 9 4 1 
1559|Child_Cross21|2: 7398 1643 717 297 135 55 24 9 4 1 
1560|Child_Cross21|50: 7306 1643 717 297 135 55 24 9 4 1 
1561|Child_ABC2|5: 7253 1643 717 297 135 55 24 9 4 1 
1562|Child_ABC2|29: 7272 1643 717 297 135 55 24 9 4 1 
1563|Child_Cross21|14: 7595 1643 717 297 135 55 24 9 4 1 
1564|Child_Cross12|25: 7382 1643 717 297 135 55 24 9 4 1 
1565|Child_Avg|3: 7351 1643 717 297 135 55 24 9 4 1 
1566|Child_ABC1|28: 7352 1643 717 297 135 55 24 9 4 1 
1567|Child_Avg|15: 7396 1643 717 297 135 55 24 9 4 1 
1568|Child_Avg|27: 7364 1643 717 297 135 55 24 9 4 1 
1569|Child_ABC1|52: 7294 1643 717 297 135 55 24 9 4 1 
1570|Child_Cross12|25: 7350 1643 717 297 135 55 24 9 4 1 
1571|Child_ABC1|28: 7419 1643 717 297 135 55 24 9 4 1 
1572|Child_Avg|27|Mutated: 7413 1643 717 297 135 55 24 9 4 1 
1573|Child_Avg|3: 7361 1643 717 297 135 55 24 9 4 1 
1574|Child_Avg|39: 7359 1643 717 297 135 55 24 9 4 1 
1575|Child_ABC2|41: 7358 1643 717 297 135 55 24 9 4 1 
1576|Child_ABC1|40: 7394 1643 717 297 135 55 24 9 4 1 
1578|Child_Cross21|14: 7360 1643 717 297 135 55 24 9 4 1 
1579|Child_Cross21|26: 7400 1643 717 297 135 55 24 9 4 1 
1580|Child_ABC1|16: 7370 1643 717 297 135 55 24 9 4 1 
1581|Child_ABC2|41: 7372 1643 717 297 135 55 24 9 4 1 
1582|Child_ABC2|5: 7346 1643 717 297 135 55 24 9 4 1 
1584|Child_ABC2|5|Mutated: 7366 1643 717 297 135 55 24 9 4 1 
1585|Child_ABC1|28: 7342 1643 717 297 135 55 24 9 4 1 
1587|Child_Avg|27: 7362 1643 717 297 135 55 24 9 4 1 
1588|Child_ABC1|28: 7380 1643 717 297 135 55 24 9 4 1 
1589|Child_Cross21|38: 7329 1643 717 297 135 55 24 9 4 1 
1590|Child_ABC1|4: 7354 1643 717 297 135 55 24 9 4 1 
1591|Child_ABC2|53: 7334 1643 717 297 135 55 24 9 4 1 
1593|Child_Cross12|25: 7347 1643 717 297 135 55 24 9 4 1 
1594|Child_Cross21|50: 7318 1643 717 297 135 55 24 9 4 1 
1595|Child_ABC2|5: 7337 1643 717 297 135 55 24 9 4 1 
1596|Child_Cross12|13: 7373 1643 717 297 135 55 24 9 4 1 
1597|Child_Avg|51: 7327 1643 717 297 135 55 24 9 4 1 
1598|Child_Avg|39: 7300 1643 717 297 135 55 24 9 4 1 
1601|Child_ABC1|52: 7325 1643 717 297 135 55 24 9 4 1 
1602|Child_Cross21|14: 7251 1643 717 297 135 55 24 9 4 1 
1603|Child_Avg|15: 7278 1643 717 297 135 55 24 9 4 1 
1604|Child_Cross12|13: 7290 1643 717 297 135 55 24 9 4 1 
1607|Child_Cross12|37: 7293 1643 717 297 135 55 24 9 4 1 
1608|Child_Cross21|2: 7299 1643 717 297 135 55 24 9 4 1 
1609|Child_Avg|39: 7319 1643 717 297 135 55 24 9 4 1 
1610|Child_Cross21|50: 7258 1643 717 297 135 55 24 9 4 1 
1611|Child_Avg|27: 7292 1643 717 297 135 55 24 9 4 1 
1612|Child_ABC2|53: 7283 1643 717 297 135 55 24 9 4 1 
1618|Child_Cross12|25: 7260 1643 717 297 135 55 24 9 4 1 
1756|Child_ABC2|53|Mutated: 7087 1643 717 297 135 55 24 9 4 1 
1757|Child_ABC1|16: 7175 1643 717 297 135 55 24 9 4 1 
2055|Child_Cross12|1|Mutated: 7637 1643 717 297 135 55 24 9 4 1 
2057|Child_ABC2|5: 7349 1643 717 297 135 55 24 9 4 1 
2059|Child_ABC1|16: 7566 1643 717 297 135 55 24 9 4 1 
2060|Child_Avg|3: 7457 1643 717 297 135 55 24 9 4 1 
2062|Child_ABC2|5: 7583 1643 717 297 135 55 24 9 4 1 
2063|Child_Cross21|50: 7345 1643 717 297 135 55 24 9 4 1 
2064|Child_Avg|51: 7592 1643 717 297 135 55 24 9 4 1 
2068|Child_Cross12|37: 7811 1643 717 297 135 55 24 9 4 1 
2069|Child_Cross12|25: 7391 1643 717 297 135 55 24 9 4 1 
2070|Child_Cross12|13: 7651 1643 717 297 135 55 24 9 4 1 
2071|Child_ABC2|5: 7653 1643 717 297 135 55 24 9 4 1 
2072|Child_Avg|27: 7378 1643 717 297 135 55 24 9 4 1 
2073|Child_ABC2|17: 7459 1643 717 297 135 55 24 9 4 1 
2074|Child_Avg|27: 7569 1643 717 297 135 55 24 9 4 1 
2075|Child_ABC1|28: 7403 1643 717 297 135 55 24 9 4 1 
2076|Child_Cross12|1: 7753 1643 717 297 135 55 24 9 4 1 
2077|Child_Cross12|25: 7504 1643 717 297 135 55 24 9 4 1 
2079|Child_Cross21|2: 7332 1643 717 297 135 55 24 9 4 1 
2080|Child_Avg|39: 7314 1643 717 297 135 55 24 9 4 1 
2081|Child_Cross12|1: 7282 1643 717 297 135 55 24 9 4 1 
2082|Child_Cross21|38: 7237 1643 717 297 135 55 24 9 4 1 
2083|Child_ABC1|16: 7284 1643 717 297 135 55 24 9 4 1 
2084|Child_Cross12|37: 7246 1643 717 297 135 55 24 9 4 1 
2085|Child_Avg|27: 7247 1643 717 297 135 55 24 9 4 1 
2087|Child_ABC2|53: 7183 1643 717 297 135 55 24 9 4 1 
2088|Child_Cross21|26: 7202 1643 717 297 135 55 24 9 4 1 
2089|Child_Cross12|13: 7222 1643 717 297 135 55 24 9 4 1 
2091|Child_Avg|15: 7207 1643 717 297 135 55 24 9 4 1 
2092|Child_Cross21|38: 7214 1643 717 297 135 55 24 9 4 1 
2095|Child_Cross12|49: 7204 1643 717 297 135 55 24 9 4 1 
2099|Child_ABC1|4: 7223 1643 717 297 135 55 24 9 4 1 
2101|Child_Avg|39: 7229 1643 717 297 135 55 24 9 4 1 
2103|Child_Cross21|2: 7224 1643 717 297 135 55 24 9 4 1 
2108|Child_Cross21|2|Mutated: 7224 1685 717 297 135 55 24 9 4 1 
2112|Child_ABC1|40|Mutated: 7224 1643 637 297 135 55 24 9 4 1 
2408|Child_Avg|27: 7265 1643 717 297 135 55 24 9 4 1 
2721|Child_Avg|27|Mutated: 7060 1643 717 297 135 55 24 9 4 1 
2753|Child_Cross12|25|Mutated: 7000 1643 717 297 135 55 24 9 4 1 
2864|Child_Cross21|2|Mutated: 7224 1603 717 297 135 55 24 9 4 1 
2876|Child_ABC1|28|Mutated: 7224 1658 717 297 135 55 24 9 4 1 
2883|Child_Cross21|14|Mutated: 7224 1942 717 297 135 55 24 9 4 1 
2884|Child_Avg|51: 7224 1792 717 297 135 55 24 9 4 1 
2956|Survivor|1|Mutated: 7022 1643 717 297 135 55 24 9 4 1 
3010|Child_Cross12|37|Mutated: 7510 1643 717 297 135 55 24 9 4 1 
3012|Child_ABC2|53: 7238 1643 717 297 135 55 24 9 4 1 
3014|Child_Cross12|37: 7333 1643 717 297 135 55 24 9 4 1 
3019|Child_ABC2|41: 7232 1643 717 297 135 55 24 9 4 1 
3020|Child_Cross12|1: 7211 1643 717 297 135 55 24 9 4 1 
3021|Child_ABC2|17: 7285 1643 717 297 135 55 24 9 4 1 
3022|Child_ABC2|17: 7259 1643 717 297 135 55 24 9 4 1 
3027|Child_ABC2|17: 7261 1643 717 297 135 55 24 9 4 1 
3028|Child_Avg|51: 7256 1643 717 297 135 55 24 9 4 1 
3034|Child_Avg|27: 7255 1643 717 297 135 55 24 9 4 1 
3036|Child_Cross21|14: 7245 1643 717 297 135 55 24 9 4 1 
3039|Child_Cross21|26: 7266 1643 717 297 135 55 24 9 4 1 
3051|Child_Cross21|38|Mutated: 7796 1643 717 297 135 55 24 9 4 1 
3052|Child_Avg|39: 7528 1643 717 297 135 55 24 9 4 1 
3091|Child_ABC2|41|Mutated: 7261 1573 717 297 135 55 24 9 4 1 
3200|Child_Cross21|50|Mutated: 7563 1643 717 297 135 55 24 9 4 1 
3229|Child_Cross12|1|Mutated: 7464 1643 717 297 135 55 24 9 4 1 
3231|Child_Cross12|25: 7136 1643 717 297 135 55 24 9 4 1 
3233|Child_ABC1|40: 7353 1643 717 297 135 55 24 9 4 1 
3234|Child_ABC2|53: 7220 1643 717 297 135 55 24 9 4 1 
3235|Child_Cross21|50|Mutated: 7126 1643 717 297 135 55 24 9 4 1 
3236|Child_ABC1|40: 7310 1643 717 297 135 55 24 9 4 1 
3240|Child_ABC2|29: 7336 1643 717 297 135 55 24 9 4 1 
3254|Child_Avg|51: 7331 1643 717 297 135 55 24 9 4 1 
3256|Child_Avg|51: 7323 1643 717 297 135 55 24 9 4 1 
3343|Child_ABC2|17|Mutated: 7332 1643 686 297 135 55 24 9 4 1 
3445|Child_Cross21|2|Mutated: 7305 1643 717 297 135 55 24 9 4 1 
3447|Child_ABC1|28: 7280 1643 717 297 135 55 24 9 4 1 
3451|Child_Cross12|25: 7295 1643 717 297 135 55 24 9 4 1 
3453|Child_ABC1|28: 7304 1643 717 297 135 55 24 9 4 1 
3454|Child_ABC2|53: 7315 1643 717 297 135 55 24 9 4 1 
3458|Child_Cross12|25: 7335 1643 717 297 135 55 24 9 4 1 
3461|Child_Cross21|2: 7311 1643 717 297 135 55 24 9 4 1 
3463|Child_Cross21|38: 7321 1643 717 297 135 55 24 9 4 1 
3470|Child_Avg|51: 7302 1643 717 297 135 55 24 9 4 1 
3472|Child_Cross12|1: 7320 1643 717 297 135 55 24 9 4 1 
3477|Child_ABC1|28: 7307 1643 717 297 135 55 24 9 4 1 
3532|Child_Avg|39|Mutated: 7307 1910 717 297 135 55 24 9 4 1 
3547|Child_Cross21|38|Mutated: 7497 1643 717 297 135 55 24 9 4 1 
3549|Child_ABC1|40: 7443 1643 717 297 135 55 24 9 4 1 
3551|Child_ABC1|28: 7508 1643 717 297 135 55 24 9 4 1 
3552|Child_ABC1|4: 7683 1643 717 297 135 55 24 9 4 1 
3556|Child_Cross21|38: 7555 1643 717 297 135 55 24 9 4 1 
3559|Child_ABC1|52: 7384 1643 717 297 135 55 24 9 4 1 
3564|Child_ABC2|29: 7313 1643 717 297 135 55 24 9 4 1 
3566|Child_ABC1|52: 7399 1643 717 297 135 55 24 9 4 1 
3569|Child_ABC2|17: 7388 1643 717 297 135 55 24 9 4 1 
