Survivor61-1: 2197 705 303 130 57 23 10 4 1 
Survivor84-2: 2089 702 292 129 55 23 10 4 1 
Survivor122-5: 2145 696 313 133 57 23 10 4 1 
Survivor130-7: 2163 713 306 129 55 23 10 4 1 
Survivor139-5: 2186 689 302 130 57 23 10 4 1 
LevyChild141-9: 2237 674 302 130 54 23 10 4 1 
LevyChild143-18: 2222 667 256 130 54 23 10 4 1 
Survivor185-7: 2201 679 296 130 57 23 10 4 1 
Survivor194-10: 2153 689 297 126 51 23 10 4 1 
Survivor199-14: 2227 691 304 131 57 23 10 4 1 
Survivor237-18: 2231 684 303 130 57 23 10 4 1 
Survivor240-2: 2081 700 322 135 57 23 10 4 1 
Survivor268-3: 2233 671 256 130 54 23 10 4 1 
Survivor313-5: 2156 700 309 133 57 23 10 4 1 
Survivor350-19: 2233 670 303 129 53 24 11 5 1 
Survivor364-2: 2256 701 300 125 54 23 10 4 1 
Survivor380-14: 2370 718 299 127 54 23 10 4 1 
Survivor390-26: 2225 673 303 130 54 23 10 4 1 
Survivor414-9: 2191 692 307 125 54 23 10 4 1 
LevyChild496-18: 2229 700 296 132 57 23 10 4 1 
Survivor535-12: 2242 702 315 130 57 23 10 4 1 
Survivor606-3: 2209 715 306 127 54 23 10 4 1 
Survivor629-9: 2296 709 308 128 57 23 10 4 1 
Survivor789-10: 2263 704 308 130 57 23 10 4 1 
LevyChild794-17: 2371 722 299 125 54 23 10 4 1 
Survivor949-32: 2185 697 309 127 54 23 10 4 1 
Survivor1124-6: 2261 705 304 130 57 23 10 4 1 
Survivor1126-26: 2127 724 294 127 54 23 10 4 1 
Survivor1140-7: 2275 678 310 135 57 23 10 4 1 
Survivor1148-16: 2298 702 317 128 57 23 10 4 1 
Survivor1258-19: 2194 693 299 127 54 23 10 4 1 
Survivor1282-14: 2474 739 295 133 57 23 10 4 1 
Survivor1327-4: 2373 733 284 132 57 23 10 4 1 
Survivor1690-21: 2296 727 307 130 57 23 10 4 1 
Survivor1717-6: 2422 716 302 130 54 23 10 4 1 
Survivor1732-20: 2242 659 256 130 54 23 10 4 1 
Survivor1838-4: 2275 700 299 127 54 23 10 4 1 
Survivor2097-7: 2285 696 302 133 57 23 10 4 1 
Survivor2274-9: 2313 833 309 133 57 23 10 4 1 
Survivor2283-16: 2303 705 310 133 57 23 10 4 1 
Survivor2347-7: 2215 707 291 133 57 23 10 4 1 
Survivor2488-23: 2227 707 312 116 55 23 10 4 1 
Survivor2536-19: 2272 698 306 133 57 23 10 4 1 
Survivor2570-23: 2329 723 298 131 61 23 10 4 1 
Survivor2643-12: 2389 714 290 121 57 23 10 4 1 
Survivor2796-33: 2305 848 309 133 57 23 10 4 1 
Survivor2871-12: 2341 841 310 135 57 23 10 4 1 
Survivor2876-3: 2291 705 301 134 58 24 11 5 1 
Survivor2954-4: 2306 667 300 135 57 23 10 4 1 
Survivor2969-33: 2441 831 310 133 57 23 10 4 1 
Survivor3035-16: 2349 852 307 134 58 24 11 5 1 
Survivor3058-5: 2311 834 309 133 57 23 10 4 1 
Survivor3062-17: 2325 835 298 133 57 23 10 4 1 
Survivor3066-32: 2436 841 310 135 57 23 10 4 1 
Survivor3195-13: 2295 706 298 133 57 23 10 4 1 
Survivor3226-20: 2325 837 306 133 57 23 10 4 1 
Survivor3253-33: 2342 837 307 134 58 24 11 5 1 
Survivor3330-36: 2353 839 310 133 57 23 10 4 1 
Survivor3363-19: 2363 844 305 133 57 23 10 4 1 
Survivor3410-9: 2318 842 308 132 57 23 10 4 1 
Survivor3439-14: 2378 832 301 132 57 23 10 4 1 
Survivor3523-43: 2361 862 309 133 57 23 10 4 1 
Survivor3541-25: 2299 836 310 133 57 23 10 4 1 
Survivor3613-3: 2332 824 302 132 57 23 10 4 1 
Survivor3731-20: 2329 852 306 133 57 23 10 4 1 
Survivor3736-9: 2344 833 309 133 57 23 10 4 1 
Survivor3741-34: 2357 862 309 133 57 23 10 4 1 
Survivor3750-37: 2312 830 310 133 57 23 10 4 1 
Survivor3767-4: 2365 864 310 135 57 23 10 4 1 
Survivor3855-36: 2321 845 310 133 57 23 10 4 1 
Survivor3900-35: 2337 849 303 134 58 24 11 5 1 
Survivor4009-5: 2346 860 310 135 57 23 10 4 1 
Survivor4025-34: 2299 832 307 134 58 24 11 5 1 
Survivor4157-24: 2332 853 298 133 57 23 10 4 1 
Survivor4184-47: 2322 822 306 133 57 23 10 4 1 
LevyChild4384-9: 2307 839 306 136 61 23 10 4 1 
Survivor4424-31: 2325 830 304 130 57 23 10 4 1 
Survivor4427-17: 2360 882 310 133 57 23 10 4 1 
Survivor4494-7: 2328 859 302 132 57 23 10 4 1 
Survivor4570-32: 2353 879 313 135 57 23 10 4 1 
Survivor4605-7: 2367 884 321 135 57 23 10 4 1 
Survivor5030-33: 2336 906 306 133 57 23 10 4 1 
Survivor5031-9: 2279 836 310 135 57 23 10 4 1 
Survivor5078-11: 2321 886 322 135 57 23 10 4 1 
Survivor5254-30: 2302 880 323 132 57 23 10 4 1 
Survivor5415-24: 2349 800 298 133 57 23 10 4 1 
Survivor5430-3: 2328 966 307 134 58 24 11 5 1 
Survivor5549-14: 2363 875 318 133 57 23 10 4 1 
Survivor5751-7: 2471 877 321 135 57 23 10 4 1 
Survivor5808-37: 2344 854 306 133 57 23 10 4 1 
Survivor5832-45: 2355 857 309 133 57 23 10 4 1 
Survivor5946-19: 2338 914 313 133 57 23 10 4 1 
Survivor5986-20: 2335 997 308 135 57 23 10 4 1 
Survivor6054-19: 2293 917 298 135 57 23 10 4 1 
Survivor6080-4: 2334 967 310 135 57 23 10 4 1 
Survivor6282-26: 2362 949 291 131 60 23 10 4 1 
Survivor6369-4: 2340 976 310 135 57 23 10 4 1 
Survivor6462-3: 2304 933 310 135 57 23 10 4 1 
Survivor6487-18: 2332 935 296 132 57 23 10 4 1 
Survivor6546-38: 2321 894 306 133 57 23 10 4 1 
Survivor6686-31: 2347 920 301 135 57 23 10 4 1 
Survivor6718-2: 2375 971 310 133 57 23 10 4 1 
Survivor6758-37: 2298 963 308 135 57 23 10 4 1 
Survivor6810-20: 2369 878 318 132 57 23 10 4 1 
Survivor6842-37: 2369 911 306 133 57 23 10 4 1 
Survivor6873-16: 2349 910 308 135 57 23 10 4 1 
Survivor6901-8: 2375 883 308 135 57 23 10 4 1 
Survivor6973-22: 2347 984 301 135 57 23 10 4 1 
Survivor7056-6: 2278 975 310 135 57 23 10 4 1 
Survivor7134-33: 2334 971 294 132 57 23 10 4 1 
Survivor7497-2: 2421 975 298 135 57 23 10 4 1 
Survivor7607-3: 2355 975 290 132 57 23 10 4 1 
Survivor7738-42: 2306 882 318 133 57 23 10 4 1 
Survivor7888-7: 2313 886 322 135 57 23 10 4 1 
Survivor7932-14: 2395 958 307 132 57 23 10 4 1 
Survivor8040-30: 2360 908 300 135 57 23 10 4 1 
Survivor8134-23: 2253 948 298 133 57 23 10 4 1 
Survivor8212-28: 2410 984 299 134 58 24 11 5 1 
Survivor8230-45: 2423 986 298 135 57 23 10 4 1 
Survivor8335-10: 2366 976 289 135 57 23 10 4 1 
Survivor8337-28: 2314 888 323 135 57 23 10 4 1 
Survivor8394-40: 2373 906 308 135 57 23 10 4 1 
Survivor8801-33: 2337 1001 310 133 57 23 10 4 1 
Survivor9321-12: 2385 953 300 135 57 23 10 4 1 
Survivor9355-2: 2406 971 313 132 57 23 10 4 1 
Survivor9426-20: 2351 993 299 135 57 23 10 4 1 
Survivor9496-35: 2405 991 301 134 58 24 11 5 1 
Survivor9615-18: 2346 926 294 133 57 23 10 4 1 
Survivor9861-7: 2401 993 299 135 57 23 10 4 1 
Survivor9977-39: 2397 983 303 134 58 24 11 5 1 
Survivor10010-16: 2387 961 299 135 57 23 10 4 1 
Survivor10070-26: 2395 1003 301 135 57 23 10 4 1 
Survivor10103-19: 2587 984 314 133 57 23 10 4 1 
Survivor10314-5: 2409 975 301 132 57 23 10 4 1 
Survivor10348-25: 2350 937 294 133 57 23 10 4 1 
Survivor10372-40: 2443 974 308 135 57 23 10 4 1 
Survivor10420-11: 2364 925 291 133 57 23 10 4 1 
Survivor10499-11: 2416 995 300 135 57 23 10 4 1 
Survivor10518-30: 2458 1011 302 133 57 23 10 4 1 
Survivor10650-30: 2336 930 287 133 57 23 10 4 1 
Survivor11295-22: 2372 967 310 135 57 23 10 4 1 
Survivor11400-22: 2499 995 298 135 57 23 10 4 1 
Survivor11679-15: 2303 932 291 133 57 23 10 4 1 
Survivor11873-15: 2338 991 300 135 57 23 10 4 1 
Survivor12181-22: 2310 925 300 135 57 23 10 4 1 
Survivor12361-15: 2436 973 295 133 57 23 10 4 1 
Survivor12385-40: 2418 988 300 135 57 23 10 4 1 
Survivor12559-9: 2389 966 311 135 57 23 10 4 1 
Survivor13118-26: 2444 989 278 132 57 23 10 4 1 
Survivor13413-4: 2315 926 294 133 57 23 10 4 1 
Survivor13638-21: 2433 968 306 133 57 23 10 4 1 
Survivor14323-15: 2442 986 300 135 57 23 10 4 1 
Survivor14858-46: 2373 964 297 135 57 23 10 4 1 
Survivor14997-41: 2444 987 303 134 58 24 11 5 1 
Survivor15217-2: 2452 1004 300 135 57 23 10 4 1 
Survivor15269-37: 2430 995 301 135 57 23 10 4 1 
Survivor16165-12: 2345 973 306 132 57 23 10 4 1 
Survivor16173-43: 2414 984 322 135 57 23 10 4 1 
Survivor16950-21: 2432 953 300 135 57 23 10 4 1 
Survivor17436-47: 2406 967 306 133 57 23 10 4 1 
Survivor17580-20: 2355 961 306 132 57 23 10 4 1 
Survivor18975-32: 2366 1005 301 132 57 23 10 4 1 
Survivor19344-3: 2354 969 309 121 57 23 10 4 1 
Survivor20496-49: 2642 1003 317 133 57 23 10 4 1 
Survivor21002-36: 2397 971 299 133 57 23 10 4 1 
LevyChild21423-23: 2356 1006 299 135 57 23 10 4 1 
Survivor21767-23: 2467 1019 301 135 57 23 10 4 1 
